Details of the solution:
route 0, node_num 6, cost 1360.674000, nodes: 0(120000.00, 120000.00) 187 794 415 969 0(22809.00, 22809.00)
route 1, node_num 6, cost 1324.876000, nodes: 0(120000.00, 120000.00) 383 270 169 36 0(25366.00, 25366.00)
route 2, node_num 7, cost 1325.660000, nodes: 0(120000.00, 120000.00) 225 850 184 577 619 0(25310.00, 25310.00)
route 3, node_num 5, cost 1570.240000, nodes: 0(120000.00, 120000.00) 533 271 510 0(7840.00, 7840.00)
route 4, node_num 6, cost 1664.502000, nodes: 0(120000.00, 120000.00) 946 1311(60842.00, 88842.00) 413 30 0(29107.00, 29107.00)
route 5, node_num 7, cost 1969.058000, nodes: 0(120000.00, 120000.00) 351 948 119 393 1318(1777.00, 22424.00) 0(0.00, 0.00)
route 6, node_num 8, cost 1922.466000, nodes: 0(120000.00, 120000.00) 315 46 810 107 471 1110(14481.00, 31800.00) 0(0.00, 0.00)
route 7, node_num 8, cost 1156.932000, nodes: 0(120000.00, 120000.00) 731 434 659 986 761 154 0(37362.00, 37362.00)
route 8, node_num 6, cost 1186.542000, nodes: 0(120000.00, 120000.00) 540 622 578 275 0(35247.00, 35247.00)
route 9, node_num 8, cost 1693.216000, nodes: 0(120000.00, 120000.00) 841 82 854 126 598 1261(31049.00, 31993.00) 0(0.00, 0.00)
route 10, node_num 8, cost 1723.652000, nodes: 0(120000.00, 120000.00) 963 218 55 644 509 1040(19497.00, 22615.00) 0(0.00, 0.00)
route 11, node_num 6, cost 1667.036000, nodes: 0(120000.00, 120000.00) 200 567 461 1192(23683.00, 23683.00) 0(926.00, 926.00)
route 12, node_num 5, cost 1448.006000, nodes: 0(120000.00, 120000.00) 658 152 790 0(16571.00, 16571.00)
route 13, node_num 7, cost 1657.138000, nodes: 0(120000.00, 120000.00) 615 657 712 560 1075(19158.00, 19158.00) 0(1633.00, 1633.00)
route 14, node_num 7, cost 985.152000, nodes: 0(120000.00, 120000.00) 326 551 349 914 670 0(49632.00, 49632.00)
route 15, node_num 5, cost 1287.356000, nodes: 0(120000.00, 120000.00) 717 17 970 0(28046.00, 28046.00)
route 16, node_num 7, cost 946.834000, nodes: 0(120000.00, 120000.00) 199 556 258 980 960 0(52369.00, 52369.00)
route 17, node_num 7, cost 1175.062000, nodes: 0(120000.00, 120000.00) 764 524 806 651 883 0(36067.00, 36067.00)
route 18, node_num 4, cost 837.102000, nodes: 0(120000.00, 120000.00) 214 656 0(60207.00, 60207.00)
route 19, node_num 7, cost 1448.482000, nodes: 0(120000.00, 120000.00) 736 844 297 188 661 0(16537.00, 16537.00)
route 20, node_num 4, cost 612.192000, nodes: 0(120000.00, 120000.00) 390 459 0(76272.00, 76272.00)
route 21, node_num 5, cost 1278.298000, nodes: 0(120000.00, 120000.00) 535 163 785 0(28693.00, 28693.00)
route 22, node_num 7, cost 1905.568000, nodes: 0(120000.00, 120000.00) 596 812 141 1139(38392.00, 54504.00) 569 0(0.00, 0.00)
route 23, node_num 4, cost 1370.222000, nodes: 0(120000.00, 120000.00) 487 675 0(22127.00, 22127.00)
route 24, node_num 7, cost 1731.702000, nodes: 0(120000.00, 120000.00) 472 655 877 457 1219(20021.00, 23714.00) 0(0.00, 0.00)
route 25, node_num 6, cost 1558.410000, nodes: 0(120000.00, 120000.00) 185 104 604 323 0(8685.00, 8685.00)
route 26, node_num 8, cost 1284.612000, nodes: 0(120000.00, 120000.00) 896 501 879 324 343 462 0(28242.00, 28242.00)
route 27, node_num 6, cost 1294.776000, nodes: 0(120000.00, 120000.00) 757 771 908 374 0(27516.00, 27516.00)
route 28, node_num 4, cost 527.156000, nodes: 0(120000.00, 120000.00) 826 936 0(82346.00, 82346.00)
route 29, node_num 7, cost 1702.246000, nodes: 0(120000.00, 120000.00) 1327(86514.00, 120000.00) 347 144 911 72 0(31897.00, 31897.00)
route 30, node_num 7, cost 1330.574000, nodes: 0(120000.00, 120000.00) 259 69 447 681 744 0(24959.00, 24959.00)
route 31, node_num 6, cost 1678.810000, nodes: 0(120000.00, 120000.00) 672 815 495 123 0(85.00, 85.00)
route 32, node_num 8, cost 1762.950000, nodes: 0(120000.00, 120000.00) 1027(86514.00, 102514.00) 255 63 334 740 962 0(10075.00, 10075.00)
route 33, node_num 7, cost 1337.714000, nodes: 0(120000.00, 120000.00) 847 698 999 664 827 0(24449.00, 24449.00)
route 34, node_num 6, cost 810.922000, nodes: 0(120000.00, 120000.00) 289 490 964 855 0(62077.00, 62077.00)
route 35, node_num 6, cost 1389.220000, nodes: 0(120000.00, 120000.00) 328 309 227 171 0(20770.00, 20770.00)
route 36, node_num 7, cost 1417.934000, nodes: 0(120000.00, 120000.00) 233 532 11 220 791 0(18719.00, 18719.00)
route 37, node_num 6, cost 1269.282000, nodes: 0(120000.00, 120000.00) 75 929 873 965 0(29337.00, 29337.00)
route 38, node_num 5, cost 1608.068000, nodes: 0(120000.00, 120000.00) 868 770 128 0(5138.00, 5138.00)
route 39, node_num 8, cost 1826.846000, nodes: 0(120000.00, 120000.00) 801 298 213 207 219 1221(18204.00, 28693.00) 0(0.00, 0.00)
route 40, node_num 5, cost 1497.860000, nodes: 0(120000.00, 120000.00) 102 846 402 0(13010.00, 13010.00)
route 41, node_num 6, cost 1599.906000, nodes: 0(120000.00, 120000.00) 401 429 852 620 0(5721.00, 5721.00)
route 42, node_num 7, cost 1802.570000, nodes: 0(120000.00, 120000.00) 667 29 775 572 1094(23641.00, 32396.00) 0(0.00, 0.00)
route 43, node_num 6, cost 1665.916000, nodes: 0(120000.00, 120000.00) 710 729 928 1096(26491.00, 26491.00) 0(1006.00, 1006.00)
route 44, node_num 4, cost 1297.296000, nodes: 0(120000.00, 120000.00) 923 673 0(27336.00, 27336.00)
route 45, node_num 7, cost 1452.808000, nodes: 0(120000.00, 120000.00) 686 283 488 865 755 0(16228.00, 16228.00)
route 46, node_num 7, cost 1224.944000, nodes: 0(120000.00, 120000.00) 320 983 136 95 91 0(32504.00, 32504.00)
route 47, node_num 7, cost 1617.938000, nodes: 0(120000.00, 120000.00) 363 300 370 456 763 0(4433.00, 4433.00)
route 48, node_num 4, cost 1330.504000, nodes: 0(120000.00, 120000.00) 599 802 0(24964.00, 24964.00)
route 49, node_num 5, cost 1068.186000, nodes: 0(120000.00, 120000.00) 497 522 746 0(43701.00, 43701.00)
route 50, node_num 6, cost 1699.026000, nodes: 0(120000.00, 120000.00) 998 626 1127(40344.00, 41703.00) 536 0(0.00, 0.00)
route 51, node_num 8, cost 1939.896000, nodes: 0(120000.00, 120000.00) 379 240 561 443 571 1396(6921.00, 25485.00) 0(0.00, 0.00)
route 52, node_num 6, cost 1515.052000, nodes: 0(120000.00, 120000.00) 829 628 803 624 0(11782.00, 11782.00)
route 53, node_num 5, cost 1053.066000, nodes: 0(120000.00, 120000.00) 594 149 997 0(44781.00, 44781.00)
route 54, node_num 5, cost 1472.716000, nodes: 0(120000.00, 120000.00) 31 127 637 0(14806.00, 14806.00)
route 55, node_num 4, cost 1146.712000, nodes: 0(120000.00, 120000.00) 728 629 0(38092.00, 38092.00)
route 56, node_num 7, cost 1585.948000, nodes: 0(120000.00, 120000.00) 727 327 387 697 319 0(6718.00, 6718.00)
route 57, node_num 8, cost 850.360000, nodes: 0(120000.00, 120000.00) 132 235 568 690 944 50 0(59260.00, 59260.00)
route 58, node_num 5, cost 1120.840000, nodes: 0(120000.00, 120000.00) 679 56 748 0(39940.00, 39940.00)
route 59, node_num 8, cost 1369.116000, nodes: 0(120000.00, 120000.00) 412 512 792 282 228 590 0(22206.00, 22206.00)
route 60, node_num 5, cost 1570.660000, nodes: 0(120000.00, 120000.00) 148 957 891 0(7810.00, 7810.00)
route 61, node_num 7, cost 1956.654000, nodes: 0(120000.00, 120000.00) 473 316 359 100 1171(16788.00, 36549.00) 0(0.00, 0.00)
route 62, node_num 7, cost 1729.602000, nodes: 0(120000.00, 120000.00) 432 466 617 172 1294(28853.00, 32396.00) 0(0.00, 0.00)
route 63, node_num 6, cost 520.576000, nodes: 0(120000.00, 120000.00) 167 975 94 813 0(82816.00, 82816.00)
route 64, node_num 7, cost 1321.684000, nodes: 0(120000.00, 120000.00) 411 280 386 652 805 0(25594.00, 25594.00)
route 65, node_num 6, cost 1569.960000, nodes: 0(120000.00, 120000.00) 592 165 705 85 0(7860.00, 7860.00)
route 66, node_num 4, cost 1323.028000, nodes: 0(120000.00, 120000.00) 441 15 0(25498.00, 25498.00)
route 67, node_num 8, cost 1185.450000, nodes: 0(120000.00, 120000.00) 479 484 470 818 37 642 0(35325.00, 35325.00)
route 68, node_num 7, cost 895.748000, nodes: 0(120000.00, 120000.00) 502 916 239 47 32 0(56018.00, 56018.00)
route 69, node_num 7, cost 427.770000, nodes: 0(120000.00, 120000.00) 910 179 344 417 584 0(89445.00, 89445.00)
route 70, node_num 5, cost 1327.788000, nodes: 0(120000.00, 120000.00) 516 714 843 0(25158.00, 25158.00)
route 71, node_num 7, cost 1670.872000, nodes: 0(120000.00, 120000.00) 248 1369(82966.00, 82966.00) 98 893 881 0(652.00, 652.00)
route 72, node_num 8, cost 707.980000, nodes: 0(120000.00, 120000.00) 719 40 226 111 124 782 0(69430.00, 69430.00)
route 73, node_num 7, cost 1708.952000, nodes: 0(120000.00, 120000.00) 41 931 793 1142(56660.00, 58728.00) 517 0(0.00, 0.00)
route 74, node_num 6, cost 1519.266000, nodes: 0(120000.00, 120000.00) 565 303 866 423 0(11481.00, 11481.00)
route 75, node_num 4, cost 1476.342000, nodes: 0(120000.00, 120000.00) 140 538 0(14547.00, 14547.00)
route 76, node_num 5, cost 982.576000, nodes: 0(120000.00, 120000.00) 817 899 733 0(49816.00, 49816.00)
route 77, node_num 6, cost 1504.888000, nodes: 0(120000.00, 120000.00) 261 665 491 943 0(12508.00, 12508.00)
route 78, node_num 7, cost 1790.026000, nodes: 0(120000.00, 120000.00) 1112(72845.00, 80704.00) 586 8 116 80 0(0.00, 0.00)
route 79, node_num 6, cost 1574.832000, nodes: 0(120000.00, 120000.00) 360 582 58 607 0(7512.00, 7512.00)
route 80, node_num 5, cost 723.940000, nodes: 0(120000.00, 120000.00) 627 683 762 0(68290.00, 68290.00)
route 81, node_num 7, cost 1235.178000, nodes: 0(120000.00, 120000.00) 157 496 254 819 458 0(31773.00, 31773.00)
route 82, node_num 8, cost 1341.858000, nodes: 0(120000.00, 120000.00) 285 437 313 976 990 871 0(24153.00, 24153.00)
route 83, node_num 4, cost 1646.988000, nodes: 0(120000.00, 120000.00) 304 858 0(2358.00, 2358.00)
route 84, node_num 5, cost 1274.392000, nodes: 0(120000.00, 120000.00) 993 725 454 0(28972.00, 28972.00)
route 85, node_num 7, cost 1187.312000, nodes: 0(120000.00, 120000.00) 373 263 751 778 816 0(35192.00, 35192.00)
route 86, node_num 5, cost 1631.000000, nodes: 0(120000.00, 120000.00) 526 643 43 0(3500.00, 3500.00)
route 87, node_num 8, cost 1764.910000, nodes: 0(120000.00, 120000.00) 250 583 759 467 739 1394(26331.00, 32396.00) 0(0.00, 0.00)
route 88, node_num 5, cost 833.322000, nodes: 0(120000.00, 120000.00) 272 994 753 0(60477.00, 60477.00)
route 89, node_num 3, cost 1598.268000, nodes: 0(120000.00, 120000.00) 738 0(5838.00, 5838.00)
route 90, node_num 6, cost 1935.752000, nodes: 0(120000.00, 120000.00) 307 585 926 1244(15176.00, 33444.00) 0(0.00, 0.00)
route 91, node_num 5, cost 728.980000, nodes: 0(120000.00, 120000.00) 950 809 106 0(67930.00, 67930.00)
route 92, node_num 6, cost 1290.296000, nodes: 0(120000.00, 120000.00) 138 49 760 181 0(27836.00, 27836.00)
route 93, node_num 6, cost 1838.662000, nodes: 0(120000.00, 120000.00) 1042(58613.00, 69946.00) 597 463 696 0(0.00, 0.00)
route 94, node_num 5, cost 1482.250000, nodes: 0(120000.00, 120000.00) 606 139 952 0(14125.00, 14125.00)
route 95, node_num 5, cost 1476.370000, nodes: 0(120000.00, 120000.00) 613 605 478 0(14545.00, 14545.00)
route 96, node_num 8, cost 1875.972000, nodes: 0(120000.00, 120000.00) 1 783 773 527 290 1017(12046.00, 26044.00) 0(0.00, 0.00)
route 97, node_num 4, cost 1435.924000, nodes: 0(120000.00, 120000.00) 700 862 0(17434.00, 17434.00)
route 98, node_num 5, cost 1628.018000, nodes: 0(120000.00, 120000.00) 688 715 845 0(3713.00, 3713.00)
route 99, node_num 7, cost 2206.554000, nodes: 0(120000.00, 120000.00) 937 562 202 177 1389(2576.00, 40187.00) 0(0.00, 0.00)
route 100, node_num 5, cost 1305.990000, nodes: 0(120000.00, 120000.00) 322 548 38 0(26715.00, 26715.00)
route 101, node_num 5, cost 1602.496000, nodes: 0(120000.00, 120000.00) 10 890 988 0(5536.00, 5536.00)
route 102, node_num 7, cost 1371.804000, nodes: 0(120000.00, 120000.00) 296 278 197 425 872 0(22014.00, 22014.00)
route 103, node_num 6, cost 1895.138000, nodes: 0(120000.00, 120000.00) 230 747 269 1212(30921.00, 46288.00) 0(0.00, 0.00)
route 104, node_num 7, cost 1168.832000, nodes: 0(120000.00, 120000.00) 743 35 545 645 767 0(36512.00, 36512.00)
route 105, node_num 7, cost 1080.282000, nodes: 0(120000.00, 120000.00) 150 649 24 369 519 0(42837.00, 42837.00)
route 106, node_num 6, cost 1665.930000, nodes: 0(120000.00, 120000.00) 842 90 317 925 0(1005.00, 1005.00)
route 107, node_num 6, cost 1161.118000, nodes: 0(120000.00, 120000.00) 231 546 403 750 0(37063.00, 37063.00)
route 108, node_num 5, cost 911.722000, nodes: 0(120000.00, 120000.00) 409 513 74 0(54877.00, 54877.00)
route 109, node_num 6, cost 852.320000, nodes: 0(120000.00, 120000.00) 489 777 724 800 0(59120.00, 59120.00)
route 110, node_num 7, cost 1693.272000, nodes: 0(120000.00, 120000.00) 885 1186(89257.00, 101257.00) 921 718 452 0(11052.00, 11052.00)
route 111, node_num 4, cost 1305.304000, nodes: 0(120000.00, 120000.00) 669 897 0(26764.00, 26764.00)
route 112, node_num 7, cost 1816.458000, nodes: 0(120000.00, 120000.00) 483 798 6 869 1125(14380.00, 24127.00) 0(0.00, 0.00)
route 113, node_num 6, cost 298.452000, nodes: 0(120000.00, 120000.00) 222 265 981 500 0(98682.00, 98682.00)
route 114, node_num 6, cost 1510.754000, nodes: 0(120000.00, 120000.00) 311 955 966 73 0(12089.00, 12089.00)
route 115, node_num 5, cost 667.114000, nodes: 0(120000.00, 120000.00) 366 427 808 0(72349.00, 72349.00)
route 116, node_num 8, cost 1867.026000, nodes: 0(120000.00, 120000.00) 593 194 439 348 614 1072(24086.00, 37445.00) 0(0.00, 0.00)
route 117, node_num 5, cost 1420.482000, nodes: 0(120000.00, 120000.00) 365 870 889 0(18537.00, 18537.00)
route 118, node_num 8, cost 1231.986000, nodes: 0(120000.00, 120000.00) 734 208 122 147 338 959 0(32001.00, 32001.00)
route 119, node_num 6, cost 1322.650000, nodes: 0(120000.00, 120000.00) 210 446 814 78 0(25525.00, 25525.00)
route 120, node_num 6, cost 1367.254000, nodes: 0(120000.00, 120000.00) 361 291 689 723 0(22339.00, 22339.00)
route 121, node_num 8, cost 827.568000, nodes: 0(120000.00, 120000.00) 158 570 559 789 788 927 0(60888.00, 60888.00)
route 122, node_num 6, cost 392.350000, nodes: 0(120000.00, 120000.00) 935 279 909 485 0(91975.00, 91975.00)
route 123, node_num 8, cost 1705.844000, nodes: 0(120000.00, 120000.00) 1188(75285.00, 77131.00) 493 377 292 13 381 0(0.00, 0.00)
route 124, node_num 7, cost 1569.904000, nodes: 0(120000.00, 120000.00) 765 243 564 302 281 0(7864.00, 7864.00)
route 125, node_num 6, cost 857.514000, nodes: 0(120000.00, 120000.00) 528 508 713 287 0(58749.00, 58749.00)
route 126, node_num 8, cost 1762.908000, nodes: 0(120000.00, 120000.00) 1104(80936.00, 86858.00) 610 884 145 253 961 0(0.00, 0.00)
route 127, node_num 7, cost 1735.398000, nodes: 0(120000.00, 120000.00) 408 537 603 600 1375(13568.00, 17525.00) 0(0.00, 0.00)
route 128, node_num 6, cost 1629.516000, nodes: 0(120000.00, 120000.00) 70 162 848 867 0(3606.00, 3606.00)
route 129, node_num 6, cost 1907.570000, nodes: 0(120000.00, 120000.00) 113 804 68 1061(15738.00, 31993.00) 0(0.00, 0.00)
route 130, node_num 7, cost 1031.954000, nodes: 0(120000.00, 120000.00) 706 399 299 20 758 0(46289.00, 46289.00)
route 131, node_num 5, cost 1678.530000, nodes: 0(120000.00, 120000.00) 631 264 1000 0(105.00, 105.00)
route 132, node_num 8, cost 675.374000, nodes: 0(120000.00, 120000.00) 242 650 372 333 634 692 0(71759.00, 71759.00)
route 133, node_num 6, cost 1324.582000, nodes: 0(120000.00, 120000.00) 368 353 221 39 0(25387.00, 25387.00)
route 134, node_num 7, cost 1949.192000, nodes: 0(120000.00, 120000.00) 695 455 318 1030(5852.00, 25080.00) 435 0(0.00, 0.00)
route 135, node_num 5, cost 1347.430000, nodes: 0(120000.00, 120000.00) 166 191 835 0(23755.00, 23755.00)
route 136, node_num 5, cost 812.350000, nodes: 0(120000.00, 120000.00) 391 822 223 0(61975.00, 61975.00)
route 137, node_num 7, cost 1666.924000, nodes: 0(120000.00, 120000.00) 201 350 101 115 308 0(934.00, 934.00)
route 138, node_num 8, cost 1865.164000, nodes: 0(120000.00, 120000.00) 306 268 426 576 476 1119(10488.00, 23714.00) 0(0.00, 0.00)
route 139, node_num 6, cost 1454.432000, nodes: 0(120000.00, 120000.00) 930 772 404 205 0(16112.00, 16112.00)
route 140, node_num 7, cost 1768.704000, nodes: 0(120000.00, 120000.00) 1353(82481.00, 88817.00) 88 341 352 954 0(0.00, 0.00)
route 141, node_num 5, cost 1582.756000, nodes: 0(120000.00, 120000.00) 735 245 155 0(6946.00, 6946.00)
route 142, node_num 8, cost 1073.478000, nodes: 0(120000.00, 120000.00) 310 749 286 539 382 900 0(43323.00, 43323.00)
route 143, node_num 6, cost 1414.560000, nodes: 0(120000.00, 120000.00) 251 638 367 267 0(18960.00, 18960.00)
route 144, node_num 8, cost 1027.306000, nodes: 0(120000.00, 120000.00) 903 486 557 880 329 118 0(46621.00, 46621.00)
route 145, node_num 7, cost 705.740000, nodes: 0(120000.00, 120000.00) 357 120 469 832 918 0(69590.00, 69590.00)
route 146, node_num 7, cost 1275.624000, nodes: 0(120000.00, 120000.00) 566 335 42 288 137 0(28884.00, 28884.00)
route 147, node_num 6, cost 1479.954000, nodes: 0(120000.00, 120000.00) 504 824 894 941 0(14289.00, 14289.00)
route 148, node_num 6, cost 1622.810000, nodes: 0(120000.00, 120000.00) 1289(78600.00, 78600.00) 392 67 16 0(4085.00, 4085.00)
route 149, node_num 5, cost 1063.832000, nodes: 0(120000.00, 120000.00) 77 574 737 0(44012.00, 44012.00)
route 150, node_num 5, cost 1540.308000, nodes: 0(120000.00, 120000.00) 799 87 339 0(9978.00, 9978.00)
route 151, node_num 8, cost 1758.204000, nodes: 0(120000.00, 120000.00) 924 130 193 215 973 1175(11939.00, 17525.00) 0(0.00, 0.00)
route 152, node_num 7, cost 1604.288000, nodes: 0(120000.00, 120000.00) 170 892 945 498 237 0(5408.00, 5408.00)
route 153, node_num 6, cost 774.620000, nodes: 0(120000.00, 120000.00) 86 34 246 616 0(64670.00, 64670.00)
route 154, node_num 8, cost 857.892000, nodes: 0(120000.00, 120000.00) 173 190 312 211 168 940 0(58722.00, 58722.00)
route 155, node_num 8, cost 1706.110000, nodes: 0(120000.00, 120000.00) 14 159 580 477 505 1275(15660.00, 17525.00) 0(0.00, 0.00)
route 156, node_num 7, cost 1607.984000, nodes: 0(120000.00, 120000.00) 257 266 407 849 989 0(5144.00, 5144.00)
route 157, node_num 4, cost 1535.618000, nodes: 0(120000.00, 120000.00) 834 547 0(10313.00, 10313.00)
route 158, node_num 7, cost 1598.394000, nodes: 0(120000.00, 120000.00) 839 874 18 828 1312(52117.00, 52117.00) 0(5829.00, 5829.00)
route 159, node_num 7, cost 1853.964000, nodes: 0(120000.00, 120000.00) 51 653 22 552 1208(1900.00, 14326.00) 0(0.00, 0.00)
route 160, node_num 6, cost 1385.048000, nodes: 0(120000.00, 120000.00) 674 521 694 573 0(21068.00, 21068.00)
route 161, node_num 6, cost 1548.526000, nodes: 0(120000.00, 120000.00) 189 375 277 721 0(9391.00, 9391.00)
route 162, node_num 7, cost 1659.854000, nodes: 0(120000.00, 120000.00) 992 421 424 595 543 0(1439.00, 1439.00)
route 163, node_num 5, cost 1143.926000, nodes: 0(120000.00, 120000.00) 83 25 364 0(38291.00, 38291.00)
route 164, node_num 7, cost 1778.406000, nodes: 0(120000.00, 120000.00) 915 1053(75857.00, 82886.00) 385 951 23 0(0.00, 0.00)
route 165, node_num 8, cost 1804.810000, nodes: 0(120000.00, 120000.00) 468 541 4 232 703 1296(16570.00, 25485.00) 0(0.00, 0.00)
route 166, node_num 8, cost 1296.610000, nodes: 0(120000.00, 120000.00) 442 416 337 445 901 274 0(27385.00, 27385.00)
route 167, node_num 7, cost 1985.284000, nodes: 0(120000.00, 120000.00) 939 563 1190(57104.00, 78910.00) 623 241 0(0.00, 0.00)
route 168, node_num 6, cost 627.998000, nodes: 0(120000.00, 120000.00) 555 160 284 325 0(75143.00, 75143.00)
route 169, node_num 6, cost 996.548000, nodes: 0(120000.00, 120000.00) 968 482 776 238 0(48818.00, 48818.00)
route 170, node_num 6, cost 1402.394000, nodes: 0(120000.00, 120000.00) 192 236 786 523 0(19829.00, 19829.00)
route 171, node_num 6, cost 1229.382000, nodes: 0(120000.00, 120000.00) 89 958 587 579 0(32187.00, 32187.00)
route 172, node_num 6, cost 1960.098000, nodes: 0(120000.00, 120000.00) 1168(95394.00, 115401.00) 687 5 996 0(0.00, 0.00)
route 173, node_num 6, cost 1575.714000, nodes: 0(120000.00, 120000.00) 618 860 654 203 0(7449.00, 7449.00)
route 174, node_num 8, cost 1730.904000, nodes: 0(120000.00, 120000.00) 979 611 831 112 864 1207(25794.00, 29430.00) 0(0.00, 0.00)
route 175, node_num 7, cost 1565.382000, nodes: 0(120000.00, 120000.00) 581 685 887 756 635 0(8187.00, 8187.00)
route 176, node_num 7, cost 956.368000, nodes: 0(120000.00, 120000.00) 397 514 164 726 336 0(51688.00, 51688.00)
route 177, node_num 5, cost 958.762000, nodes: 0(120000.00, 120000.00) 953 702 93 0(51517.00, 51517.00)
route 178, node_num 6, cost 1444.884000, nodes: 0(120000.00, 120000.00) 45 602 506 807 0(16794.00, 16794.00)
route 179, node_num 4, cost 1064.420000, nodes: 0(120000.00, 120000.00) 244 711 0(43970.00, 43970.00)
route 180, node_num 6, cost 1501.500000, nodes: 0(120000.00, 120000.00) 684 913 639 161 0(12750.00, 12750.00)
route 181, node_num 5, cost 1864.548000, nodes: 0(120000.00, 120000.00) 1342(58613.00, 71795.00) 985 857 0(0.00, 0.00)
route 182, node_num 6, cost 1637.538000, nodes: 0(120000.00, 120000.00) 876 61 64 730 0(3033.00, 3033.00)
route 183, node_num 6, cost 640.416000, nodes: 0(120000.00, 120000.00) 321 355 121 589 0(74256.00, 74256.00)
route 184, node_num 5, cost 1782.452000, nodes: 0(120000.00, 120000.00) 1039(67416.00, 74734.00) 754 125 0(0.00, 0.00)
route 185, node_num 6, cost 1836.940000, nodes: 0(120000.00, 120000.00) 1268(95394.00, 106604.00) 863 647 716 0(0.00, 0.00)
route 186, node_num 5, cost 1123.444000, nodes: 0(120000.00, 120000.00) 273 708 741 0(39754.00, 39754.00)
route 187, node_num 7, cost 1778.672000, nodes: 0(120000.00, 120000.00) 430 9 440 53 1025(17079.00, 24127.00) 0(0.00, 0.00)
route 188, node_num 8, cost 1314.530000, nodes: 0(120000.00, 120000.00) 212 12 59 216 553 294 0(26105.00, 26105.00)
route 189, node_num 7, cost 1472.660000, nodes: 0(120000.00, 120000.00) 400 796 103 48 987 0(14810.00, 14810.00)
route 190, node_num 5, cost 1486.506000, nodes: 0(120000.00, 120000.00) 262 904 774 0(13821.00, 13821.00)
route 191, node_num 5, cost 945.714000, nodes: 0(120000.00, 120000.00) 949 531 33 0(52449.00, 52449.00)
route 192, node_num 4, cost 1021.356000, nodes: 0(120000.00, 120000.00) 492 676 0(47046.00, 47046.00)
route 193, node_num 8, cost 1393.812000, nodes: 0(120000.00, 120000.00) 475 907 449 978 420 354 0(20442.00, 20442.00)
route 194, node_num 7, cost 1495.942000, nodes: 0(120000.00, 120000.00) 838 71 330 62 60 0(13147.00, 13147.00)
route 195, node_num 7, cost 622.916000, nodes: 0(120000.00, 120000.00) 984 229 641 550 784 0(75506.00, 75506.00)
route 196, node_num 5, cost 1390.732000, nodes: 0(120000.00, 120000.00) 549 503 180 0(20662.00, 20662.00)
route 197, node_num 7, cost 1216.138000, nodes: 0(120000.00, 120000.00) 853 558 680 26 410 0(33133.00, 33133.00)
route 198, node_num 6, cost 1637.244000, nodes: 0(120000.00, 120000.00) 933 856 888 830 0(3054.00, 3054.00)
route 199, node_num 6, cost 1062.572000, nodes: 0(120000.00, 120000.00) 465 444 906 7 0(44102.00, 44102.00)
route 200, node_num 8, cost 1528.716000, nodes: 0(120000.00, 120000.00) 460 52 418 340 448 934 0(10806.00, 10806.00)
route 201, node_num 5, cost 1451.436000, nodes: 0(120000.00, 120000.00) 682 515 781 0(16326.00, 16326.00)
route 202, node_num 4, cost 1598.072000, nodes: 0(120000.00, 120000.00) 260 301 0(5852.00, 5852.00)
route 203, node_num 7, cost 1733.802000, nodes: 0(120000.00, 120000.00) 356 209 821 967 1361(28150.00, 31993.00) 0(0.00, 0.00)
route 204, node_num 6, cost 1030.722000, nodes: 0(120000.00, 120000.00) 57 176 588 494 0(46377.00, 46377.00)
route 205, node_num 5, cost 1083.572000, nodes: 0(120000.00, 120000.00) 895 295 206 0(42602.00, 42602.00)
route 206, node_num 4, cost 1320.984000, nodes: 0(120000.00, 120000.00) 621 92 0(25644.00, 25644.00)
route 207, node_num 7, cost 1804.838000, nodes: 0(120000.00, 120000.00) 182 384 811 766 1012(37371.00, 46288.00) 0(0.00, 0.00)
route 208, node_num 7, cost 998.480000, nodes: 0(120000.00, 120000.00) 633 453 96 422 991 0(48680.00, 48680.00)
route 209, node_num 8, cost 1760.864000, nodes: 0(120000.00, 120000.00) 153 27 722 971 143 1107(23654.00, 29430.00) 0(0.00, 0.00)
route 210, node_num 7, cost 1723.358000, nodes: 0(120000.00, 120000.00) 752 601 332 28 1225(21030.00, 24127.00) 0(0.00, 0.00)
route 211, node_num 4, cost 1489.278000, nodes: 0(120000.00, 120000.00) 388 612 0(13623.00, 13623.00)
route 212, node_num 5, cost 1522.822000, nodes: 0(120000.00, 120000.00) 666 499 902 0(11227.00, 11227.00)
route 213, node_num 7, cost 940.660000, nodes: 0(120000.00, 120000.00) 146 305 520 134 956 0(52810.00, 52810.00)
route 214, node_num 8, cost 1107.470000, nodes: 0(120000.00, 120000.00) 480 982 609 625 662 109 0(40895.00, 40895.00)
route 215, node_num 4, cost 905.450000, nodes: 0(120000.00, 120000.00) 932 704 0(55325.00, 55325.00)
route 216, node_num 4, cost 468.734000, nodes: 0(120000.00, 120000.00) 44 878 0(86519.00, 86519.00)
route 217, node_num 5, cost 1320.130000, nodes: 0(120000.00, 120000.00) 825 21 859 0(25705.00, 25705.00)
route 218, node_num 5, cost 1565.242000, nodes: 0(120000.00, 120000.00) 79 117 97 0(8197.00, 8197.00)
route 219, node_num 4, cost 1331.862000, nodes: 0(120000.00, 120000.00) 660 114 0(24867.00, 24867.00)
route 220, node_num 8, cost 1673.308000, nodes: 0(120000.00, 120000.00) 787 156 99 414 646 1031(30860.00, 30860.00) 0(478.00, 478.00)
route 221, node_num 5, cost 1735.496000, nodes: 0(120000.00, 120000.00) 378 922 1325(20163.00, 24127.00) 0(0.00, 0.00)
route 222, node_num 7, cost 1282.358000, nodes: 0(120000.00, 120000.00) 542 249 920 464 371 0(28403.00, 28403.00)
route 223, node_num 7, cost 1359.708000, nodes: 0(120000.00, 120000.00) 389 174 293 882 511 0(22878.00, 22878.00)
route 224, node_num 8, cost 1252.468000, nodes: 0(120000.00, 120000.00) 905 450 175 974 234 54 0(30538.00, 30538.00)
route 225, node_num 6, cost 1592.892000, nodes: 0(120000.00, 120000.00) 632 436 183 252 0(6222.00, 6222.00)
route 226, node_num 8, cost 1169.098000, nodes: 0(120000.00, 120000.00) 912 668 433 797 707 198 0(36493.00, 36493.00)
route 227, node_num 5, cost 1643.614000, nodes: 0(120000.00, 120000.00) 648 186 779 0(2599.00, 2599.00)
route 228, node_num 7, cost 1694.798000, nodes: 0(120000.00, 120000.00) 591 380 129 769 1098(54330.00, 55387.00) 0(0.00, 0.00)
route 229, node_num 5, cost 592.060000, nodes: 0(120000.00, 120000.00) 861 972 820 0(77710.00, 77710.00)
route 230, node_num 8, cost 822.360000, nodes: 0(120000.00, 120000.00) 529 886 195 575 837 428 0(61260.00, 61260.00)
route 231, node_num 6, cost 1663.018000, nodes: 0(120000.00, 120000.00) 346 919 745 1267(15891.00, 15891.00) 0(1213.00, 1213.00)
route 232, node_num 7, cost 1335.054000, nodes: 0(120000.00, 120000.00) 898 394 395 678 256 0(24639.00, 24639.00)
route 233, node_num 8, cost 960.932000, nodes: 0(120000.00, 120000.00) 780 742 178 451 419 474 0(51362.00, 51362.00)
route 234, node_num 7, cost 1570.338000, nodes: 0(120000.00, 120000.00) 677 81 224 151 398 0(7833.00, 7833.00)
route 235, node_num 5, cost 458.724000, nodes: 0(120000.00, 120000.00) 481 362 636 0(87234.00, 87234.00)
route 236, node_num 8, cost 1199.282000, nodes: 0(120000.00, 120000.00) 135 345 438 342 699 823 0(34337.00, 34337.00)
route 237, node_num 5, cost 1676.374000, nodes: 0(120000.00, 120000.00) 693 947 768 0(259.00, 259.00)
route 238, node_num 8, cost 1965.278000, nodes: 0(120000.00, 120000.00) 108 530 405 640 938 1161(11616.00, 31993.00) 0(0.00, 0.00)
route 239, node_num 7, cost 1624.616000, nodes: 0(120000.00, 120000.00) 247 518 671 358 709 0(3956.00, 3956.00)
route 240, node_num 8, cost 1951.502000, nodes: 0(120000.00, 120000.00) 917 110 66 133 732 1019(4321.00, 23714.00) 0(0.00, 0.00)
route 241, node_num 6, cost 1557.906000, nodes: 0(120000.00, 120000.00) 507 534 65 720 0(8721.00, 8721.00)
route 242, node_num 7, cost 1635.186000, nodes: 0(120000.00, 120000.00) 406 851 836 3 875 0(3201.00, 3201.00)
route 243, node_num 4, cost 1161.930000, nodes: 0(120000.00, 120000.00) 691 795 0(37005.00, 37005.00)
route 244, node_num 6, cost 371.602000, nodes: 0(120000.00, 120000.00) 431 663 376 396 0(93457.00, 93457.00)
route 245, node_num 7, cost 1947.498000, nodes: 0(120000.00, 120000.00) 142 196 833 105 1371(17442.00, 36549.00) 0(0.00, 0.00)
route 246, node_num 5, cost 1009.036000, nodes: 0(120000.00, 120000.00) 608 84 217 0(47926.00, 47926.00)
route 247, node_num 5, cost 362.376000, nodes: 0(120000.00, 120000.00) 942 525 630 0(94116.00, 94116.00)
route 248, node_num 4, cost 614.684000, nodes: 0(120000.00, 120000.00) 131 314 0(76094.00, 76094.00)
route 249, node_num 5, cost 1243.676000, nodes: 0(120000.00, 120000.00) 977 19 701 0(31166.00, 31166.00)
route 250, node_num 8, cost 1065.008000, nodes: 0(120000.00, 120000.00) 995 204 331 276 544 840 0(43928.00, 43928.00)
route 251, node_num 5, cost 363.216000, nodes: 0(120000.00, 120000.00) 76 554 2 0(94056.00, 94056.00)
vehicle (route) number: 252
Total cost: 420004.62
420004.62, 17381.99
