Details of the solution:
route 0, node_num 7, cost 1309.882000, nodes: 0(120000.00, 120000.00) 4 234 738 685 178 0(26437.00, 26437.00)
route 1, node_num 5, cost 1608.922000, nodes: 0(120000.00, 120000.00) 6 137 115 0(5077.00, 5077.00)
route 2, node_num 6, cost 1682.016000, nodes: 0(120000.00, 120000.00) 14 369 817 1110(43053.00, 43197.00) 0(0.00, 0.00)
route 3, node_num 7, cost 1667.330000, nodes: 0(120000.00, 120000.00) 17 417 560 505 1102(25032.00, 25032.00) 0(905.00, 905.00)
route 4, node_num 7, cost 1215.928000, nodes: 0(120000.00, 120000.00) 18 516 204 465 543 0(33148.00, 33148.00)
route 5, node_num 6, cost 2010.106000, nodes: 0(120000.00, 120000.00) 20 643 1168(52965.00, 76544.00) 245 0(0.00, 0.00)
route 6, node_num 6, cost 420.742000, nodes: 0(120000.00, 120000.00) 23 615 89 980 0(89947.00, 89947.00)
route 7, node_num 7, cost 846.230000, nodes: 0(120000.00, 120000.00) 31 585 491 636 48 0(59555.00, 59555.00)
route 8, node_num 8, cost 1489.670000, nodes: 0(120000.00, 120000.00) 35 744 472 562 212 1264(19956.00, 19956.00) 0(13595.00, 13595.00)
route 9, node_num 4, cost 1507.352000, nodes: 0(120000.00, 120000.00) 36 734 0(12332.00, 12332.00)
route 10, node_num 8, cost 813.848000, nodes: 0(120000.00, 120000.00) 38 44 130 745 200 479 0(61868.00, 61868.00)
route 11, node_num 3, cost 267.624000, nodes: 0(120000.00, 120000.00) 912 0(100884.00, 100884.00)
route 12, node_num 4, cost 1503.698000, nodes: 0(120000.00, 120000.00) 43 523 0(12593.00, 12593.00)
route 13, node_num 4, cost 1511.356000, nodes: 0(120000.00, 120000.00) 52 314 0(12046.00, 12046.00)
route 14, node_num 7, cost 1691.676000, nodes: 0(120000.00, 120000.00) 55 1016(93359.00, 94193.00) 913 853 512 0(0.00, 0.00)
route 15, node_num 8, cost 1136.324000, nodes: 0(120000.00, 120000.00) 58 349 454 950 940 1002(62961.00, 62961.00) 0(38834.00, 38834.00)
route 16, node_num 7, cost 1927.534000, nodes: 0(120000.00, 120000.00) 59 25 758 49 1236(15570.00, 33251.00) 0(0.00, 0.00)
route 17, node_num 6, cost 1275.568000, nodes: 0(120000.00, 120000.00) 62 339 462 735 0(28888.00, 28888.00)
route 18, node_num 5, cost 1295.238000, nodes: 0(120000.00, 120000.00) 64 556 606 0(27483.00, 27483.00)
route 19, node_num 7, cost 843.486000, nodes: 0(120000.00, 120000.00) 65 461 361 47 487 0(59751.00, 59751.00)
route 20, node_num 4, cost 1547.672000, nodes: 0(120000.00, 120000.00) 70 996 0(9452.00, 9452.00)
route 21, node_num 8, cost 1640.366000, nodes: 0(120000.00, 120000.00) 78 917 957 747 194 1332(36798.00, 36798.00) 0(2831.00, 2831.00)
route 22, node_num 7, cost 770.602000, nodes: 0(120000.00, 120000.00) 88 808 408 978 501 0(64957.00, 64957.00)
route 23, node_num 5, cost 1292.508000, nodes: 0(120000.00, 120000.00) 92 265 86 0(27678.00, 27678.00)
route 24, node_num 7, cost 896.252000, nodes: 0(120000.00, 120000.00) 97 104 403 795 161 0(55982.00, 55982.00)
route 25, node_num 7, cost 1312.752000, nodes: 0(120000.00, 120000.00) 102 831 689 508 601 0(26232.00, 26232.00)
route 26, node_num 6, cost 1447.922000, nodes: 0(120000.00, 120000.00) 122 19 964 753 0(16577.00, 16577.00)
route 27, node_num 6, cost 1303.834000, nodes: 0(120000.00, 120000.00) 123 366 355 175 0(26869.00, 26869.00)
route 28, node_num 7, cost 926.632000, nodes: 0(120000.00, 120000.00) 124 619 591 593 142 0(53812.00, 53812.00)
route 29, node_num 7, cost 1201.312000, nodes: 0(120000.00, 120000.00) 138 924 375 393 134 0(34192.00, 34192.00)
route 30, node_num 6, cost 1370.712000, nodes: 0(120000.00, 120000.00) 140 320 963 878 0(22092.00, 22092.00)
route 31, node_num 3, cost 1079.918000, nodes: 0(120000.00, 120000.00) 143 0(42863.00, 42863.00)
route 32, node_num 6, cost 1652.630000, nodes: 0(120000.00, 120000.00) 146 768 287 276 0(1955.00, 1955.00)
route 33, node_num 4, cost 1094.212000, nodes: 0(120000.00, 120000.00) 149 151 0(41842.00, 41842.00)
route 34, node_num 8, cost 1628.466000, nodes: 0(120000.00, 120000.00) 158 974 863 202 805 1221(42908.00, 42908.00) 0(3681.00, 3681.00)
route 35, node_num 4, cost 1594.978000, nodes: 0(120000.00, 120000.00) 168 770 0(6073.00, 6073.00)
route 36, node_num 9, cost 1829.688000, nodes: 0(120000.00, 120000.00) 173 105 865 1261(53860.00, 53860.00) 382 849 1175(27125.00, 37817.00) 0(0.00, 0.00)
route 37, node_num 7, cost 1929.396000, nodes: 0(120000.00, 120000.00) 174 21 1053(74723.00, 92537.00) 730 527 0(0.00, 0.00)
route 38, node_num 7, cost 1599.556000, nodes: 0(120000.00, 120000.00) 181 649 5 891 470 0(5746.00, 5746.00)
route 39, node_num 7, cost 885.220000, nodes: 0(120000.00, 120000.00) 185 459 609 495 532 0(56770.00, 56770.00)
route 40, node_num 7, cost 1816.962000, nodes: 0(120000.00, 120000.00) 186 1047(50980.00, 60763.00) 209 697 626 0(0.00, 0.00)
route 41, node_num 7, cost 1517.698000, nodes: 0(120000.00, 120000.00) 189 400 633 69 1210(54790.00, 54790.00) 0(11593.00, 11593.00)
route 42, node_num 4, cost 1140.202000, nodes: 0(120000.00, 120000.00) 190 127 0(38557.00, 38557.00)
route 43, node_num 6, cost 1304.296000, nodes: 0(120000.00, 120000.00) 192 605 383 515 0(26836.00, 26836.00)
route 44, node_num 8, cost 1891.484000, nodes: 0(120000.00, 120000.00) 193 873 737 90 678 1377(27370.00, 42476.00) 0(0.00, 0.00)
route 45, node_num 6, cost 1285.816000, nodes: 0(120000.00, 120000.00) 197 597 784 803 0(28156.00, 28156.00)
route 46, node_num 7, cost 1503.880000, nodes: 0(120000.00, 120000.00) 199 984 26 379 652 0(12580.00, 12580.00)
route 47, node_num 7, cost 1961.974000, nodes: 0(120000.00, 120000.00) 205 253 968 602 1136(13110.00, 33251.00) 0(0.00, 0.00)
route 48, node_num 8, cost 1942.500000, nodes: 0(120000.00, 120000.00) 206 478 639 2 624 1108(35531.00, 54281.00) 0(0.00, 0.00)
route 49, node_num 6, cost 1705.746000, nodes: 0(120000.00, 120000.00) 216 850 936 1349(23977.00, 25816.00) 0(0.00, 0.00)
route 50, node_num 4, cost 1569.260000, nodes: 0(120000.00, 120000.00) 218 446 0(7910.00, 7910.00)
route 51, node_num 8, cost 1018.108000, nodes: 0(120000.00, 120000.00) 219 792 215 566 692 191 0(47278.00, 47278.00)
route 52, node_num 7, cost 1866.956000, nodes: 0(120000.00, 120000.00) 223 588 109 766 1326(24830.00, 38184.00) 0(0.00, 0.00)
route 53, node_num 7, cost 1648.780000, nodes: 0(120000.00, 120000.00) 225 951 348 938 1248(26927.00, 26927.00) 0(2230.00, 2230.00)
route 54, node_num 7, cost 1165.570000, nodes: 0(120000.00, 120000.00) 226 589 208 930 257 0(36745.00, 36745.00)
route 55, node_num 7, cost 1145.858000, nodes: 0(120000.00, 120000.00) 227 904 198 310 647 0(38153.00, 38153.00)
route 56, node_num 7, cost 817.418000, nodes: 0(120000.00, 120000.00) 228 288 842 51 450 0(61613.00, 61613.00)
route 57, node_num 7, cost 1781.794000, nodes: 0(120000.00, 120000.00) 230 99 292 714 1028(18072.00, 25343.00) 0(0.00, 0.00)
route 58, node_num 6, cost 1624.616000, nodes: 0(120000.00, 120000.00) 238 802 390 1135(49728.00, 49728.00) 0(3956.00, 3956.00)
route 59, node_num 6, cost 1663.592000, nodes: 0(120000.00, 120000.00) 246 50 583 1372(44089.00, 44089.00) 0(1172.00, 1172.00)
route 60, node_num 6, cost 1475.264000, nodes: 0(120000.00, 120000.00) 247 640 524 952 0(14624.00, 14624.00)
route 61, node_num 6, cost 1189.258000, nodes: 0(120000.00, 120000.00) 975 13 91 958 0(35053.00, 35053.00)
route 62, node_num 7, cost 1412.768000, nodes: 0(120000.00, 120000.00) 256 129 835 251 673 0(19088.00, 19088.00)
route 63, node_num 6, cost 1573.866000, nodes: 0(120000.00, 120000.00) 259 907 437 1370(44850.00, 44850.00) 0(7581.00, 7581.00)
route 64, node_num 8, cost 850.500000, nodes: 0(120000.00, 120000.00) 260 468 573 721 311 819 0(59250.00, 59250.00)
route 65, node_num 8, cost 1019.844000, nodes: 0(120000.00, 120000.00) 262 165 183 570 434 838 0(47154.00, 47154.00)
route 66, node_num 5, cost 872.424000, nodes: 0(120000.00, 120000.00) 268 544 569 0(57684.00, 57684.00)
route 67, node_num 6, cost 1026.718000, nodes: 0(120000.00, 120000.00) 269 1000 121 100 0(46663.00, 46663.00)
route 68, node_num 6, cost 1732.514000, nodes: 0(120000.00, 120000.00) 274 1109(81215.00, 84966.00) 304 820 0(0.00, 0.00)
route 69, node_num 5, cost 1436.008000, nodes: 0(120000.00, 120000.00) 290 114 53 0(17428.00, 17428.00)
route 70, node_num 7, cost 783.748000, nodes: 0(120000.00, 120000.00) 294 851 442 751 398 0(64018.00, 64018.00)
route 71, node_num 8, cost 1811.866000, nodes: 0(120000.00, 120000.00) 303 843 525 1350(41685.00, 41685.00) 101 1309(25662.00, 35081.00) 0(0.00, 0.00)
route 72, node_num 6, cost 1390.564000, nodes: 0(120000.00, 120000.00) 305 77 37 681 0(20674.00, 20674.00)
route 73, node_num 5, cost 1656.606000, nodes: 0(120000.00, 120000.00) 315 966 239 0(1671.00, 1671.00)
route 74, node_num 6, cost 1547.784000, nodes: 0(120000.00, 120000.00) 321 869 967 87 0(9444.00, 9444.00)
route 75, node_num 5, cost 1453.984000, nodes: 0(120000.00, 120000.00) 332 688 553 0(16144.00, 16144.00)
route 76, node_num 7, cost 1586.452000, nodes: 0(120000.00, 120000.00) 333 93 324 852 34 0(6682.00, 6682.00)
route 77, node_num 6, cost 2007.936000, nodes: 0(120000.00, 120000.00) 336 456 794 1376(3027.00, 26451.00) 0(0.00, 0.00)
route 78, node_num 7, cost 1327.340000, nodes: 0(120000.00, 120000.00) 338 436 295 267 63 0(25190.00, 25190.00)
route 79, node_num 5, cost 1060.276000, nodes: 0(120000.00, 120000.00) 341 368 240 0(44266.00, 44266.00)
route 80, node_num 6, cost 1095.556000, nodes: 0(120000.00, 120000.00) 350 424 108 152 0(41746.00, 41746.00)
route 81, node_num 5, cost 1603.196000, nodes: 0(120000.00, 120000.00) 360 75 684 0(5486.00, 5486.00)
route 82, node_num 6, cost 516.292000, nodes: 0(120000.00, 120000.00) 363 997 719 164 0(83122.00, 83122.00)
route 83, node_num 7, cost 1825.684000, nodes: 0(120000.00, 120000.00) 364 1089(91952.00, 102358.00) 880 821 252 0(0.00, 0.00)
route 84, node_num 7, cost 1837.878000, nodes: 0(120000.00, 120000.00) 372 565 302 1399(53949.00, 65226.00) 949 0(0.00, 0.00)
route 85, node_num 6, cost 1031.758000, nodes: 0(120000.00, 120000.00) 970 622 145 153 0(46303.00, 46303.00)
route 86, node_num 3, cost 710.892000, nodes: 0(120000.00, 120000.00) 377 0(69222.00, 69222.00)
route 87, node_num 8, cost 1787.632000, nodes: 0(120000.00, 120000.00) 386 1009(73045.00, 73045.00) 326 948 1117(17465.00, 25153.00) 57 0(0.00, 0.00)
route 88, node_num 8, cost 1758.134000, nodes: 0(120000.00, 120000.00) 395 282 549 575 840 1098(35663.00, 41244.00) 0(0.00, 0.00)
route 89, node_num 7, cost 1660.624000, nodes: 0(120000.00, 120000.00) 399 132 46 483 1035(47156.00, 47156.00) 0(1384.00, 1384.00)
route 90, node_num 3, cost 1208.760000, nodes: 0(120000.00, 120000.00) 402 0(33660.00, 33660.00)
route 91, node_num 6, cost 1623.720000, nodes: 0(120000.00, 120000.00) 405 916 492 1063(26299.00, 26299.00) 0(4020.00, 4020.00)
route 92, node_num 7, cost 1478.246000, nodes: 0(120000.00, 120000.00) 419 693 911 73 703 0(14411.00, 14411.00)
route 93, node_num 6, cost 1950.214000, nodes: 0(120000.00, 120000.00) 427 352 1050(40121.00, 59422.00) 370 0(0.00, 0.00)
route 94, node_num 7, cost 1201.158000, nodes: 0(120000.00, 120000.00) 428 162 490 934 110 0(34203.00, 34203.00)
route 95, node_num 4, cost 1530.410000, nodes: 0(120000.00, 120000.00) 429 642 0(10685.00, 10685.00)
route 96, node_num 7, cost 1503.992000, nodes: 0(120000.00, 120000.00) 430 150 690 180 266 0(12572.00, 12572.00)
route 97, node_num 8, cost 734.426000, nodes: 0(120000.00, 120000.00) 439 988 914 953 39 507 0(67541.00, 67541.00)
route 98, node_num 5, cost 1188.418000, nodes: 0(120000.00, 120000.00) 443 300 879 0(35113.00, 35113.00)
route 99, node_num 7, cost 1769.628000, nodes: 0(120000.00, 120000.00) 445 1263(89469.00, 95871.00) 40 229 830 0(0.00, 0.00)
route 100, node_num 8, cost 2455.334000, nodes: 0(120000.00, 120000.00) 449 1198(57384.00, 57384.00) 530 1392(35376.00, 90757.00) 897 806 0(0.00, 0.00)
route 101, node_num 4, cost 1375.528000, nodes: 0(120000.00, 120000.00) 464 319 0(21748.00, 21748.00)
route 102, node_num 6, cost 1182.748000, nodes: 0(120000.00, 120000.00) 469 285 815 231 0(35518.00, 35518.00)
route 103, node_num 7, cost 1366.554000, nodes: 0(120000.00, 120000.00) 471 418 388 614 30 0(22389.00, 22389.00)
route 104, node_num 7, cost 850.304000, nodes: 0(120000.00, 120000.00) 473 291 95 937 337 0(59264.00, 59264.00)
route 105, node_num 8, cost 1637.384000, nodes: 0(120000.00, 120000.00) 480 56 722 982 435 1279(41477.00, 41477.00) 0(3044.00, 3044.00)
route 106, node_num 5, cost 1609.524000, nodes: 0(120000.00, 120000.00) 484 654 444 0(5034.00, 5034.00)
route 107, node_num 4, cost 1603.070000, nodes: 0(120000.00, 120000.00) 485 494 0(5495.00, 5495.00)
route 108, node_num 7, cost 1741.418000, nodes: 0(120000.00, 120000.00) 486 423 1354(45537.00, 45537.00) 12 1380(30541.00, 34928.00) 0(0.00, 0.00)
route 109, node_num 7, cost 1347.556000, nodes: 0(120000.00, 120000.00) 488 905 834 782 790 0(23746.00, 23746.00)
route 110, node_num 7, cost 964.376000, nodes: 0(120000.00, 120000.00) 498 237 892 365 546 0(51116.00, 51116.00)
route 111, node_num 6, cost 957.614000, nodes: 0(120000.00, 120000.00) 499 536 576 587 0(51599.00, 51599.00)
route 112, node_num 7, cost 1889.216000, nodes: 0(120000.00, 120000.00) 506 421 358 482 1075(22873.00, 37817.00) 0(0.00, 0.00)
route 113, node_num 6, cost 1724.030000, nodes: 0(120000.00, 120000.00) 509 818 559 1078(25116.00, 28261.00) 0(0.00, 0.00)
route 114, node_num 4, cost 1200.332000, nodes: 0(120000.00, 120000.00) 510 584 0(34262.00, 34262.00)
route 115, node_num 6, cost 1583.316000, nodes: 0(120000.00, 120000.00) 511 732 555 774 0(6906.00, 6906.00)
route 116, node_num 7, cost 1614.158000, nodes: 0(120000.00, 120000.00) 518 859 979 112 1232(38670.00, 38670.00) 0(4703.00, 4703.00)
route 117, node_num 7, cost 1932.154000, nodes: 0(120000.00, 120000.00) 520 207 754 248 1372(24906.00, 42917.00) 0(0.00, 0.00)
route 118, node_num 8, cost 1861.384000, nodes: 0(120000.00, 120000.00) 531 1084(75309.00, 75327.00) 661 28 474 1033(0.00, 12938.00) 0(0.00, 0.00)
route 119, node_num 8, cost 1207.164000, nodes: 0(120000.00, 120000.00) 535 552 528 976 85 171 0(33774.00, 33774.00)
route 120, node_num 8, cost 1585.808000, nodes: 0(120000.00, 120000.00) 537 680 306 301 545 1111(29900.00, 29900.00) 0(6728.00, 6728.00)
route 121, node_num 7, cost 1653.918000, nodes: 0(120000.00, 120000.00) 540 595 513 943 1317(23592.00, 23592.00) 0(1863.00, 1863.00)
route 122, node_num 6, cost 1467.942000, nodes: 0(120000.00, 120000.00) 542 763 736 779 0(15147.00, 15147.00)
route 123, node_num 7, cost 1739.304000, nodes: 0(120000.00, 120000.00) 550 1070(78228.00, 82464.00) 422 217 962 0(0.00, 0.00)
route 124, node_num 9, cost 2014.656000, nodes: 0(120000.00, 120000.00) 551 728 1262(53430.00, 53430.00) 504 496 898 1345(1998.00, 25902.00) 0(0.00, 0.00)
route 125, node_num 8, cost 1955.968000, nodes: 0(120000.00, 120000.00) 557 672 296 1288(18405.00, 20998.00) 182 1338(0.00, 17119.00) 0(0.00, 0.00)
route 126, node_num 7, cost 1281.812000, nodes: 0(120000.00, 120000.00) 558 298 635 664 956 0(28442.00, 28442.00)
route 127, node_num 4, cost 1176.266000, nodes: 0(120000.00, 120000.00) 571 224 0(35981.00, 35981.00)
route 128, node_num 7, cost 1887.550000, nodes: 0(120000.00, 120000.00) 578 663 848 1126(38826.00, 53651.00) 457 0(0.00, 0.00)
route 129, node_num 7, cost 1086.624000, nodes: 0(120000.00, 120000.00) 580 83 658 700 541 0(42384.00, 42384.00)
route 130, node_num 7, cost 1996.680000, nodes: 0(120000.00, 120000.00) 582 816 111 11 1202(1507.00, 24127.00) 0(0.00, 0.00)
route 131, node_num 8, cost 1791.454000, nodes: 0(120000.00, 120000.00) 586 682 458 696 881 1361(35057.00, 43018.00) 0(0.00, 0.00)
route 132, node_num 7, cost 1836.758000, nodes: 0(120000.00, 120000.00) 599 991 116 45 1217(10532.00, 21729.00) 0(0.00, 0.00)
route 133, node_num 8, cost 1794.744000, nodes: 0(120000.00, 120000.00) 1378(87618.00, 95814.00) 600 945 858 307 249 0(0.00, 0.00)
route 134, node_num 7, cost 1801.604000, nodes: 0(120000.00, 120000.00) 608 623 783 705 1038(8433.00, 17119.00) 0(0.00, 0.00)
route 135, node_num 7, cost 1623.146000, nodes: 0(120000.00, 120000.00) 611 68 885 674 271 0(4061.00, 4061.00)
route 136, node_num 4, cost 1394.330000, nodes: 0(120000.00, 120000.00) 612 757 0(20405.00, 20405.00)
route 137, node_num 7, cost 1580.572000, nodes: 0(120000.00, 120000.00) 613 420 82 343 1017(28831.00, 28831.00) 0(7102.00, 7102.00)
route 138, node_num 7, cost 1534.582000, nodes: 0(120000.00, 120000.00) 616 827 884 641 854 0(10387.00, 10387.00)
route 139, node_num 7, cost 1987.244000, nodes: 0(120000.00, 120000.00) 617 841 163 381 1145(3956.00, 25902.00) 0(0.00, 0.00)
route 140, node_num 7, cost 1905.848000, nodes: 0(120000.00, 120000.00) 620 1310(51693.00, 51693.00) 80 493 1031(16533.00, 32665.00) 0(0.00, 0.00)
route 141, node_num 5, cost 1142.330000, nodes: 0(120000.00, 120000.00) 625 210 24 0(38405.00, 38405.00)
route 142, node_num 7, cost 1203.076000, nodes: 0(120000.00, 120000.00) 631 367 985 106 813 0(34066.00, 34066.00)
route 143, node_num 7, cost 1776.950000, nodes: 0(120000.00, 120000.00) 634 397 711 391 1333(6013.00, 12938.00) 0(0.00, 0.00)
route 144, node_num 6, cost 1605.338000, nodes: 0(120000.00, 120000.00) 637 698 923 708 0(5333.00, 5333.00)
route 145, node_num 8, cost 1784.972000, nodes: 0(120000.00, 120000.00) 644 139 196 118 60 1154(35460.00, 42958.00) 0(0.00, 0.00)
route 146, node_num 4, cost 1270.024000, nodes: 0(120000.00, 120000.00) 981 154 0(29284.00, 29284.00)
route 147, node_num 5, cost 1025.500000, nodes: 0(120000.00, 120000.00) 651 79 67 0(46750.00, 46750.00)
route 148, node_num 5, cost 1316.686000, nodes: 0(120000.00, 120000.00) 656 131 387 0(25951.00, 25951.00)
route 149, node_num 3, cost 765.478000, nodes: 0(120000.00, 120000.00) 659 0(65323.00, 65323.00)
route 150, node_num 5, cost 1601.600000, nodes: 0(120000.00, 120000.00) 660 807 179 0(5600.00, 5600.00)
route 151, node_num 5, cost 1612.296000, nodes: 0(120000.00, 120000.00) 683 376 630 0(4836.00, 4836.00)
route 152, node_num 9, cost 1866.508000, nodes: 0(120000.00, 120000.00) 687 574 715 1209(81423.00, 81423.00) 272 346 1272(29595.00, 42917.00) 0(0.00, 0.00)
route 153, node_num 5, cost 1632.190000, nodes: 0(120000.00, 120000.00) 699 726 141 0(3415.00, 3415.00)
route 154, node_num 8, cost 1705.074000, nodes: 0(120000.00, 120000.00) 702 922 261 54 675 1003(20408.00, 22199.00) 0(0.00, 0.00)
route 155, node_num 8, cost 2083.592000, nodes: 0(120000.00, 120000.00) 704 22 977 903 275 1036(4423.00, 33251.00) 0(0.00, 0.00)
route 156, node_num 8, cost 598.402000, nodes: 0(120000.00, 120000.00) 707 317 899 929 627 425 0(77257.00, 77257.00)
route 157, node_num 4, cost 864.906000, nodes: 0(120000.00, 120000.00) 709 107 0(58221.00, 58221.00)
route 158, node_num 6, cost 1365.098000, nodes: 0(120000.00, 120000.00) 710 901 764 604 0(22493.00, 22493.00)
route 159, node_num 7, cost 1889.440000, nodes: 0(120000.00, 120000.00) 712 590 741 762 1048(9737.00, 24697.00) 0(0.00, 0.00)
route 160, node_num 5, cost 1641.192000, nodes: 0(120000.00, 120000.00) 716 650 258 0(2772.00, 2772.00)
route 161, node_num 6, cost 464.170000, nodes: 0(120000.00, 120000.00) 717 662 718 359 0(86845.00, 86845.00)
route 162, node_num 7, cost 828.058000, nodes: 0(120000.00, 120000.00) 723 713 293 489 81 0(60853.00, 60853.00)
route 163, node_num 7, cost 1739.682000, nodes: 0(120000.00, 120000.00) 724 407 441 1220(48643.00, 52906.00) 254 0(0.00, 0.00)
route 164, node_num 8, cost 1718.024000, nodes: 0(120000.00, 120000.00) 727 954 1375(39855.00, 39855.00) 340 244 1238(14403.00, 17119.00) 0(0.00, 0.00)
route 165, node_num 6, cost 1847.076000, nodes: 0(120000.00, 120000.00) 729 373 184 1321(27293.00, 39227.00) 0(0.00, 0.00)
route 166, node_num 8, cost 1899.744000, nodes: 0(120000.00, 120000.00) 733 1024(58233.00, 58233.00) 776 313 232 1252(18143.00, 33839.00) 0(0.00, 0.00)
route 167, node_num 7, cost 1806.084000, nodes: 0(120000.00, 120000.00) 749 452 665 666 1077(33470.00, 42476.00) 0(0.00, 0.00)
route 168, node_num 8, cost 1907.794000, nodes: 0(120000.00, 120000.00) 752 148 264 548 933 1311(6901.00, 23172.00) 0(0.00, 0.00)
route 169, node_num 8, cost 1879.080000, nodes: 0(120000.00, 120000.00) 986 756 281 521 342 1331(18445.00, 32665.00) 0(0.00, 0.00)
route 170, node_num 7, cost 1641.458000, nodes: 0(120000.00, 120000.00) 761 280 561 94 1275(40570.00, 40570.00) 0(2753.00, 2753.00)
route 171, node_num 8, cost 1828.428000, nodes: 0(120000.00, 120000.00) 765 187 998 826 500 1188(25629.00, 36231.00) 0(0.00, 0.00)
route 172, node_num 7, cost 1625.106000, nodes: 0(120000.00, 120000.00) 773 328 201 581 1170(41190.00, 41190.00) 0(3921.00, 3921.00)
route 173, node_num 5, cost 1604.078000, nodes: 0(120000.00, 120000.00) 775 679 242 0(5423.00, 5423.00)
route 174, node_num 8, cost 1847.314000, nodes: 0(120000.00, 120000.00) 777 538 481 378 41 1211(11221.00, 23172.00) 0(0.00, 0.00)
route 175, node_num 9, cost 1953.798000, nodes: 0(120000.00, 120000.00) 781 1153(83359.00, 83359.00) 592 3 861 410 1235(26215.00, 45772.00) 0(0.00, 0.00)
route 176, node_num 5, cost 1654.618000, nodes: 0(120000.00, 120000.00) 786 172 1026(39997.00, 39997.00) 0(1813.00, 1813.00)
route 177, node_num 5, cost 1598.674000, nodes: 0(120000.00, 120000.00) 788 447 176 0(5809.00, 5809.00)
route 178, node_num 9, cost 1189.622000, nodes: 0(120000.00, 120000.00) 789 691 236 646 804 870 1282(47943.00, 47943.00) 0(35027.00, 35027.00)
route 179, node_num 8, cost 2051.518000, nodes: 0(120000.00, 120000.00) 791 16 1062(53723.00, 53809.00) 406 743 1076(0.00, 26451.00) 0(0.00, 0.00)
route 180, node_num 6, cost 2022.286000, nodes: 0(120000.00, 120000.00) 793 607 497 1306(11789.00, 36238.00) 0(0.00, 0.00)
route 181, node_num 4, cost 1338.778000, nodes: 0(120000.00, 120000.00) 796 772 0(24373.00, 24373.00)
route 182, node_num 7, cost 1587.208000, nodes: 0(120000.00, 120000.00) 798 284 994 677 928 0(6628.00, 6628.00)
route 183, node_num 5, cost 1491.014000, nodes: 0(120000.00, 120000.00) 809 992 61 0(13499.00, 13499.00)
route 184, node_num 8, cost 1773.772000, nodes: 0(120000.00, 120000.00) 811 568 414 514 325 1011(16474.00, 23172.00) 0(0.00, 0.00)
route 185, node_num 8, cost 1896.104000, nodes: 0(120000.00, 120000.00) 812 263 42 846 785 1348(9261.00, 24697.00) 0(0.00, 0.00)
route 186, node_num 7, cost 1949.892000, nodes: 0(120000.00, 120000.00) 814 999 731 431 1176(7173.00, 26451.00) 0(0.00, 0.00)
route 187, node_num 4, cost 1112.846000, nodes: 0(120000.00, 120000.00) 822 412 0(40511.00, 40511.00)
route 188, node_num 7, cost 1854.860000, nodes: 0(120000.00, 120000.00) 824 1291(88053.00, 100543.00) 354 973 539 0(0.00, 0.00)
route 189, node_num 5, cost 1677.452000, nodes: 0(120000.00, 120000.00) 825 155 125 0(182.00, 182.00)
route 190, node_num 6, cost 1225.812000, nodes: 0(120000.00, 120000.00) 829 394 451 195 0(32442.00, 32442.00)
route 191, node_num 7, cost 1901.760000, nodes: 0(120000.00, 120000.00) 837 426 706 739 1339(28692.00, 44532.00) 0(0.00, 0.00)
route 192, node_num 8, cost 1888.390000, nodes: 0(120000.00, 120000.00) 839 902 1004(54255.00, 54255.00) 103 780 1228(10458.00, 25343.00) 0(0.00, 0.00)
route 193, node_num 6, cost 1912.358000, nodes: 0(120000.00, 120000.00) 855 211 503 1335(29175.00, 45772.00) 0(0.00, 0.00)
route 194, node_num 8, cost 600.600000, nodes: 0(120000.00, 120000.00) 857 283 119 289 32 941 0(77100.00, 77100.00)
route 195, node_num 9, cost 1879.570000, nodes: 0(120000.00, 120000.00) 860 8 759 1253(78048.00, 78048.00) 453 519 1388(21976.00, 36231.00) 0(0.00, 0.00)
route 196, node_num 8, cost 1978.032000, nodes: 0(120000.00, 120000.00) 866 864 277 160 233 1250(28343.00, 49631.00) 0(0.00, 0.00)
route 197, node_num 8, cost 830.578000, nodes: 0(120000.00, 120000.00) 868 828 668 629 323 384 0(60673.00, 60673.00)
route 198, node_num 7, cost 1453.634000, nodes: 0(120000.00, 120000.00) 871 9 440 167 1032(50136.00, 50136.00) 0(16169.00, 16169.00)
route 199, node_num 7, cost 2058.910000, nodes: 0(120000.00, 120000.00) 872 415 1177(68321.00, 95386.00) 563 856 0(0.00, 0.00)
route 200, node_num 8, cost 1898.316000, nodes: 0(120000.00, 120000.00) 875 166 564 810 990 1088(20637.00, 36231.00) 0(0.00, 0.00)
route 201, node_num 7, cost 1901.480000, nodes: 0(120000.00, 120000.00) 876 621 467 882 1161(27198.00, 43018.00) 0(0.00, 0.00)
route 202, node_num 7, cost 1247.064000, nodes: 0(120000.00, 120000.00) 886 220 279 670 347 0(30924.00, 30924.00)
route 203, node_num 6, cost 770.518000, nodes: 0(120000.00, 120000.00) 888 144 522 96 0(64963.00, 64963.00)
route 204, node_num 5, cost 411.642000, nodes: 0(120000.00, 120000.00) 889 477 203 0(90597.00, 90597.00)
route 205, node_num 8, cost 1858.626000, nodes: 0(120000.00, 120000.00) 893 787 874 401 308 1172(30158.00, 42917.00) 0(0.00, 0.00)
route 206, node_num 5, cost 1542.968000, nodes: 0(120000.00, 120000.00) 896 638 380 0(9788.00, 9788.00)
route 207, node_num 4, cost 945.980000, nodes: 0(120000.00, 120000.00) 908 567 0(52430.00, 52430.00)
route 208, node_num 7, cost 1990.520000, nodes: 0(120000.00, 120000.00) 909 844 925 799 1148(2517.00, 24697.00) 0(0.00, 0.00)
route 209, node_num 4, cost 1304.604000, nodes: 0(120000.00, 120000.00) 910 740 0(26814.00, 26814.00)
route 210, node_num 8, cost 1618.358000, nodes: 0(120000.00, 120000.00) 919 579 318 657 476 1125(46493.00, 46493.00) 0(4403.00, 4403.00)
route 211, node_num 7, cost 1693.832000, nodes: 0(120000.00, 120000.00) 921 392 188 1121(51137.00, 52125.00) 299 0(0.00, 0.00)
route 212, node_num 7, cost 1672.790000, nodes: 0(120000.00, 120000.00) 887 676 596 760 1179(38948.00, 38948.00) 0(515.00, 515.00)
route 213, node_num 6, cost 1510.684000, nodes: 0(120000.00, 120000.00) 927 797 603 529 0(12094.00, 12094.00)
route 214, node_num 7, cost 1993.754000, nodes: 0(120000.00, 120000.00) 932 894 1268(51774.00, 74185.00) 610 84 0(0.00, 0.00)
route 215, node_num 7, cost 1826.034000, nodes: 0(120000.00, 120000.00) 935 133 918 1150(46009.00, 56440.00) 877 0(0.00, 0.00)
route 216, node_num 6, cost 953.526000, nodes: 0(120000.00, 120000.00) 939 98 147 351 0(51891.00, 51891.00)
route 217, node_num 8, cost 1705.732000, nodes: 0(120000.00, 120000.00) 942 742 867 344 890 1320(42772.00, 44610.00) 0(0.00, 0.00)
route 218, node_num 7, cost 1453.200000, nodes: 0(120000.00, 120000.00) 944 533 895 273 572 0(16200.00, 16200.00)
route 219, node_num 6, cost 1655.108000, nodes: 0(120000.00, 120000.00) 946 1289(88931.00, 88931.00) 71 331 0(1778.00, 1778.00)
route 220, node_num 5, cost 1695.372000, nodes: 0(120000.00, 120000.00) 947 270 1006(35140.00, 36238.00) 0(0.00, 0.00)
route 221, node_num 6, cost 1597.148000, nodes: 0(120000.00, 120000.00) 955 833 385 800 0(5918.00, 5918.00)
route 222, node_num 7, cost 1313.438000, nodes: 0(120000.00, 120000.00) 959 883 632 235 598 0(26183.00, 26183.00)
route 223, node_num 7, cost 1127.938000, nodes: 0(120000.00, 120000.00) 960 460 72 10 748 0(39433.00, 39433.00)
route 224, node_num 6, cost 1500.520000, nodes: 0(120000.00, 120000.00) 965 701 221 353 0(12820.00, 12820.00)
route 225, node_num 7, cost 2044.448000, nodes: 0(120000.00, 120000.00) 969 455 1120(32282.00, 58314.00) 517 433 0(0.00, 0.00)
route 226, node_num 4, cost 1406.118000, nodes: 0(120000.00, 120000.00) 374 113 0(19563.00, 19563.00)
route 227, node_num 7, cost 979.062000, nodes: 0(120000.00, 120000.00) 971 845 309 74 334 0(50067.00, 50067.00)
route 228, node_num 4, cost 868.266000, nodes: 0(120000.00, 120000.00) 972 926 0(57981.00, 57981.00)
route 229, node_num 6, cost 1620.808000, nodes: 0(120000.00, 120000.00) 255 357 157 1372(47145.00, 47145.00) 0(4228.00, 4228.00)
route 230, node_num 6, cost 926.170000, nodes: 0(120000.00, 120000.00) 767 243 7 725 0(53845.00, 53845.00)
route 231, node_num 6, cost 1296.316000, nodes: 0(120000.00, 120000.00) 989 322 618 409 0(27406.00, 27406.00)
route 232, node_num 6, cost 1454.558000, nodes: 0(120000.00, 120000.00) 993 356 594 396 0(16103.00, 16103.00)
route 233, node_num 4, cost 993.314000, nodes: 0(120000.00, 120000.00) 995 329 0(49049.00, 49049.00)
route 234, node_num 5, cost 1417.556000, nodes: 0(120000.00, 120000.00) 695 653 823 0(18746.00, 18746.00)
route 235, node_num 6, cost 1420.930000, nodes: 0(120000.00, 120000.00) 1057(94699.00, 94699.00) 915 335 156 0(18505.00, 18505.00)
route 236, node_num 7, cost 1901.354000, nodes: 0(120000.00, 120000.00) 1085(97648.00, 120000.00) 547 286 389 771 0(6541.00, 6541.00)
route 237, node_num 8, cost 1772.680000, nodes: 0(120000.00, 120000.00) 1116(95738.00, 95738.00) 159 832 222 900 1021(32607.00, 39227.00) 0(0.00, 0.00)
route 238, node_num 6, cost 1729.616000, nodes: 0(120000.00, 120000.00) 1143(90980.00, 94524.00) 241 120 135 0(0.00, 0.00)
route 239, node_num 7, cost 1725.990000, nodes: 0(120000.00, 120000.00) 1144(106638.00, 109923.00) 720 847 862 126 0(0.00, 0.00)
route 240, node_num 8, cost 1885.254000, nodes: 0(120000.00, 120000.00) 1156(92144.00, 92144.00) 66 577 33 475 1080(20267.00, 34928.00) 0(0.00, 0.00)
route 241, node_num 6, cost 1560.678000, nodes: 0(120000.00, 120000.00) 920 645 214 1132(42490.00, 42490.00) 0(8523.00, 8523.00)
route 242, node_num 8, cost 1425.284000, nodes: 0(120000.00, 120000.00) 1174(107295.00, 107295.00) 628 778 534 29 278 0(18194.00, 18194.00)
route 243, node_num 7, cost 1937.292000, nodes: 0(120000.00, 120000.00) 1185(97648.00, 120000.00) 801 411 136 416 0(3974.00, 3974.00)
route 244, node_num 6, cost 1636.278000, nodes: 0(120000.00, 120000.00) 1189(96547.00, 96547.00) 76 961 250 0(3123.00, 3123.00)
route 245, node_num 8, cost 1929.242000, nodes: 0(120000.00, 120000.00) 1192(87550.00, 105353.00) 448 177 554 327 746 0(0.00, 0.00)
route 246, node_num 7, cost 1766.072000, nodes: 0(120000.00, 120000.00) 1216(95738.00, 101886.00) 27 983 345 694 0(0.00, 0.00)
route 247, node_num 8, cost 1803.046000, nodes: 0(120000.00, 120000.00) 1243(90980.00, 90980.00) 671 667 170 316 1233(4149.00, 12938.00) 0(0.00, 0.00)
route 248, node_num 7, cost 1513.204000, nodes: 0(120000.00, 120000.00) 1244(106638.00, 120000.00) 371 169 466 1352(59115.00, 59115.00) 0(25276.00, 25276.00)
route 249, node_num 7, cost 1723.596000, nodes: 0(120000.00, 120000.00) 1257(94699.00, 97813.00) 648 750 502 213 0(0.00, 0.00)
route 250, node_num 7, cost 1794.688000, nodes: 0(120000.00, 120000.00) 1285(97648.00, 105840.00) 362 1 15 686 0(0.00, 0.00)
route 251, node_num 7, cost 1899.086000, nodes: 0(120000.00, 120000.00) 1316(95738.00, 111387.00) 906 404 669 769 0(0.00, 0.00)
route 252, node_num 8, cost 2086.546000, nodes: 0(120000.00, 120000.00) 1353(84325.00, 87462.00) 413 432 128 755 1245(0.00, 25902.00) 0(0.00, 0.00)
route 253, node_num 6, cost 1249.234000, nodes: 0(120000.00, 120000.00) 312 931 297 987 0(30769.00, 30769.00)
route 254, node_num 8, cost 2168.474000, nodes: 0(120000.00, 120000.00) 1385(97648.00, 97648.00) 438 330 463 526 1180(37.00, 34928.00) 0(0.00, 0.00)
route 255, node_num 7, cost 1716.484000, nodes: 0(120000.00, 120000.00) 1389(96547.00, 96547.00) 655 117 836 1133(10332.00, 12938.00) 0(0.00, 0.00)
vehicle (route) number: 256
Total cost: 459743.61
459743.61, 16237.61
