Details of the solution:
route 0, node_num 4, cost 1354.010000, nodes: 0(120000.00, 120000.00) 8 126 0(23285.00, 23285.00)
route 1, node_num 8, cost 1720.880000, nodes: 0(120000.00, 120000.00) 11 932 245 1268(54253.00, 57173.00) 791 523 0(0.00, 0.00)
route 2, node_num 5, cost 1334.312000, nodes: 0(120000.00, 120000.00) 16 34 165 0(24692.00, 24692.00)
route 3, node_num 6, cost 757.358000, nodes: 0(120000.00, 120000.00) 21 862 906 347 0(65903.00, 65903.00)
route 4, node_num 5, cost 1263.808000, nodes: 0(120000.00, 120000.00) 93 773 896 0(29728.00, 29728.00)
route 5, node_num 7, cost 1600.256000, nodes: 0(120000.00, 120000.00) 23 314 522 432 865 0(5696.00, 5696.00)
route 6, node_num 6, cost 1567.622000, nodes: 0(120000.00, 120000.00) 695 18 274 686 0(8027.00, 8027.00)
route 7, node_num 4, cost 1358.462000, nodes: 0(120000.00, 120000.00) 30 193 0(22967.00, 22967.00)
route 8, node_num 8, cost 1011.710000, nodes: 0(120000.00, 120000.00) 38 939 578 379 892 473 0(47735.00, 47735.00)
route 9, node_num 8, cost 1964.508000, nodes: 0(120000.00, 120000.00) 41 100 632 427 118 1334(30682.00, 51004.00) 0(0.00, 0.00)
route 10, node_num 8, cost 1707.132000, nodes: 0(120000.00, 120000.00) 81 127 87 620 322 1191(5103.00, 7041.00) 0(0.00, 0.00)
route 11, node_num 8, cost 2200.548000, nodes: 0(120000.00, 120000.00) 83 996 1205(51039.00, 51039.00) 150 955 1362(7403.00, 44585.00) 0(0.00, 0.00)
route 12, node_num 8, cost 1898.876000, nodes: 0(120000.00, 120000.00) 90 292 1105(40234.00, 40234.00) 9 1254(6282.00, 21916.00) 360 0(0.00, 0.00)
route 13, node_num 6, cost 1940.428000, nodes: 0(120000.00, 120000.00) 480 833 647 1348(12292.00, 30894.00) 0(0.00, 0.00)
route 14, node_num 5, cost 800.954000, nodes: 0(120000.00, 120000.00) 98 65 933 0(62789.00, 62789.00)
route 15, node_num 8, cost 1374.828000, nodes: 0(120000.00, 120000.00) 103 307 166 122 531 267 0(21798.00, 21798.00)
route 16, node_num 4, cost 1664.348000, nodes: 0(120000.00, 120000.00) 107 84 0(1118.00, 1118.00)
route 17, node_num 8, cost 1169.392000, nodes: 0(120000.00, 120000.00) 108 925 255 115 217 1243(52989.00, 52989.00) 0(36472.00, 36472.00)
route 18, node_num 4, cost 1221.066000, nodes: 0(120000.00, 120000.00) 110 272 0(32781.00, 32781.00)
route 19, node_num 4, cost 851.690000, nodes: 0(120000.00, 120000.00) 136 328 0(59165.00, 59165.00)
route 20, node_num 4, cost 1442.252000, nodes: 0(120000.00, 120000.00) 148 644 0(16982.00, 16982.00)
route 21, node_num 8, cost 1875.762000, nodes: 0(120000.00, 120000.00) 153 1383(81985.00, 95968.00) 535 609 723 671 0(0.00, 0.00)
route 22, node_num 6, cost 1344.546000, nodes: 0(120000.00, 120000.00) 154 567 930 399 0(23961.00, 23961.00)
route 23, node_num 7, cost 1730.470000, nodes: 0(120000.00, 120000.00) 160 1003(55876.00, 59481.00) 699 805 275 0(0.00, 0.00)
route 24, node_num 6, cost 1957.564000, nodes: 0(120000.00, 120000.00) 164 875 1042(48587.00, 68413.00) 815 0(0.00, 0.00)
route 25, node_num 7, cost 1581.104000, nodes: 0(120000.00, 120000.00) 167 224 437 219 1248(37958.00, 37958.00) 0(7064.00, 7064.00)
route 26, node_num 5, cost 1460.354000, nodes: 0(120000.00, 120000.00) 179 631 380 0(15689.00, 15689.00)
route 27, node_num 6, cost 1619.898000, nodes: 0(120000.00, 120000.00) 1128(112837.00, 112837.00) 518 185 62 0(4293.00, 4293.00)
route 28, node_num 7, cost 908.740000, nodes: 0(120000.00, 120000.00) 189 12 624 558 575 0(55090.00, 55090.00)
route 29, node_num 5, cost 1272.516000, nodes: 0(120000.00, 120000.00) 191 386 47 0(29106.00, 29106.00)
route 30, node_num 6, cost 978.642000, nodes: 0(120000.00, 120000.00) 195 817 196 405 0(50097.00, 50097.00)
route 31, node_num 6, cost 823.662000, nodes: 0(120000.00, 120000.00) 206 342 227 757 0(61167.00, 61167.00)
route 32, node_num 6, cost 1412.950000, nodes: 0(120000.00, 120000.00) 211 743 511 97 0(19075.00, 19075.00)
route 33, node_num 5, cost 1014.846000, nodes: 0(120000.00, 120000.00) 213 416 169 0(47511.00, 47511.00)
route 34, node_num 4, cost 1122.086000, nodes: 0(120000.00, 120000.00) 225 58 0(39851.00, 39851.00)
route 35, node_num 7, cost 985.600000, nodes: 0(120000.00, 120000.00) 228 2 139 417 387 0(49600.00, 49600.00)
route 36, node_num 5, cost 1658.006000, nodes: 0(120000.00, 120000.00) 229 849 732 0(1571.00, 1571.00)
route 37, node_num 6, cost 1603.294000, nodes: 0(120000.00, 120000.00) 230 799 782 1160(28198.00, 28198.00) 0(5479.00, 5479.00)
route 38, node_num 7, cost 1845.270000, nodes: 0(120000.00, 120000.00) 233 149 1070(57761.00, 69566.00) 661 479 0(0.00, 0.00)
route 39, node_num 6, cost 1637.356000, nodes: 0(120000.00, 120000.00) 237 524 962 1012(7573.00, 7573.00) 0(3046.00, 3046.00)
route 40, node_num 4, cost 740.796000, nodes: 0(120000.00, 120000.00) 249 726 0(67086.00, 67086.00)
route 41, node_num 7, cost 1323.980000, nodes: 0(120000.00, 120000.00) 254 367 50 789 636 0(25430.00, 25430.00)
route 42, node_num 5, cost 1057.672000, nodes: 0(120000.00, 120000.00) 257 56 504 0(44452.00, 44452.00)
route 43, node_num 5, cost 1459.010000, nodes: 0(120000.00, 120000.00) 260 231 71 0(15785.00, 15785.00)
route 44, node_num 5, cost 1523.438000, nodes: 0(120000.00, 120000.00) 264 846 793 0(11183.00, 11183.00)
route 45, node_num 8, cost 1659.378000, nodes: 0(120000.00, 120000.00) 277 175 465 1329(79347.00, 79347.00) 588 239 0(1473.00, 1473.00)
route 46, node_num 5, cost 1549.422000, nodes: 0(120000.00, 120000.00) 289 335 345 0(9327.00, 9327.00)
route 47, node_num 6, cost 1668.268000, nodes: 0(120000.00, 120000.00) 294 806 920 293 0(838.00, 838.00)
route 48, node_num 7, cost 1477.028000, nodes: 0(120000.00, 120000.00) 296 629 443 823 271 0(14498.00, 14498.00)
route 49, node_num 10, cost 1722.966000, nodes: 0(120000.00, 120000.00) 300 1183(89596.00, 89596.00) 617 626 818 329 922 1146(49862.00, 52931.00) 0(0.00, 0.00)
route 50, node_num 6, cost 1325.800000, nodes: 0(120000.00, 120000.00) 301 282 544 503 0(25300.00, 25300.00)
route 51, node_num 6, cost 1563.660000, nodes: 0(120000.00, 120000.00) 1374(83303.00, 119303.00) 365 727 646 0(44310.00, 44310.00)
route 52, node_num 8, cost 1799.448000, nodes: 0(120000.00, 120000.00) 303 1114(74308.00, 74308.00) 99 589 454 1064(11651.00, 20183.00) 0(0.00, 0.00)
route 53, node_num 8, cost 555.058000, nodes: 0(120000.00, 120000.00) 306 521 451 124 290 878 0(80353.00, 80353.00)
route 54, node_num 7, cost 1031.730000, nodes: 0(120000.00, 120000.00) 311 738 361 616 666 0(46305.00, 46305.00)
route 55, node_num 5, cost 1317.442000, nodes: 0(120000.00, 120000.00) 313 1120(83665.00, 83665.00) 871 0(25897.00, 25897.00)
route 56, node_num 5, cost 1205.232000, nodes: 0(120000.00, 120000.00) 317 234 999 0(33912.00, 33912.00)
route 57, node_num 4, cost 988.148000, nodes: 0(120000.00, 120000.00) 827 923 0(49418.00, 49418.00)
route 58, node_num 4, cost 1416.072000, nodes: 0(120000.00, 120000.00) 599 764 0(18852.00, 18852.00)
route 59, node_num 7, cost 774.704000, nodes: 0(120000.00, 120000.00) 326 140 46 641 295 0(64664.00, 64664.00)
route 60, node_num 8, cost 1053.500000, nodes: 0(120000.00, 120000.00) 327 109 983 457 649 1113(54486.00, 54486.00) 0(44750.00, 44750.00)
route 61, node_num 7, cost 590.128000, nodes: 0(120000.00, 120000.00) 338 639 133 268 713 0(77848.00, 77848.00)
route 62, node_num 6, cost 1594.978000, nodes: 0(120000.00, 120000.00) 339 982 121 1169(20360.00, 20360.00) 0(6073.00, 6073.00)
route 63, node_num 7, cost 1899.758000, nodes: 0(120000.00, 120000.00) 344 176 929 954 1343(820.00, 16517.00) 0(0.00, 0.00)
route 64, node_num 8, cost 1834.252000, nodes: 0(120000.00, 120000.00) 348 607 1163(53111.00, 64129.00) 395 197 592 0(0.00, 0.00)
route 65, node_num 4, cost 1060.178000, nodes: 0(120000.00, 120000.00) 351 246 0(44273.00, 44273.00)
route 66, node_num 8, cost 1262.492000, nodes: 0(120000.00, 120000.00) 353 74 447 397 269 1298(63279.00, 63279.00) 0(29822.00, 29822.00)
route 67, node_num 6, cost 1606.444000, nodes: 0(120000.00, 120000.00) 393 828 859 1264(25437.00, 25437.00) 0(5254.00, 5254.00)
route 68, node_num 5, cost 1391.852000, nodes: 0(120000.00, 120000.00) 394 4 75 0(20582.00, 20582.00)
route 69, node_num 6, cost 1626.590000, nodes: 0(120000.00, 120000.00) 403 96 85 265 0(3815.00, 3815.00)
route 70, node_num 7, cost 1739.626000, nodes: 0(120000.00, 120000.00) 415 318 349 159 1319(20491.00, 24750.00) 0(0.00, 0.00)
route 71, node_num 4, cost 1047.676000, nodes: 0(120000.00, 120000.00) 419 659 0(45166.00, 45166.00)
route 72, node_num 7, cost 1584.926000, nodes: 0(120000.00, 120000.00) 420 622 332 184 975 0(6791.00, 6791.00)
route 73, node_num 9, cost 1756.356000, nodes: 0(120000.00, 120000.00) 423 1025(97423.00, 102877.00) 536 408 692 45 753 0(0.00, 0.00)
route 74, node_num 9, cost 1946.854000, nodes: 0(120000.00, 120000.00) 429 431 1044(51994.00, 51994.00) 668 903 1256(11530.00, 18764.00) 1079(0.00, 11827.00) 0(0.00, 0.00)
route 75, node_num 8, cost 1990.254000, nodes: 0(120000.00, 120000.00) 433 105 304 414 870 1245(3932.00, 26093.00) 0(0.00, 0.00)
route 76, node_num 6, cost 1661.352000, nodes: 0(120000.00, 120000.00) 442 452 904 331 0(1332.00, 1332.00)
route 77, node_num 8, cost 673.134000, nodes: 0(120000.00, 120000.00) 450 621 684 398 737 445 0(71919.00, 71919.00)
route 78, node_num 5, cost 1286.012000, nodes: 0(120000.00, 120000.00) 456 129 172 0(28142.00, 28142.00)
route 79, node_num 9, cost 1732.290000, nodes: 0(120000.00, 120000.00) 464 532 131 625 1326(87918.00, 95918.00) 584 463 0(4265.00, 4265.00)
route 80, node_num 7, cost 1490.986000, nodes: 0(120000.00, 120000.00) 468 490 388 482 977 0(13501.00, 13501.00)
route 81, node_num 8, cost 1304.380000, nodes: 0(120000.00, 120000.00) 469 226 392 49 383 86 0(26830.00, 26830.00)
route 82, node_num 6, cost 1168.692000, nodes: 0(120000.00, 120000.00) 471 763 981 187 0(36522.00, 36522.00)
route 83, node_num 9, cost 1442.546000, nodes: 0(120000.00, 120000.00) 475 1230(101990.00, 101990.00) 603 496 325 59 1375(55811.00, 55811.00) 0(16961.00, 16961.00)
route 84, node_num 6, cost 1646.736000, nodes: 0(120000.00, 120000.00) 481 446 489 890 0(2376.00, 2376.00)
route 85, node_num 4, cost 1214.052000, nodes: 0(120000.00, 120000.00) 487 648 0(33282.00, 33282.00)
route 86, node_num 8, cost 2186.030000, nodes: 0(120000.00, 120000.00) 493 1274(83291.00, 119436.00) 527 562 784 33 0(0.00, 0.00)
route 87, node_num 4, cost 1541.680000, nodes: 0(120000.00, 120000.00) 497 546 0(9880.00, 9880.00)
route 88, node_num 7, cost 1617.476000, nodes: 0(120000.00, 120000.00) 498 31 1385(53639.00, 53639.00) 203 809 0(4466.00, 4466.00)
route 89, node_num 7, cost 1560.370000, nodes: 0(120000.00, 120000.00) 506 19 376 829 55 0(8545.00, 8545.00)
route 90, node_num 7, cost 1279.852000, nodes: 0(120000.00, 120000.00) 508 989 459 210 333 0(28582.00, 28582.00)
route 91, node_num 4, cost 351.008000, nodes: 0(120000.00, 120000.00) 381 216 0(94928.00, 94928.00)
route 92, node_num 7, cost 1650.222000, nodes: 0(120000.00, 120000.00) 537 366 755 596 750 0(2127.00, 2127.00)
route 93, node_num 7, cost 657.454000, nodes: 0(120000.00, 120000.00) 540 569 467 800 741 0(73039.00, 73039.00)
route 94, node_num 7, cost 1648.038000, nodes: 0(120000.00, 120000.00) 541 1101(87926.00, 87926.00) 276 198 725 0(2283.00, 2283.00)
route 95, node_num 9, cost 1913.674000, nodes: 0(120000.00, 120000.00) 545 1173(97824.00, 114515.00) 389 594 32 525 869 0(0.00, 0.00)
route 96, node_num 8, cost 1686.748000, nodes: 0(120000.00, 120000.00) 547 961 794 309 710 1290(35619.00, 36101.00) 0(0.00, 0.00)
route 97, node_num 8, cost 1812.664000, nodes: 0(120000.00, 120000.00) 548 1283(90543.00, 100019.00) 425 765 236 776 0(0.00, 0.00)
route 98, node_num 8, cost 1296.008000, nodes: 0(120000.00, 120000.00) 549 396 152 843 287 448 0(27428.00, 27428.00)
route 99, node_num 8, cost 1732.234000, nodes: 0(120000.00, 120000.00) 556 680 940 80 1303(39286.00, 39286.00) 1179(8096.00, 11827.00) 0(0.00, 0.00)
route 100, node_num 7, cost 1511.608000, nodes: 0(120000.00, 120000.00) 561 557 600 507 220 0(12028.00, 12028.00)
route 101, node_num 8, cost 1617.392000, nodes: 0(120000.00, 120000.00) 563 472 141 742 67 477 0(4472.00, 4472.00)
route 102, node_num 4, cost 1357.342000, nodes: 0(120000.00, 120000.00) 565 950 0(23047.00, 23047.00)
route 103, node_num 6, cost 1596.686000, nodes: 0(120000.00, 120000.00) 1345(94527.00, 94527.00) 718 874 813 0(5951.00, 5951.00)
route 104, node_num 9, cost 1870.820000, nodes: 0(120000.00, 120000.00) 570 657 586 1231(71771.00, 71771.00) 526 209 1305(40274.00, 53904.00) 0(0.00, 0.00)
route 105, node_num 7, cost 1783.628000, nodes: 0(120000.00, 120000.00) 577 643 202 483 1209(27475.00, 34877.00) 0(0.00, 0.00)
route 106, node_num 8, cost 1550.584000, nodes: 0(120000.00, 120000.00) 1397(109074.00, 109074.00) 785 583 516 299 679 0(9244.00, 9244.00)
route 107, node_num 6, cost 987.994000, nodes: 0(120000.00, 120000.00) 579 987 509 7 0(49429.00, 49429.00)
route 108, node_num 7, cost 1637.944000, nodes: 0(120000.00, 120000.00) 585 113 474 919 1198(36461.00, 36461.00) 0(3004.00, 3004.00)
route 109, node_num 9, cost 1770.174000, nodes: 0(120000.00, 120000.00) 587 654 1030(95099.00, 95099.00) 552 872 1349(47887.00, 54328.00) 35 0(0.00, 0.00)
route 110, node_num 7, cost 1746.640000, nodes: 0(120000.00, 120000.00) 591 936 1063(55928.00, 60688.00) 10 278 0(0.00, 0.00)
route 111, node_num 4, cost 1454.586000, nodes: 0(120000.00, 120000.00) 598 298 0(16101.00, 16101.00)
route 112, node_num 5, cost 1264.592000, nodes: 0(120000.00, 120000.00) 321 669 728 0(29672.00, 29672.00)
route 113, node_num 8, cost 1348.648000, nodes: 0(120000.00, 120000.00) 604 605 40 712 486 783 0(23668.00, 23668.00)
route 114, node_num 5, cost 1614.298000, nodes: 0(120000.00, 120000.00) 610 736 571 0(4693.00, 4693.00)
route 115, node_num 7, cost 1784.636000, nodes: 0(120000.00, 120000.00) 618 627 27 991 1260(15245.00, 22719.00) 0(0.00, 0.00)
route 116, node_num 5, cost 1449.504000, nodes: 0(120000.00, 120000.00) 623 760 673 0(16464.00, 16464.00)
route 117, node_num 5, cost 933.212000, nodes: 0(120000.00, 120000.00) 634 538 14 0(53342.00, 53342.00)
route 118, node_num 6, cost 1659.812000, nodes: 0(120000.00, 120000.00) 640 992 822 682 0(1442.00, 1442.00)
route 119, node_num 6, cost 1262.450000, nodes: 0(120000.00, 120000.00) 650 824 754 946 0(29825.00, 29825.00)
route 120, node_num 6, cost 528.388000, nodes: 0(120000.00, 120000.00) 651 57 201 458 0(82258.00, 82258.00)
route 121, node_num 5, cost 1604.498000, nodes: 0(120000.00, 120000.00) 655 707 241 0(5393.00, 5393.00)
route 122, node_num 8, cost 1303.526000, nodes: 0(120000.00, 120000.00) 658 593 721 305 889 1286(31982.00, 31982.00) 0(26891.00, 26891.00)
route 123, node_num 7, cost 1537.830000, nodes: 0(120000.00, 120000.00) 660 485 253 807 1055(26910.00, 26910.00) 0(10155.00, 10155.00)
route 124, node_num 6, cost 1106.378000, nodes: 0(120000.00, 120000.00) 662 734 821 530 0(40973.00, 40973.00)
route 125, node_num 8, cost 714.168000, nodes: 0(120000.00, 120000.00) 664 453 568 123 858 42 0(68988.00, 68988.00)
route 126, node_num 7, cost 823.242000, nodes: 0(120000.00, 120000.00) 675 902 628 135 724 0(61197.00, 61197.00)
route 127, node_num 4, cost 1229.970000, nodes: 0(120000.00, 120000.00) 676 953 0(32145.00, 32145.00)
route 128, node_num 7, cost 1610.252000, nodes: 0(120000.00, 120000.00) 678 845 665 915 200 0(4982.00, 4982.00)
route 129, node_num 6, cost 1636.404000, nodes: 0(120000.00, 120000.00) 683 1056(76792.00, 76792.00) 24 240 0(3114.00, 3114.00)
route 130, node_num 3, cost 1075.452000, nodes: 0(120000.00, 120000.00) 685 0(43182.00, 43182.00)
route 131, node_num 4, cost 1466.276000, nodes: 0(120000.00, 120000.00) 687 91 0(15266.00, 15266.00)
route 132, node_num 5, cost 1061.704000, nodes: 0(120000.00, 120000.00) 696 893 949 0(44164.00, 44164.00)
route 133, node_num 8, cost 1520.834000, nodes: 0(120000.00, 120000.00) 698 51 976 606 810 1148(42263.00, 42263.00) 0(11369.00, 11369.00)
route 134, node_num 9, cost 1861.636000, nodes: 0(120000.00, 120000.00) 700 560 1001(78743.00, 78743.00) 223 466 744 1390(23127.00, 36101.00) 0(0.00, 0.00)
route 135, node_num 7, cost 1474.802000, nodes: 0(120000.00, 120000.00) 702 554 495 438 173 0(14657.00, 14657.00)
route 136, node_num 6, cost 1607.200000, nodes: 0(120000.00, 120000.00) 705 132 337 207 0(5200.00, 5200.00)
route 137, node_num 7, cost 1714.804000, nodes: 0(120000.00, 120000.00) 706 854 208 104 1075(36364.00, 38850.00) 0(0.00, 0.00)
route 138, node_num 7, cost 1703.338000, nodes: 0(120000.00, 120000.00) 708 886 68 786 1213(8069.00, 9736.00) 0(0.00, 0.00)
route 139, node_num 6, cost 1191.568000, nodes: 0(120000.00, 120000.00) 719 178 957 830 0(34888.00, 34888.00)
route 140, node_num 8, cost 1867.768000, nodes: 0(120000.00, 120000.00) 720 190 971 352 407 1048(17482.00, 30894.00) 0(0.00, 0.00)
route 141, node_num 7, cost 1060.542000, nodes: 0(120000.00, 120000.00) 733 359 694 491 645 0(44247.00, 44247.00)
route 142, node_num 6, cost 1647.506000, nodes: 0(120000.00, 120000.00) 749 112 222 134 0(2321.00, 2321.00)
route 143, node_num 4, cost 1506.386000, nodes: 0(120000.00, 120000.00) 752 120 0(12401.00, 12401.00)
route 144, node_num 7, cost 1923.964000, nodes: 0(120000.00, 120000.00) 759 263 92 938 1360(5293.00, 22719.00) 0(0.00, 0.00)
route 145, node_num 7, cost 1081.038000, nodes: 0(120000.00, 120000.00) 761 261 286 171 346 0(42783.00, 42783.00)
route 146, node_num 7, cost 1475.530000, nodes: 0(120000.00, 120000.00) 762 315 455 205 288 0(14605.00, 14605.00)
route 147, node_num 6, cost 849.044000, nodes: 0(120000.00, 120000.00) 766 595 82 147 0(59354.00, 59354.00)
route 148, node_num 7, cost 1579.382000, nodes: 0(120000.00, 120000.00) 772 424 78 653 1192(53486.00, 53486.00) 0(7187.00, 7187.00)
route 149, node_num 8, cost 2046.786000, nodes: 0(120000.00, 120000.00) 775 79 519 402 248 1309(8678.00, 34877.00) 0(0.00, 0.00)
route 150, node_num 6, cost 1047.270000, nodes: 0(120000.00, 120000.00) 777 943 53 119 0(45195.00, 45195.00)
route 151, node_num 8, cost 1874.250000, nodes: 0(120000.00, 120000.00) 795 550 769 1041(51621.00, 51621.00) 690 1002(29868.00, 43743.00) 0(0.00, 0.00)
route 152, node_num 7, cost 1742.566000, nodes: 0(120000.00, 120000.00) 1138(101984.00, 106453.00) 796 22 72 711 0(0.00, 0.00)
route 153, node_num 5, cost 761.950000, nodes: 0(120000.00, 120000.00) 797 488 324 0(65575.00, 65575.00)
route 154, node_num 8, cost 869.512000, nodes: 0(120000.00, 120000.00) 798 914 484 566 70 336 0(57892.00, 57892.00)
route 155, node_num 5, cost 1402.828000, nodes: 0(120000.00, 120000.00) 801 731 816 0(19798.00, 19798.00)
route 156, node_num 7, cost 1409.688000, nodes: 0(120000.00, 120000.00) 804 102 413 374 853 0(19308.00, 19308.00)
route 157, node_num 6, cost 958.678000, nodes: 0(120000.00, 120000.00) 808 138 689 864 0(51523.00, 51523.00)
route 158, node_num 3, cost 1249.584000, nodes: 0(120000.00, 120000.00) 811 0(30744.00, 30744.00)
route 159, node_num 8, cost 1758.792000, nodes: 0(120000.00, 120000.00) 430 901 978 356 814 1091(1413.00, 7041.00) 0(0.00, 0.00)
route 160, node_num 9, cost 1961.218000, nodes: 0(120000.00, 120000.00) 820 1156(76553.00, 76553.00) 966 1005(50906.00, 50906.00) 400 909 1219(4663.00, 24750.00) 0(0.00, 0.00)
route 161, node_num 7, cost 1576.610000, nodes: 0(120000.00, 120000.00) 343 218 851 158 1364(27568.00, 27568.00) 0(7385.00, 7385.00)
route 162, node_num 5, cost 1264.984000, nodes: 0(120000.00, 120000.00) 825 341 270 0(29644.00, 29644.00)
route 163, node_num 6, cost 454.006000, nodes: 0(120000.00, 120000.00) 831 212 357 751 0(87571.00, 87571.00)
route 164, node_num 8, cost 1479.744000, nodes: 0(120000.00, 120000.00) 832 262 952 510 283 1119(39054.00, 39054.00) 0(14304.00, 14304.00)
route 165, node_num 9, cost 1675.198000, nodes: 0(120000.00, 120000.00) 834 501 1074(80475.00, 80475.00) 613 608 250 1291(7384.00, 7384.00) 0(343.00, 343.00)
route 166, node_num 7, cost 1628.606000, nodes: 0(120000.00, 120000.00) 837 238 362 144 1060(26390.00, 26390.00) 0(3671.00, 3671.00)
route 167, node_num 7, cost 1277.416000, nodes: 0(120000.00, 120000.00) 838 61 656 410 391 0(28756.00, 28756.00)
route 168, node_num 9, cost 589.386000, nodes: 0(120000.00, 120000.00) 839 674 973 948 908 462 995 0(77901.00, 77901.00)
route 169, node_num 7, cost 1139.194000, nodes: 0(120000.00, 120000.00) 850 247 812 146 787 0(38629.00, 38629.00)
route 170, node_num 6, cost 1599.556000, nodes: 0(120000.00, 120000.00) 855 401 370 847 0(5746.00, 5746.00)
route 171, node_num 5, cost 1490.734000, nodes: 0(120000.00, 120000.00) 866 116 382 0(13519.00, 13519.00)
route 172, node_num 8, cost 970.480000, nodes: 0(120000.00, 120000.00) 881 280 747 667 715 841 0(50680.00, 50680.00)
route 173, node_num 7, cost 1754.774000, nodes: 0(120000.00, 120000.00) 882 1031(83199.00, 88540.00) 145 581 779 0(0.00, 0.00)
route 174, node_num 8, cost 1834.126000, nodes: 0(120000.00, 120000.00) 883 637 780 29 316 1246(41922.00, 52931.00) 0(0.00, 0.00)
route 175, node_num 8, cost 1758.694000, nodes: 0(120000.00, 120000.00) 884 1226(87932.00, 93553.00) 895 330 94 693 0(0.00, 0.00)
route 176, node_num 8, cost 1797.684000, nodes: 0(120000.00, 120000.00) 885 439 151 308 717 1019(16344.00, 24750.00) 0(0.00, 0.00)
route 177, node_num 5, cost 1437.100000, nodes: 0(120000.00, 120000.00) 887 819 739 0(17350.00, 17350.00)
route 178, node_num 7, cost 950.642000, nodes: 0(120000.00, 120000.00) 888 174 970 611 512 0(52097.00, 52097.00)
route 179, node_num 8, cost 2028.026000, nodes: 0(120000.00, 120000.00) 899 183 66 1168(49435.00, 65586.00) 43 1372(0.00, 8708.00) 0(0.00, 0.00)
route 180, node_num 7, cost 1459.430000, nodes: 0(120000.00, 120000.00) 910 17 515 6 986 0(15755.00, 15755.00)
route 181, node_num 7, cost 908.628000, nodes: 0(120000.00, 120000.00) 911 670 767 310 156 0(55098.00, 55098.00)
route 182, node_num 7, cost 1478.400000, nodes: 0(120000.00, 120000.00) 921 934 677 691 802 0(14400.00, 14400.00)
route 183, node_num 7, cost 1158.780000, nodes: 0(120000.00, 120000.00) 926 3 688 551 117 0(37230.00, 37230.00)
route 184, node_num 7, cost 1982.120000, nodes: 0(120000.00, 120000.00) 941 285 5 927 1046(31351.00, 52931.00) 0(0.00, 0.00)
route 185, node_num 8, cost 1938.496000, nodes: 0(120000.00, 120000.00) 944 781 582 440 642 1190(17637.00, 36101.00) 0(0.00, 0.00)
route 186, node_num 8, cost 1651.328000, nodes: 0(120000.00, 120000.00) 951 880 768 935 478 1352(40468.00, 40468.00) 0(2048.00, 2048.00)
route 187, node_num 6, cost 1902.922000, nodes: 0(120000.00, 120000.00) 956 746 323 1296(14153.00, 30076.00) 0(0.00, 0.00)
route 188, node_num 7, cost 1658.678000, nodes: 0(120000.00, 120000.00) 959 505 792 612 182 0(1523.00, 1523.00)
route 189, node_num 5, cost 1615.684000, nodes: 0(120000.00, 120000.00) 960 155 848 0(4594.00, 4594.00)
route 190, node_num 6, cost 1692.222000, nodes: 0(120000.00, 120000.00) 963 714 638 1098(32584.00, 33457.00) 0(0.00, 0.00)
route 191, node_num 7, cost 1428.364000, nodes: 0(120000.00, 120000.00) 964 422 529 354 297 0(17974.00, 17974.00)
route 192, node_num 7, cost 1579.536000, nodes: 0(120000.00, 120000.00) 969 319 912 928 421 0(7176.00, 7176.00)
route 193, node_num 6, cost 1630.202000, nodes: 0(120000.00, 120000.00) 984 877 879 470 0(3557.00, 3557.00)
route 194, node_num 8, cost 1656.200000, nodes: 0(120000.00, 120000.00) 990 559 20 95 968 411 0(1700.00, 1700.00)
route 195, node_num 5, cost 1439.662000, nodes: 0(120000.00, 120000.00) 993 740 101 0(17167.00, 17167.00)
route 196, node_num 10, cost 1439.102000, nodes: 0(120000.00, 120000.00) 994 111 1204(114177.00, 114177.00) 375 891 572 48 1215(59295.00, 59295.00) 0(17207.00, 17207.00)
route 197, node_num 7, cost 1788.402000, nodes: 0(120000.00, 120000.00) 997 1301(85144.00, 92887.00) 69 186 528 0(0.00, 0.00)
route 198, node_num 9, cost 1573.740000, nodes: 0(120000.00, 120000.00) 1004(114583.00, 118583.00) 580 533 377 73 194 1092(57889.00, 57889.00) 0(11590.00, 11590.00)
route 199, node_num 9, cost 1947.974000, nodes: 0(120000.00, 120000.00) 1013(106152.00, 110152.00) 409 418 543 426 835 1214(29609.00, 44750.00) 0(0.00, 0.00)
route 200, node_num 7, cost 1190.686000, nodes: 0(120000.00, 120000.00) 302 697 88 500 63 0(34951.00, 34951.00)
route 201, node_num 7, cost 1544.172000, nodes: 0(120000.00, 120000.00) 1028(112837.00, 120000.00) 64 615 204 28 0(16865.00, 16865.00)
route 202, node_num 7, cost 1665.832000, nodes: 0(120000.00, 120000.00) 1029(89163.00, 120000.00) 494 945 37 130 0(31849.00, 31849.00)
route 203, node_num 8, cost 1739.024000, nodes: 0(120000.00, 120000.00) 1032(86549.00, 90765.00) 513 163 412 758 358 0(0.00, 0.00)
route 204, node_num 8, cost 1484.238000, nodes: 0(120000.00, 120000.00) 1033(110242.00, 110242.00) 168 385 188 364 972 0(13983.00, 13983.00)
route 205, node_num 8, cost 1709.008000, nodes: 0(120000.00, 120000.00) 502 355 619 373 279 1143(14445.00, 16517.00) 0(0.00, 0.00)
route 206, node_num 9, cost 1715.980000, nodes: 0(120000.00, 120000.00) 1035(84119.00, 84119.00) 709 842 492 436 161 1391(4471.00, 7041.00) 0(0.00, 0.00)
route 207, node_num 6, cost 1316.210000, nodes: 0(120000.00, 120000.00) 1036(104529.00, 104529.00) 36 1099(94047.00, 94047.00) 232 0(25985.00, 25985.00)
route 208, node_num 7, cost 1636.334000, nodes: 0(120000.00, 120000.00) 1045(94527.00, 94527.00) 157 461 980 252 0(3119.00, 3119.00)
route 209, node_num 7, cost 1690.584000, nodes: 0(120000.00, 120000.00) 1054(97972.00, 98728.00) 898 900 170 729 0(0.00, 0.00)
route 210, node_num 9, cost 1609.440000, nodes: 0(120000.00, 120000.00) 1072(109258.00, 109258.00) 1 89 856 517 13 1278(49306.00, 49306.00) 0(5040.00, 5040.00)
route 211, node_num 9, cost 1911.644000, nodes: 0(120000.00, 120000.00) 1073(97835.00, 97835.00) 907 378 26 857 947 1131(20344.00, 36890.00) 0(0.00, 0.00)
route 212, node_num 7, cost 1707.972000, nodes: 0(120000.00, 120000.00) 1083(90546.00, 92544.00) 273 703 672 635 0(0.00, 0.00)
route 213, node_num 8, cost 1846.068000, nodes: 0(120000.00, 120000.00) 1086(112711.00, 120000.00) 652 844 974 852 1314(40177.00, 44750.00) 0(0.00, 0.00)
route 214, node_num 9, cost 1660.988000, nodes: 0(120000.00, 120000.00) 1104(114583.00, 114583.00) 574 390 25 320 534 1043(17875.00, 17875.00) 0(1358.00, 1358.00)
route 215, node_num 7, cost 1585.360000, nodes: 0(120000.00, 120000.00) 1112(114641.00, 114641.00) 334 756 242 863 0(6760.00, 6760.00)
route 216, node_num 7, cost 1863.344000, nodes: 0(120000.00, 120000.00) 1129(89163.00, 113163.00) 499 125 291 369 0(10904.00, 10904.00)
route 217, node_num 7, cost 1876.588000, nodes: 0(120000.00, 120000.00) 1130(107271.00, 107271.00) 967 701 1125(21591.00, 35633.00) 221 0(0.00, 0.00)
route 218, node_num 7, cost 1478.778000, nodes: 0(120000.00, 120000.00) 1225(97482.00, 97482.00) 444 998 192 312 0(14373.00, 14373.00)
route 219, node_num 8, cost 1795.752000, nodes: 0(120000.00, 120000.00) 1133(110242.00, 110242.00) 368 60 573 363 1333(1487.00, 9755.00) 0(0.00, 0.00)
route 220, node_num 7, cost 1625.470000, nodes: 0(120000.00, 120000.00) 1135(84119.00, 84119.00) 180 681 406 597 0(3895.00, 3895.00)
route 221, node_num 7, cost 1647.184000, nodes: 0(120000.00, 120000.00) 1145(94527.00, 94527.00) 860 143 873 214 0(2344.00, 2344.00)
route 222, node_num 7, cost 1759.030000, nodes: 0(120000.00, 120000.00) 1154(97972.00, 103617.00) 44 514 350 106 0(0.00, 0.00)
route 223, node_num 8, cost 1795.164000, nodes: 0(120000.00, 120000.00) 1174(83303.00, 83303.00) 876 770 868 633 1109(26651.00, 34877.00) 0(0.00, 0.00)
route 224, node_num 8, cost 1611.568000, nodes: 0(120000.00, 120000.00) 1175(81210.00, 120000.00) 449 243 76 258 372 0(43678.00, 43678.00)
route 225, node_num 6, cost 1670.340000, nodes: 0(120000.00, 120000.00) 1180(86483.00, 86483.00) 790 958 778 0(690.00, 690.00)
route 226, node_num 7, cost 1751.624000, nodes: 0(120000.00, 120000.00) 1201(89828.00, 97828.00) 916 476 215 918 0(2884.00, 2884.00)
route 227, node_num 8, cost 1824.830000, nodes: 0(120000.00, 120000.00) 1212(114641.00, 114641.00) 371 256 39 722 1355(6410.00, 16755.00) 0(0.00, 0.00)
route 228, node_num 6, cost 1236.004000, nodes: 0(120000.00, 120000.00) 404 867 630 601 0(31714.00, 31714.00)
route 229, node_num 8, cost 1473.458000, nodes: 0(120000.00, 120000.00) 1228(112837.00, 112837.00) 137 663 384 441 1000 0(14753.00, 14753.00)
route 230, node_num 7, cost 1899.072000, nodes: 0(120000.00, 120000.00) 1229(89163.00, 105163.00) 15 128 931 897 0(352.00, 352.00)
route 231, node_num 8, cost 1858.178000, nodes: 0(120000.00, 120000.00) 1232(86549.00, 89540.00) 716 114 735 428 1313(0.00, 9736.00) 0(0.00, 0.00)
route 232, node_num 10, cost 1790.348000, nodes: 0(120000.00, 120000.00) 1233(110242.00, 110242.00) 861 788 803 281 1144(49720.00, 49720.00) 965 1172(826.00, 8708.00) 0(0.00, 0.00)
route 233, node_num 8, cost 1823.094000, nodes: 0(120000.00, 120000.00) 142 979 177 244 704 1080(23024.00, 33245.00) 0(0.00, 0.00)
route 234, node_num 8, cost 1855.042000, nodes: 0(120000.00, 120000.00) 1273(97835.00, 97835.00) 181 162 985 77 1164(7680.00, 20183.00) 0(0.00, 0.00)
route 235, node_num 7, cost 1255.968000, nodes: 0(120000.00, 120000.00) 1297(109074.00, 109074.00) 340 894 539 434 0(30288.00, 30288.00)
route 236, node_num 6, cost 1637.776000, nodes: 0(120000.00, 120000.00) 937 602 942 771 0(3016.00, 3016.00)
route 237, node_num 6, cost 1513.414000, nodes: 0(120000.00, 120000.00) 1312(114641.00, 120000.00) 199 924 259 0(17258.00, 17258.00)
route 238, node_num 8, cost 1798.608000, nodes: 0(120000.00, 120000.00) 1325(97482.00, 105954.00) 542 913 266 555 52 0(0.00, 0.00)
route 239, node_num 6, cost 1568.910000, nodes: 0(120000.00, 120000.00) 1328(112837.00, 112837.00) 251 745 730 0(7935.00, 7935.00)
route 240, node_num 7, cost 1589.238000, nodes: 0(120000.00, 120000.00) 1330(107271.00, 120000.00) 614 54 435 748 0(19212.00, 19212.00)
route 241, node_num 8, cost 1898.890000, nodes: 0(120000.00, 120000.00) 1331(83199.00, 98834.00) 520 590 460 774 840 0(0.00, 0.00)
route 242, node_num 9, cost 1716.344000, nodes: 0(120000.00, 120000.00) 1332(86549.00, 120000.00) 564 553 917 905 826 1272(39563.00, 39563.00) 0(30855.00, 30855.00)
route 243, node_num 9, cost 1417.486000, nodes: 0(120000.00, 120000.00) 1335(84119.00, 120000.00) 284 235 836 576 988 1090(90733.00, 90733.00) 0(54632.00, 54632.00)
vehicle (route) number: 244
Total cost: 433666.83
433666.83, 16276.26
