Details of the solution:
route 0, node_num 6, cost 1617.462000, nodes: 0(120000.00, 120000.00) 2 767 283 506 0(4467.00, 4467.00)
route 1, node_num 6, cost 1224.594000, nodes: 0(120000.00, 120000.00) 6 567 718 47 0(32529.00, 32529.00)
route 2, node_num 5, cost 1258.754000, nodes: 0(120000.00, 120000.00) 7 991 188 0(30089.00, 30089.00)
route 3, node_num 7, cost 1627.052000, nodes: 0(120000.00, 120000.00) 8 812 507 208 530 0(3782.00, 3782.00)
route 4, node_num 6, cost 1432.144000, nodes: 0(120000.00, 120000.00) 16 623 127 98 0(17704.00, 17704.00)
route 5, node_num 4, cost 864.024000, nodes: 0(120000.00, 120000.00) 21 254 0(58284.00, 58284.00)
route 6, node_num 7, cost 1294.118000, nodes: 0(120000.00, 120000.00) 31 754 738 399 269 0(27563.00, 27563.00)
route 7, node_num 7, cost 1874.600000, nodes: 0(120000.00, 120000.00) 41 252 191 256 1395(330.00, 14230.00) 0(0.00, 0.00)
route 8, node_num 5, cost 1572.116000, nodes: 0(120000.00, 120000.00) 43 951 531 0(7706.00, 7706.00)
route 9, node_num 5, cost 1130.038000, nodes: 0(120000.00, 120000.00) 52 4 520 0(39283.00, 39283.00)
route 10, node_num 7, cost 1453.088000, nodes: 0(120000.00, 120000.00) 55 929 654 486 192 0(16208.00, 16208.00)
route 11, node_num 4, cost 269.542000, nodes: 0(120000.00, 120000.00) 57 201 0(100747.00, 100747.00)
route 12, node_num 5, cost 891.940000, nodes: 0(120000.00, 120000.00) 64 505 88 0(56290.00, 56290.00)
route 13, node_num 6, cost 1561.098000, nodes: 0(120000.00, 120000.00) 68 144 345 414 0(8493.00, 8493.00)
route 14, node_num 5, cost 1651.930000, nodes: 0(120000.00, 120000.00) 80 690 373 0(2005.00, 2005.00)
route 15, node_num 7, cost 1763.888000, nodes: 0(120000.00, 120000.00) 84 881 474 291 1351(53151.00, 59143.00) 0(0.00, 0.00)
route 16, node_num 7, cost 1648.290000, nodes: 0(120000.00, 120000.00) 89 85 435 666 265 0(2265.00, 2265.00)
route 17, node_num 6, cost 1470.630000, nodes: 0(120000.00, 120000.00) 90 235 444 376 0(14955.00, 14955.00)
route 18, node_num 6, cost 1466.052000, nodes: 0(120000.00, 120000.00) 91 15 525 749 0(15282.00, 15282.00)
route 19, node_num 6, cost 1566.572000, nodes: 0(120000.00, 120000.00) 93 515 542 1381(45351.00, 45351.00) 0(8102.00, 8102.00)
route 20, node_num 4, cost 1401.386000, nodes: 0(120000.00, 120000.00) 100 990 0(19901.00, 19901.00)
route 21, node_num 6, cost 1048.082000, nodes: 0(120000.00, 120000.00) 119 898 833 354 0(45137.00, 45137.00)
route 22, node_num 9, cost 417.522000, nodes: 0(120000.00, 120000.00) 123 841 338 12 189 111 837 0(90177.00, 90177.00)
route 23, node_num 7, cost 1694.448000, nodes: 0(120000.00, 120000.00) 126 292 1354(57750.00, 58782.00) 157 773 0(0.00, 0.00)
route 24, node_num 8, cost 1529.696000, nodes: 0(120000.00, 120000.00) 131 496 958 723 463 1339(60309.00, 60309.00) 0(10736.00, 10736.00)
route 25, node_num 4, cost 1550.542000, nodes: 0(120000.00, 120000.00) 132 308 0(9247.00, 9247.00)
route 26, node_num 8, cost 871.766000, nodes: 0(120000.00, 120000.00) 133 913 846 375 187 865 0(57731.00, 57731.00)
route 27, node_num 7, cost 1283.926000, nodes: 0(120000.00, 120000.00) 135 985 853 906 721 0(28291.00, 28291.00)
route 28, node_num 7, cost 1641.122000, nodes: 0(120000.00, 120000.00) 146 1184(84624.00, 120000.00) 76 794 856 0(38153.00, 38153.00)
route 29, node_num 5, cost 1176.196000, nodes: 0(120000.00, 120000.00) 154 618 509 0(35986.00, 35986.00)
route 30, node_num 5, cost 1503.726000, nodes: 0(120000.00, 120000.00) 158 615 617 0(12591.00, 12591.00)
route 31, node_num 5, cost 1620.752000, nodes: 0(120000.00, 120000.00) 160 426 197 0(4232.00, 4232.00)
route 32, node_num 5, cost 1064.980000, nodes: 0(120000.00, 120000.00) 161 547 687 0(43930.00, 43930.00)
route 33, node_num 5, cost 1655.052000, nodes: 0(120000.00, 120000.00) 163 555 997 0(1782.00, 1782.00)
route 34, node_num 8, cost 1301.006000, nodes: 0(120000.00, 120000.00) 166 880 940 103 945 674 0(27071.00, 27071.00)
route 35, node_num 6, cost 984.984000, nodes: 0(120000.00, 120000.00) 171 792 423 559 0(49644.00, 49644.00)
route 36, node_num 6, cost 1513.988000, nodes: 0(120000.00, 120000.00) 173 443 169 641 0(11858.00, 11858.00)
route 37, node_num 6, cost 1172.444000, nodes: 0(120000.00, 120000.00) 174 591 434 203 0(36254.00, 36254.00)
route 38, node_num 8, cost 1511.356000, nodes: 0(120000.00, 120000.00) 178 86 28 104 54 1392(34237.00, 34237.00) 0(12046.00, 12046.00)
route 39, node_num 6, cost 1572.452000, nodes: 0(120000.00, 120000.00) 183 877 406 961 0(7682.00, 7682.00)
route 40, node_num 6, cost 1558.830000, nodes: 0(120000.00, 120000.00) 190 186 476 369 0(8655.00, 8655.00)
route 41, node_num 7, cost 1344.056000, nodes: 0(120000.00, 120000.00) 195 685 490 573 695 0(23996.00, 23996.00)
route 42, node_num 6, cost 2045.638000, nodes: 0(120000.00, 120000.00) 198 273 679 1128(6887.00, 33004.00) 0(0.00, 0.00)
route 43, node_num 6, cost 1617.098000, nodes: 0(120000.00, 120000.00) 199 226 908 630 0(4493.00, 4493.00)
route 44, node_num 5, cost 1576.974000, nodes: 0(120000.00, 120000.00) 204 981 121 0(7359.00, 7359.00)
route 45, node_num 7, cost 1844.920000, nodes: 0(120000.00, 120000.00) 210 601 709 83 1277(8243.00, 20023.00) 0(0.00, 0.00)
route 46, node_num 6, cost 1281.336000, nodes: 0(120000.00, 120000.00) 213 628 97 385 0(28476.00, 28476.00)
route 47, node_num 5, cost 1593.746000, nodes: 0(120000.00, 120000.00) 217 575 106 0(6161.00, 6161.00)
route 48, node_num 7, cost 920.136000, nodes: 0(120000.00, 120000.00) 218 942 939 578 361 0(54276.00, 54276.00)
route 49, node_num 8, cost 1607.942000, nodes: 0(120000.00, 120000.00) 220 554 868 73 589 1081(42396.00, 42396.00) 0(5147.00, 5147.00)
route 50, node_num 6, cost 1585.108000, nodes: 0(120000.00, 120000.00) 222 751 764 766 0(6778.00, 6778.00)
route 51, node_num 7, cost 1096.746000, nodes: 0(120000.00, 120000.00) 228 147 82 384 346 0(41661.00, 41661.00)
route 52, node_num 5, cost 1684.256000, nodes: 0(120000.00, 120000.00) 229 800 1113(49812.00, 50116.00) 0(0.00, 0.00)
route 53, node_num 7, cost 1768.928000, nodes: 0(120000.00, 120000.00) 231 909 875 923 1211(41192.00, 47544.00) 0(0.00, 0.00)
route 54, node_num 6, cost 1594.698000, nodes: 0(120000.00, 120000.00) 232 319 785 632 0(6093.00, 6093.00)
route 55, node_num 6, cost 1333.388000, nodes: 0(120000.00, 120000.00) 239 699 379 113 0(24758.00, 24758.00)
route 56, node_num 5, cost 1407.896000, nodes: 0(120000.00, 120000.00) 246 517 895 0(19436.00, 19436.00)
route 57, node_num 6, cost 998.900000, nodes: 0(120000.00, 120000.00) 247 581 471 979 0(48650.00, 48650.00)
route 58, node_num 8, cost 1760.150000, nodes: 0(120000.00, 120000.00) 255 102 888 616 613 1215(25816.00, 31541.00) 0(0.00, 0.00)
route 59, node_num 5, cost 1406.398000, nodes: 0(120000.00, 120000.00) 259 302 894 0(19543.00, 19543.00)
route 60, node_num 6, cost 397.586000, nodes: 0(120000.00, 120000.00) 261 290 532 556 0(91601.00, 91601.00)
route 61, node_num 5, cost 567.378000, nodes: 0(120000.00, 120000.00) 266 702 9 0(79473.00, 79473.00)
route 62, node_num 5, cost 1035.370000, nodes: 0(120000.00, 120000.00) 267 860 374 0(46045.00, 46045.00)
route 63, node_num 8, cost 2121.000000, nodes: 0(120000.00, 120000.00) 284 592 74 782 1122(8244.00, 8244.00) 1222(8244.00, 39744.00) 0(0.00, 0.00)
route 64, node_num 6, cost 1429.526000, nodes: 0(120000.00, 120000.00) 288 335 407 487 0(17891.00, 17891.00)
route 65, node_num 8, cost 1846.054000, nodes: 0(120000.00, 120000.00) 289 358 649 866 831 1194(22116.00, 33977.00) 0(0.00, 0.00)
route 66, node_num 6, cost 1660.638000, nodes: 0(120000.00, 120000.00) 293 470 849 911 0(1383.00, 1383.00)
route 67, node_num 5, cost 1481.718000, nodes: 0(120000.00, 120000.00) 294 819 77 0(14163.00, 14163.00)
route 68, node_num 5, cost 625.730000, nodes: 0(120000.00, 120000.00) 295 270 61 0(75305.00, 75305.00)
route 69, node_num 6, cost 931.980000, nodes: 0(120000.00, 120000.00) 296 142 851 705 0(53430.00, 53430.00)
route 70, node_num 5, cost 1399.860000, nodes: 0(120000.00, 120000.00) 303 120 96 0(20010.00, 20010.00)
route 71, node_num 7, cost 1791.342000, nodes: 0(120000.00, 120000.00) 321 1260(76664.00, 84617.00) 872 952 916 0(0.00, 0.00)
route 72, node_num 7, cost 927.878000, nodes: 0(120000.00, 120000.00) 326 445 156 70 938 0(53723.00, 53723.00)
route 73, node_num 7, cost 1410.220000, nodes: 0(120000.00, 120000.00) 328 822 360 234 263 0(19270.00, 19270.00)
route 74, node_num 6, cost 852.614000, nodes: 0(120000.00, 120000.00) 333 175 602 300 0(59099.00, 59099.00)
route 75, node_num 4, cost 892.416000, nodes: 0(120000.00, 120000.00) 19 605 0(56256.00, 56256.00)
route 76, node_num 7, cost 1251.572000, nodes: 0(120000.00, 120000.00) 341 403 826 110 370 0(30602.00, 30602.00)
route 77, node_num 5, cost 977.998000, nodes: 0(120000.00, 120000.00) 344 116 205 0(50143.00, 50143.00)
route 78, node_num 4, cost 98.364000, nodes: 0(120000.00, 120000.00) 347 455 0(112974.00, 112974.00)
route 79, node_num 7, cost 1225.420000, nodes: 0(120000.00, 120000.00) 351 664 39 650 159 0(32470.00, 32470.00)
route 80, node_num 7, cost 1660.750000, nodes: 0(120000.00, 120000.00) 357 796 910 845 693 0(1375.00, 1375.00)
route 81, node_num 5, cost 1641.836000, nodes: 0(120000.00, 120000.00) 362 309 78 0(2726.00, 2726.00)
route 82, node_num 4, cost 1131.718000, nodes: 0(120000.00, 120000.00) 367 421 0(39163.00, 39163.00)
route 83, node_num 6, cost 1397.550000, nodes: 0(120000.00, 120000.00) 372 298 363 538 0(20175.00, 20175.00)
route 84, node_num 8, cost 1724.926000, nodes: 0(120000.00, 120000.00) 382 625 452 701 176 1056(20169.00, 23378.00) 0(0.00, 0.00)
route 85, node_num 6, cost 1458.002000, nodes: 0(120000.00, 120000.00) 383 799 781 886 0(15857.00, 15857.00)
route 86, node_num 5, cost 1660.204000, nodes: 0(120000.00, 120000.00) 386 825 274 0(1414.00, 1414.00)
route 87, node_num 7, cost 1541.078000, nodes: 0(120000.00, 120000.00) 388 461 850 66 1323(14437.00, 14437.00) 0(9923.00, 9923.00)
route 88, node_num 4, cost 1010.352000, nodes: 0(120000.00, 120000.00) 391 820 0(47832.00, 47832.00)
route 89, node_num 4, cost 1199.128000, nodes: 0(120000.00, 120000.00) 393 353 0(34348.00, 34348.00)
route 90, node_num 5, cost 1351.210000, nodes: 0(120000.00, 120000.00) 394 957 707 0(23485.00, 23485.00)
route 91, node_num 5, cost 1526.658000, nodes: 0(120000.00, 120000.00) 395 579 920 0(10953.00, 10953.00)
route 92, node_num 7, cost 1767.710000, nodes: 0(120000.00, 120000.00) 400 950 20 95 1218(2702.00, 8967.00) 0(0.00, 0.00)
route 93, node_num 5, cost 1510.306000, nodes: 0(120000.00, 120000.00) 409 318 527 0(12121.00, 12121.00)
route 94, node_num 5, cost 1552.824000, nodes: 0(120000.00, 120000.00) 411 714 35 0(9084.00, 9084.00)
route 95, node_num 7, cost 1304.730000, nodes: 0(120000.00, 120000.00) 415 655 499 724 647 0(26805.00, 26805.00)
route 96, node_num 5, cost 1153.432000, nodes: 0(120000.00, 120000.00) 422 17 342 0(37612.00, 37612.00)
route 97, node_num 4, cost 1512.336000, nodes: 0(120000.00, 120000.00) 424 242 0(11976.00, 11976.00)
route 98, node_num 6, cost 1742.076000, nodes: 0(120000.00, 120000.00) 429 236 165 1192(17757.00, 22191.00) 0(0.00, 0.00)
route 99, node_num 5, cost 1455.636000, nodes: 0(120000.00, 120000.00) 432 49 1223(20540.00, 20540.00) 0(16026.00, 16026.00)
route 100, node_num 6, cost 1506.694000, nodes: 0(120000.00, 120000.00) 442 729 257 540 0(12379.00, 12379.00)
route 101, node_num 4, cost 158.144000, nodes: 0(120000.00, 120000.00) 450 464 0(108704.00, 108704.00)
route 102, node_num 5, cost 1193.024000, nodes: 0(120000.00, 120000.00) 453 925 69 0(34784.00, 34784.00)
route 103, node_num 8, cost 1447.460000, nodes: 0(120000.00, 120000.00) 454 959 962 905 436 219 0(16610.00, 16610.00)
route 104, node_num 6, cost 1584.534000, nodes: 0(120000.00, 120000.00) 465 892 60 639 0(6819.00, 6819.00)
route 105, node_num 4, cost 1314.712000, nodes: 0(120000.00, 120000.00) 468 193 0(26092.00, 26092.00)
route 106, node_num 6, cost 1190.238000, nodes: 0(120000.00, 120000.00) 472 446 807 240 0(34983.00, 34983.00)
route 107, node_num 8, cost 1017.744000, nodes: 0(120000.00, 120000.00) 473 789 943 804 115 577 0(47304.00, 47304.00)
route 108, node_num 5, cost 768.782000, nodes: 0(120000.00, 120000.00) 475 541 413 0(65087.00, 65087.00)
route 109, node_num 7, cost 1701.406000, nodes: 0(120000.00, 120000.00) 478 334 11 643 1064(17805.00, 19334.00) 0(0.00, 0.00)
route 110, node_num 5, cost 1600.998000, nodes: 0(120000.00, 120000.00) 480 145 177 0(5643.00, 5643.00)
route 111, node_num 7, cost 1671.572000, nodes: 0(120000.00, 120000.00) 482 797 167 584 998 0(602.00, 602.00)
route 112, node_num 6, cost 1708.490000, nodes: 0(120000.00, 120000.00) 485 533 722 1094(31942.00, 33977.00) 0(0.00, 0.00)
route 113, node_num 6, cost 867.874000, nodes: 0(120000.00, 120000.00) 497 451 241 343 0(58009.00, 58009.00)
route 114, node_num 8, cost 1838.718000, nodes: 0(120000.00, 120000.00) 502 966 809 460 45 1256(12041.00, 23378.00) 0(0.00, 0.00)
route 115, node_num 4, cost 1429.540000, nodes: 0(120000.00, 120000.00) 510 918 0(17890.00, 17890.00)
route 116, node_num 7, cost 1494.332000, nodes: 0(120000.00, 120000.00) 513 574 828 698 1239(62835.00, 62835.00) 0(13262.00, 13262.00)
route 117, node_num 6, cost 1566.180000, nodes: 0(120000.00, 120000.00) 519 330 433 1123(12644.00, 12644.00) 0(8130.00, 8130.00)
route 118, node_num 6, cost 1649.256000, nodes: 0(120000.00, 120000.00) 524 986 238 114 0(2196.00, 2196.00)
route 119, node_num 6, cost 1604.078000, nodes: 0(120000.00, 120000.00) 536 329 79 949 0(5423.00, 5423.00)
route 120, node_num 8, cost 1658.930000, nodes: 0(120000.00, 120000.00) 539 272 62 932 129 1348(34599.00, 34599.00) 0(1505.00, 1505.00)
route 121, node_num 7, cost 1577.674000, nodes: 0(120000.00, 120000.00) 543 657 25 65 184 0(7309.00, 7309.00)
route 122, node_num 6, cost 1239.462000, nodes: 0(120000.00, 120000.00) 544 441 364 984 0(31467.00, 31467.00)
route 123, node_num 6, cost 1635.326000, nodes: 0(120000.00, 120000.00) 545 492 214 743 0(3191.00, 3191.00)
route 124, node_num 6, cost 1625.386000, nodes: 0(120000.00, 120000.00) 546 864 401 416 0(3901.00, 3901.00)
route 125, node_num 8, cost 1889.846000, nodes: 0(120000.00, 120000.00) 551 930 1144(70133.00, 85122.00) 494 827 562 0(0.00, 0.00)
route 126, node_num 6, cost 1309.868000, nodes: 0(120000.00, 120000.00) 553 489 518 947 0(26438.00, 26438.00)
route 127, node_num 6, cost 1309.938000, nodes: 0(120000.00, 120000.00) 557 732 500 611 0(26433.00, 26433.00)
route 128, node_num 7, cost 1150.170000, nodes: 0(120000.00, 120000.00) 558 44 786 817 275 0(37845.00, 37845.00)
route 129, node_num 6, cost 1668.590000, nodes: 0(120000.00, 120000.00) 564 281 202 624 0(815.00, 815.00)
route 130, node_num 7, cost 1223.502000, nodes: 0(120000.00, 120000.00) 565 225 606 600 836 0(32607.00, 32607.00)
route 131, node_num 6, cost 1654.436000, nodes: 0(120000.00, 120000.00) 566 596 816 34 0(1826.00, 1826.00)
route 132, node_num 4, cost 276.724000, nodes: 0(120000.00, 120000.00) 568 498 0(100234.00, 100234.00)
route 133, node_num 5, cost 1158.500000, nodes: 0(120000.00, 120000.00) 569 604 995 0(37250.00, 37250.00)
route 134, node_num 6, cost 1234.814000, nodes: 0(120000.00, 120000.00) 571 332 447 597 0(31799.00, 31799.00)
route 135, node_num 6, cost 1475.628000, nodes: 0(120000.00, 120000.00) 576 438 795 842 0(14598.00, 14598.00)
route 136, node_num 7, cost 1283.534000, nodes: 0(120000.00, 120000.00) 582 759 410 965 688 0(28319.00, 28319.00)
route 137, node_num 6, cost 256.900000, nodes: 0(120000.00, 120000.00) 583 829 462 808 0(101650.00, 101650.00)
route 138, node_num 5, cost 1631.658000, nodes: 0(120000.00, 120000.00) 585 747 638 0(3453.00, 3453.00)
route 139, node_num 5, cost 1403.920000, nodes: 0(120000.00, 120000.00) 587 768 402 0(19720.00, 19720.00)
route 140, node_num 6, cost 1801.660000, nodes: 0(120000.00, 120000.00) 588 969 570 1139(40883.00, 49573.00) 0(0.00, 0.00)
route 141, node_num 7, cost 1648.010000, nodes: 0(120000.00, 120000.00) 594 861 980 244 1167(23698.00, 23698.00) 0(2285.00, 2285.00)
route 142, node_num 7, cost 2069.298000, nodes: 0(120000.00, 120000.00) 595 801 428 668 1294(6170.00, 33977.00) 0(0.00, 0.00)
route 143, node_num 5, cost 771.750000, nodes: 0(120000.00, 120000.00) 280 936 130 0(64875.00, 64875.00)
route 144, node_num 7, cost 1190.518000, nodes: 0(120000.00, 120000.00) 598 304 94 170 456 0(34963.00, 34963.00)
route 145, node_num 5, cost 150.878000, nodes: 0(120000.00, 120000.00) 603 327 286 0(109223.00, 109223.00)
route 146, node_num 7, cost 1249.906000, nodes: 0(120000.00, 120000.00) 612 23 314 301 317 0(30721.00, 30721.00)
route 147, node_num 7, cost 889.028000, nodes: 0(120000.00, 120000.00) 614 963 136 993 798 0(56498.00, 56498.00)
route 148, node_num 6, cost 798.756000, nodes: 0(120000.00, 120000.00) 621 459 968 216 0(62946.00, 62946.00)
route 149, node_num 8, cost 1821.512000, nodes: 0(120000.00, 120000.00) 626 727 101 248 378 1315(21433.00, 31541.00) 0(0.00, 0.00)
route 150, node_num 5, cost 1478.162000, nodes: 0(120000.00, 120000.00) 627 704 954 0(14417.00, 14417.00)
route 151, node_num 6, cost 1673.994000, nodes: 0(120000.00, 120000.00) 629 890 51 1057(2786.00, 2786.00) 0(429.00, 429.00)
route 152, node_num 4, cost 1236.508000, nodes: 0(120000.00, 120000.00) 633 299 0(31678.00, 31678.00)
route 153, node_num 5, cost 1574.846000, nodes: 0(120000.00, 120000.00) 635 112 211 0(7511.00, 7511.00)
route 154, node_num 7, cost 1290.450000, nodes: 0(120000.00, 120000.00) 640 813 994 712 164 0(27825.00, 27825.00)
route 155, node_num 4, cost 1489.516000, nodes: 0(120000.00, 120000.00) 645 620 0(13606.00, 13606.00)
route 156, node_num 4, cost 1486.268000, nodes: 0(120000.00, 120000.00) 646 285 0(13838.00, 13838.00)
route 157, node_num 4, cost 1316.420000, nodes: 0(120000.00, 120000.00) 648 847 0(25970.00, 25970.00)
route 158, node_num 6, cost 1482.614000, nodes: 0(120000.00, 120000.00) 651 352 857 1000 0(14099.00, 14099.00)
route 159, node_num 5, cost 1310.218000, nodes: 0(120000.00, 120000.00) 653 811 803 0(26413.00, 26413.00)
route 160, node_num 6, cost 1516.354000, nodes: 0(120000.00, 120000.00) 659 305 349 207 0(11689.00, 11689.00)
route 161, node_num 5, cost 1521.296000, nodes: 0(120000.00, 120000.00) 665 549 392 0(11336.00, 11336.00)
route 162, node_num 6, cost 1652.882000, nodes: 0(120000.00, 120000.00) 669 972 59 741 0(1937.00, 1937.00)
route 163, node_num 7, cost 429.632000, nodes: 0(120000.00, 120000.00) 671 784 964 467 14 0(89312.00, 89312.00)
route 164, node_num 8, cost 1676.934000, nodes: 0(120000.00, 120000.00) 672 662 200 742 730 1015(31760.00, 31760.00) 0(219.00, 219.00)
route 165, node_num 5, cost 1013.768000, nodes: 0(120000.00, 120000.00) 673 493 36 0(47588.00, 47588.00)
route 166, node_num 6, cost 1745.100000, nodes: 0(120000.00, 120000.00) 680 978 397 1156(18728.00, 23378.00) 0(0.00, 0.00)
route 167, node_num 6, cost 1688.022000, nodes: 0(120000.00, 120000.00) 681 1213(69323.00, 120000.00) 439 818 0(50104.00, 50104.00)
route 168, node_num 5, cost 1624.140000, nodes: 0(120000.00, 120000.00) 682 753 396 0(3990.00, 3990.00)
route 169, node_num 5, cost 1598.478000, nodes: 0(120000.00, 120000.00) 689 389 526 0(5823.00, 5823.00)
route 170, node_num 5, cost 1617.238000, nodes: 0(120000.00, 120000.00) 691 696 271 0(4483.00, 4483.00)
route 171, node_num 8, cost 1919.372000, nodes: 0(120000.00, 120000.00) 692 970 1317(60747.00, 60747.00) 839 677 1281(20151.00, 37249.00) 0(0.00, 0.00)
route 172, node_num 6, cost 1671.936000, nodes: 0(120000.00, 120000.00) 694 516 279 1195(14806.00, 14806.00) 0(576.00, 576.00)
route 173, node_num 7, cost 937.188000, nodes: 0(120000.00, 120000.00) 703 675 514 758 53 0(53058.00, 53058.00)
route 174, node_num 5, cost 1646.442000, nodes: 0(120000.00, 120000.00) 708 904 440 0(2397.00, 2397.00)
route 175, node_num 5, cost 1208.648000, nodes: 0(120000.00, 120000.00) 713 775 563 0(33668.00, 33668.00)
route 176, node_num 5, cost 1537.102000, nodes: 0(120000.00, 120000.00) 715 22 676 0(10207.00, 10207.00)
route 177, node_num 6, cost 845.628000, nodes: 0(120000.00, 120000.00) 716 221 417 1356(82976.00, 82976.00) 0(59598.00, 59598.00)
route 178, node_num 7, cost 2280.166000, nodes: 0(120000.00, 120000.00) 725 874 179 805 1125(2324.00, 45193.00) 0(0.00, 0.00)
route 179, node_num 7, cost 1698.046000, nodes: 0(120000.00, 120000.00) 726 481 420 155 1361(3197.00, 4486.00) 0(0.00, 0.00)
route 180, node_num 7, cost 1390.802000, nodes: 0(120000.00, 120000.00) 728 249 124 371 921 0(20657.00, 20657.00)
route 181, node_num 6, cost 240.478000, nodes: 0(120000.00, 120000.00) 731 24 824 138 0(102823.00, 102823.00)
route 182, node_num 6, cost 1679.762000, nodes: 0(120000.00, 120000.00) 735 258 243 253 0(17.00, 17.00)
route 183, node_num 5, cost 1671.124000, nodes: 0(120000.00, 120000.00) 736 537 1158(13175.00, 13175.00) 0(634.00, 634.00)
route 184, node_num 7, cost 1364.846000, nodes: 0(120000.00, 120000.00) 739 522 642 552 761 0(22511.00, 22511.00)
route 185, node_num 6, cost 1352.022000, nodes: 0(120000.00, 120000.00) 740 823 495 508 0(23427.00, 23427.00)
route 186, node_num 5, cost 1021.804000, nodes: 0(120000.00, 120000.00) 745 636 528 0(47014.00, 47014.00)
route 187, node_num 7, cost 1805.622000, nodes: 0(120000.00, 120000.00) 750 854 862 194 1164(10361.00, 19334.00) 0(0.00, 0.00)
route 188, node_num 7, cost 1931.482000, nodes: 0(120000.00, 120000.00) 755 418 924 209 1147(31235.00, 49198.00) 0(0.00, 0.00)
route 189, node_num 7, cost 1996.694000, nodes: 0(120000.00, 120000.00) 757 348 610 529 1228(10383.00, 33004.00) 0(0.00, 0.00)
route 190, node_num 8, cost 786.254000, nodes: 0(120000.00, 120000.00) 760 778 46 324 977 42 0(63839.00, 63839.00)
route 191, node_num 6, cost 956.466000, nodes: 0(120000.00, 120000.00) 762 340 927 227 0(51681.00, 51681.00)
route 192, node_num 6, cost 467.838000, nodes: 0(120000.00, 120000.00) 765 561 310 212 0(86583.00, 86583.00)
route 193, node_num 7, cost 1774.052000, nodes: 0(120000.00, 120000.00) 769 744 586 1325(43441.00, 50159.00) 315 0(0.00, 0.00)
route 194, node_num 7, cost 1287.412000, nodes: 0(120000.00, 120000.00) 772 268 109 336 404 0(28042.00, 28042.00)
route 195, node_num 7, cost 1011.346000, nodes: 0(120000.00, 120000.00) 774 282 946 763 919 0(47761.00, 47761.00)
route 196, node_num 7, cost 1313.144000, nodes: 0(120000.00, 120000.00) 776 419 117 72 844 0(26204.00, 26204.00)
route 197, node_num 5, cost 1475.460000, nodes: 0(120000.00, 120000.00) 779 63 37 0(14610.00, 14610.00)
route 198, node_num 6, cost 1456.420000, nodes: 0(120000.00, 120000.00) 790 780 323 479 0(15970.00, 15970.00)
route 199, node_num 7, cost 2089.878000, nodes: 0(120000.00, 120000.00) 793 264 835 1313(50757.00, 80034.00) 365 0(0.00, 0.00)
route 200, node_num 7, cost 1646.750000, nodes: 0(120000.00, 120000.00) 806 737 922 748 1264(21709.00, 21709.00) 0(2375.00, 2375.00)
route 201, node_num 6, cost 1613.122000, nodes: 0(120000.00, 120000.00) 814 108 457 1364(24111.00, 24111.00) 0(4777.00, 4777.00)
route 202, node_num 7, cost 742.252000, nodes: 0(120000.00, 120000.00) 830 297 206 140 670 0(66982.00, 66982.00)
route 203, node_num 7, cost 449.918000, nodes: 0(120000.00, 120000.00) 838 967 458 634 381 0(87863.00, 87863.00)
route 204, node_num 6, cost 1603.280000, nodes: 0(120000.00, 120000.00) 848 322 683 1039(55053.00, 55053.00) 0(5480.00, 5480.00)
route 205, node_num 6, cost 1444.198000, nodes: 0(120000.00, 120000.00) 855 196 58 607 0(16843.00, 16843.00)
route 206, node_num 6, cost 1604.904000, nodes: 0(120000.00, 120000.00) 863 686 260 770 0(5364.00, 5364.00)
route 207, node_num 6, cost 930.860000, nodes: 0(120000.00, 120000.00) 867 27 933 660 0(53510.00, 53510.00)
route 208, node_num 7, cost 349.384000, nodes: 0(120000.00, 120000.00) 869 882 907 501 277 0(95044.00, 95044.00)
route 209, node_num 7, cost 1195.488000, nodes: 0(120000.00, 120000.00) 870 168 405 590 873 0(34608.00, 34608.00)
route 210, node_num 7, cost 1409.100000, nodes: 0(120000.00, 120000.00) 876 887 287 550 631 0(19350.00, 19350.00)
route 211, node_num 4, cost 1416.114000, nodes: 0(120000.00, 120000.00) 883 81 0(18849.00, 18849.00)
route 212, node_num 8, cost 1727.544000, nodes: 0(120000.00, 120000.00) 885 56 387 902 71 1367(18017.00, 21413.00) 0(0.00, 0.00)
route 213, node_num 6, cost 1710.912000, nodes: 0(120000.00, 120000.00) 889 926 996 1295(12022.00, 14230.00) 0(0.00, 0.00)
route 214, node_num 5, cost 249.018000, nodes: 0(120000.00, 120000.00) 891 398 311 0(102213.00, 102213.00)
route 215, node_num 5, cost 1569.652000, nodes: 0(120000.00, 120000.00) 893 339 815 0(7882.00, 7882.00)
route 216, node_num 5, cost 1093.540000, nodes: 0(120000.00, 120000.00) 899 430 548 0(41890.00, 41890.00)
route 217, node_num 6, cost 1643.992000, nodes: 0(120000.00, 120000.00) 912 810 637 622 0(2572.00, 2572.00)
route 218, node_num 6, cost 1497.426000, nodes: 0(120000.00, 120000.00) 1298(102863.00, 120000.00) 821 251 661 0(30178.00, 30178.00)
route 219, node_num 6, cost 2039.072000, nodes: 0(120000.00, 120000.00) 917 181 787 1181(11601.00, 37249.00) 0(0.00, 0.00)
route 220, node_num 5, cost 1532.412000, nodes: 0(120000.00, 120000.00) 928 719 262 0(10542.00, 10542.00)
route 221, node_num 5, cost 1366.596000, nodes: 0(120000.00, 120000.00) 931 901 734 0(22386.00, 22386.00)
route 222, node_num 6, cost 1349.950000, nodes: 0(120000.00, 120000.00) 935 975 3 448 0(23575.00, 23575.00)
route 223, node_num 4, cost 1397.956000, nodes: 0(120000.00, 120000.00) 948 711 0(20146.00, 20146.00)
route 224, node_num 8, cost 1345.582000, nodes: 0(120000.00, 120000.00) 955 40 777 152 840 307 0(23887.00, 23887.00)
route 225, node_num 4, cost 1138.354000, nodes: 0(120000.00, 120000.00) 971 469 0(38689.00, 38689.00)
route 226, node_num 5, cost 1620.010000, nodes: 0(120000.00, 120000.00) 973 1 802 0(4285.00, 4285.00)
route 227, node_num 5, cost 1673.028000, nodes: 0(120000.00, 120000.00) 982 18 122 0(498.00, 498.00)
route 228, node_num 5, cost 1466.878000, nodes: 0(120000.00, 120000.00) 987 313 599 0(15223.00, 15223.00)
route 229, node_num 6, cost 1712.270000, nodes: 0(120000.00, 120000.00) 988 466 390 1103(6810.00, 9115.00) 0(0.00, 0.00)
route 230, node_num 4, cost 1336.692000, nodes: 0(120000.00, 120000.00) 992 337 0(24522.00, 24522.00)
route 231, node_num 6, cost 1101.436000, nodes: 0(120000.00, 120000.00) 999 879 359 956 0(41326.00, 41326.00)
route 232, node_num 6, cost 1671.670000, nodes: 0(120000.00, 120000.00) 1007(76524.00, 100524.00) 141 974 572 0(24595.00, 24595.00)
route 233, node_num 7, cost 1698.872000, nodes: 0(120000.00, 120000.00) 1013(70334.00, 71682.00) 350 483 934 278 0(0.00, 0.00)
route 234, node_num 7, cost 1663.690000, nodes: 0(120000.00, 120000.00) 1017(97837.00, 97837.00) 511 408 488 503 0(1165.00, 1165.00)
route 235, node_num 7, cost 1748.880000, nodes: 0(120000.00, 120000.00) 1021(81946.00, 86866.00) 67 832 523 608 0(0.00, 0.00)
route 236, node_num 6, cost 1683.570000, nodes: 0(120000.00, 120000.00) 1024(78004.00, 120000.00) 644 134 871 0(41741.00, 41741.00)
route 237, node_num 8, cost 1615.012000, nodes: 0(120000.00, 120000.00) 1028(89498.00, 120000.00) 534 560 834 667 1003(44259.00, 44259.00) 0(35144.00, 35144.00)
route 238, node_num 7, cost 1737.316000, nodes: 0(120000.00, 120000.00) 1030(107152.00, 120000.00) 431 989 182 107 0(8754.00, 8754.00)
route 239, node_num 7, cost 1750.616000, nodes: 0(120000.00, 120000.00) 1045(99812.00, 99812.00) 316 960 30 1092(17147.00, 22191.00) 0(0.00, 0.00)
route 240, node_num 6, cost 1741.838000, nodes: 0(120000.00, 120000.00) 1077(102343.00, 106760.00) 26 185 105 0(0.00, 0.00)
route 241, node_num 7, cost 1824.116000, nodes: 0(120000.00, 120000.00) 1107(76524.00, 86818.00) 437 250 658 380 0(0.00, 0.00)
route 242, node_num 8, cost 1690.248000, nodes: 0(120000.00, 120000.00) 1121(81946.00, 120000.00) 245 678 180 50 1161(41808.00, 41808.00) 0(37322.00, 37322.00)
route 243, node_num 8, cost 1604.974000, nodes: 0(120000.00, 120000.00) 1124(78004.00, 120000.00) 449 746 325 771 521 0(47355.00, 47355.00)
route 244, node_num 6, cost 1826.958000, nodes: 0(120000.00, 120000.00) 1130(107152.00, 120000.00) 355 941 1011(49895.00, 49895.00) 0(2351.00, 2351.00)
route 245, node_num 5, cost 1158.486000, nodes: 0(120000.00, 120000.00) 1145(99812.00, 99812.00) 843 331 0(37251.00, 37251.00)
route 246, node_num 7, cost 1740.788000, nodes: 0(120000.00, 120000.00) 1177(102343.00, 106685.00) 139 976 87 944 0(0.00, 0.00)
route 247, node_num 6, cost 1905.106000, nodes: 0(120000.00, 120000.00) 1199(70721.00, 86800.00) 512 710 663 0(0.00, 0.00)
route 248, node_num 7, cost 1681.554000, nodes: 0(120000.00, 120000.00) 1198(102863.00, 106863.00) 137 937 903 75 0(3889.00, 3889.00)
route 249, node_num 7, cost 1644.986000, nodes: 0(120000.00, 120000.00) 1207(76524.00, 76524.00) 896 609 237 366 0(2501.00, 2501.00)
route 250, node_num 7, cost 1586.704000, nodes: 0(120000.00, 120000.00) 99 233 32 148 1261(11150.00, 11150.00) 0(6664.00, 6664.00)
route 251, node_num 6, cost 1562.330000, nodes: 0(120000.00, 120000.00) 1221(81946.00, 81946.00) 593 484 412 0(8405.00, 8405.00)
route 252, node_num 8, cost 1769.110000, nodes: 0(120000.00, 120000.00) 1224(78004.00, 78004.00) 720 5 1216(62531.00, 68896.00) 915 733 0(0.00, 0.00)
route 253, node_num 4, cost 605.976000, nodes: 0(120000.00, 120000.00) 858 153 0(76716.00, 76716.00)
route 254, node_num 7, cost 1954.302000, nodes: 0(120000.00, 120000.00) 914 143 504 425 1065(29101.00, 48694.00) 0(0.00, 0.00)
route 255, node_num 7, cost 1900.150000, nodes: 0(120000.00, 120000.00) 1245(99812.00, 115537.00) 791 215 125 900 0(0.00, 0.00)
route 256, node_num 7, cost 1590.988000, nodes: 0(120000.00, 120000.00) 1292(100649.00, 120000.00) 953 859 717 172 0(25709.00, 25709.00)
route 257, node_num 6, cost 1818.320000, nodes: 0(120000.00, 120000.00) 1299(70721.00, 80601.00) 162 33 10 0(0.00, 0.00)
route 258, node_num 7, cost 1661.212000, nodes: 0(120000.00, 120000.00) 1303(111689.00, 120000.00) 788 151 48 697 0(9653.00, 9653.00)
route 259, node_num 9, cost 1977.836000, nodes: 0(120000.00, 120000.00) 1307(76524.00, 76524.00) 230 783 312 1326(5729.00, 9326.00) 306 1126(0.00, 17677.00) 0(0.00, 0.00)
route 260, node_num 6, cost 1758.540000, nodes: 0(120000.00, 120000.00) 1319(75699.00, 81309.00) 356 897 580 0(0.00, 0.00)
route 261, node_num 8, cost 1833.566000, nodes: 0(120000.00, 120000.00) 1321(81946.00, 105946.00) 878 706 756 477 224 0(13031.00, 13031.00)
route 262, node_num 7, cost 1629.838000, nodes: 0(120000.00, 120000.00) 1324(78004.00, 86004.00) 619 276 13 1267(32996.00, 32996.00) 0(11583.00, 11583.00)
route 263, node_num 7, cost 1720.278000, nodes: 0(120000.00, 120000.00) 1022(83916.00, 120000.00) 377 427 92 118 0(33207.00, 33207.00)
route 264, node_num 7, cost 1815.296000, nodes: 0(120000.00, 120000.00) 1330(107152.00, 119152.00) 223 368 852 983 0(2336.00, 2336.00)
route 265, node_num 8, cost 1790.404000, nodes: 0(120000.00, 120000.00) 1345(99812.00, 115812.00) 38 535 150 491 652 0(8114.00, 8114.00)
route 266, node_num 8, cost 1845.312000, nodes: 0(120000.00, 120000.00) 1377(102343.00, 114151.00) 149 29 684 128 656 0(0.00, 0.00)
route 267, node_num 7, cost 2029.188000, nodes: 0(120000.00, 120000.00) 1394(85239.00, 120000.00) 884 700 320 752 0(9819.00, 9819.00)
vehicle (route) number: 268
Total cost: 458633.52
458633.52, 16248.17
