Details of the solution:
route 0, node_num 8, cost 1493.870000, nodes: 0(120000.00, 120000.00) 3 89 54 104 48 275(52145.00, 52145.00) 0(13295.00, 13295.00)
route 1, node_num 7, cost 828.548000, nodes: 0(120000.00, 120000.00) 12 174 46 119 187 0(60818.00, 60818.00)
route 2, node_num 4, cost 678.020000, nodes: 0(120000.00, 120000.00) 21 142 0(71570.00, 71570.00)
route 3, node_num 6, cost 1217.230000, nodes: 0(120000.00, 120000.00) 30 31 74 161 0(33055.00, 33055.00)
route 4, node_num 7, cost 1579.550000, nodes: 0(120000.00, 120000.00) 36 113 60 86 519(31925.00, 31925.00) 0(7175.00, 7175.00)
route 5, node_num 6, cost 1124.256000, nodes: 0(120000.00, 120000.00) 38 87 126 6 0(39696.00, 39696.00)
route 6, node_num 7, cost 1850.758000, nodes: 0(120000.00, 120000.00) 41 43 78 114 264(7986.00, 20183.00) 0(0.00, 0.00)
route 7, node_num 6, cost 887.390000, nodes: 0(120000.00, 120000.00) 44 139 2 65 0(56615.00, 56615.00)
route 8, node_num 3, cost 243.642000, nodes: 0(120000.00, 120000.00) 57 0(102597.00, 102597.00)
route 9, node_num 8, cost 1845.746000, nodes: 0(120000.00, 120000.00) 79 125 29 45 33 318(39996.00, 51835.00) 0(0.00, 0.00)
route 10, node_num 7, cost 1638.826000, nodes: 0(120000.00, 120000.00) 81 160 39 63 533(12696.00, 12696.00) 0(2941.00, 2941.00)
route 11, node_num 8, cost 2056.096000, nodes: 0(120000.00, 120000.00) 83 162 26 92 118 334(24140.00, 51004.00) 0(0.00, 0.00)
route 12, node_num 5, cost 1021.594000, nodes: 0(120000.00, 120000.00) 102 190 135 0(47029.00, 47029.00)
route 13, node_num 8, cost 1605.828000, nodes: 0(120000.00, 120000.00) 103 90 141 73 144 460(28017.00, 28017.00) 0(5298.00, 5298.00)
route 14, node_num 7, cost 1348.620000, nodes: 0(120000.00, 120000.00) 105 24 47 116 591(30711.00, 30711.00) 0(23670.00, 23670.00)
route 15, node_num 6, cost 657.748000, nodes: 0(120000.00, 120000.00) 111 109 82 14 0(73018.00, 73018.00)
route 16, node_num 7, cost 1518.832000, nodes: 0(120000.00, 120000.00) 120 91 15 151 202(55255.00, 55255.00) 0(11512.00, 11512.00)
route 17, node_num 5, cost 1243.200000, nodes: 0(120000.00, 120000.00) 129 172 27 0(31200.00, 31200.00)
route 18, node_num 6, cost 945.966000, nodes: 0(120000.00, 120000.00) 131 4 171 7 0(52431.00, 52431.00)
route 19, node_num 6, cost 1267.616000, nodes: 0(120000.00, 120000.00) 133 58 146 188 0(29456.00, 29456.00)
route 20, node_num 6, cost 792.386000, nodes: 0(120000.00, 120000.00) 136 98 147 123 0(63401.00, 63401.00)
route 21, node_num 7, cost 842.310000, nodes: 0(120000.00, 120000.00) 138 23 72 156 70 0(59835.00, 59835.00)
route 22, node_num 5, cost 1430.618000, nodes: 0(120000.00, 120000.00) 148 193 184 0(17813.00, 17813.00)
route 23, node_num 8, cost 1088.976000, nodes: 0(120000.00, 120000.00) 153 93 166 152 40 548(73110.00, 73110.00) 0(42216.00, 42216.00)
route 24, node_num 6, cost 1725.934000, nodes: 0(120000.00, 120000.00) 154 499(94788.00, 98069.00) 149 10 0(0.00, 0.00)
route 25, node_num 6, cost 859.866000, nodes: 0(120000.00, 120000.00) 175 178 115 42 0(58581.00, 58581.00)
route 26, node_num 7, cost 1772.918000, nodes: 0(120000.00, 120000.00) 186 176 170 35 243(9880.00, 16517.00) 0(0.00, 0.00)
route 27, node_num 7, cost 1012.060000, nodes: 0(120000.00, 120000.00) 189 17 169 88 37 0(47710.00, 47710.00)
route 28, node_num 8, cost 1505.378000, nodes: 0(120000.00, 120000.00) 191 112 76 59 159 419(37223.00, 37223.00) 0(12473.00, 12473.00)
route 29, node_num 6, cost 901.320000, nodes: 0(120000.00, 120000.00) 195 110 25 117 0(55620.00, 55620.00)
route 30, node_num 7, cost 1236.088000, nodes: 0(120000.00, 120000.00) 196 22 34 165 343(48225.00, 48225.00) 0(31708.00, 31708.00)
route 31, node_num 7, cost 1154.216000, nodes: 0(120000.00, 120000.00) 225(97482.00, 120000.00) 108 50 68 122 0(60074.00, 60074.00)
route 32, node_num 8, cost 1495.102000, nodes: 0(120000.00, 120000.00) 229(89163.00, 89163.00) 16 132 262(63846.00, 63846.00) 62 391(20248.00, 20248.00) 0(13207.00, 13207.00)
route 33, node_num 8, cost 2011.184000, nodes: 0(120000.00, 120000.00) 230(107271.00, 107271.00) 128 32 5 13 478(20610.00, 44266.00) 0(0.00, 0.00)
route 34, node_num 7, cost 1453.732000, nodes: 0(120000.00, 120000.00) 231(83199.00, 120000.00) 107 69 97 543(69480.00, 69480.00) 0(52963.00, 52963.00)
route 35, node_num 9, cost 1670.214000, nodes: 0(120000.00, 120000.00) 232(86549.00, 86549.00) 167 51 66 67 158 313(10435.00, 10435.00) 0(699.00, 699.00)
route 36, node_num 7, cost 1467.788000, nodes: 0(120000.00, 120000.00) 233(110242.00, 120000.00) 168 199 49 28 0(24916.00, 24916.00)
route 37, node_num 9, cost 1319.458000, nodes: 0(120000.00, 120000.00) 235(84119.00, 120000.00) 163 157 150 55 511(81761.00, 81761.00) 572(70342.00, 70342.00) 0(61634.00, 61634.00)
route 38, node_num 8, cost 1543.430000, nodes: 0(120000.00, 120000.00) 304(114583.00, 120000.00) 185 84 197 80 462(59757.00, 59757.00) 0(15172.00, 15172.00)
route 39, node_num 7, cost 952.504000, nodes: 0(120000.00, 120000.00) 312(114641.00, 118641.00) 18 19 192 124 0(55964.00, 55964.00)
route 40, node_num 8, cost 1651.062000, nodes: 0(120000.00, 120000.00) 329(89163.00, 89163.00) 181 100 101 75 491(9108.00, 9108.00) 0(2067.00, 2067.00)
route 41, node_num 8, cost 1521.744000, nodes: 0(120000.00, 120000.00) 335(84119.00, 120000.00) 180 194 183 77 364(67368.00, 67368.00) 0(47185.00, 47185.00)
route 42, node_num 7, cost 1624.868000, nodes: 0(120000.00, 120000.00) 373(97835.00, 120000.00) 1 143 198 182 0(26103.00, 26103.00)
route 43, node_num 6, cost 1158.892000, nodes: 0(120000.00, 120000.00) 425(97482.00, 120000.00) 164 127 71 0(59740.00, 59740.00)
route 44, node_num 9, cost 1182.202000, nodes: 0(120000.00, 120000.00) 428(112837.00, 112837.00) 137 64 20 95 173 255(52312.00, 52312.00) 0(35557.00, 35557.00)
route 45, node_num 8, cost 1559.390000, nodes: 0(120000.00, 120000.00) 430(107271.00, 107271.00) 179 96 85 106 414(53365.00, 53365.00) 0(8615.00, 8615.00)
route 46, node_num 8, cost 1877.274000, nodes: 0(120000.00, 120000.00) 431(83199.00, 83199.00) 145 99 134 52 443(2426.00, 16517.00) 0(0.00, 0.00)
route 47, node_num 6, cost 1087.632000, nodes: 0(120000.00, 120000.00) 512(114641.00, 120000.00) 8 56 9 0(47671.00, 47671.00)
route 48, node_num 8, cost 1594.642000, nodes: 0(120000.00, 120000.00) 525(97482.00, 97482.00) 11 155 177 200 94 0(6097.00, 6097.00)
route 49, node_num 8, cost 994.042000, nodes: 0(120000.00, 120000.00) 528(112837.00, 120000.00) 61 140 53 121 130 0(56160.00, 56160.00)
vehicle (route) number: 50
Total cost: 80540.57
80540.57, 1812.23
