Details of the solution:
route 0, node_num 5, cost 945.112000, nodes: 0(120000.00, 120000.00) 7 109 124 0(52492.00, 52492.00)
route 1, node_num 6, cost 1203.286000, nodes: 0(120000.00, 120000.00) 12 70 23 138 0(34051.00, 34051.00)
route 2, node_num 7, cost 1856.638000, nodes: 0(120000.00, 120000.00) 16 96 76 199 337(6215.00, 18832.00) 0(0.00, 0.00)
route 3, node_num 4, cost 841.400000, nodes: 0(120000.00, 120000.00) 25 136 0(59900.00, 59900.00)
route 4, node_num 4, cost 262.458000, nodes: 0(120000.00, 120000.00) 18 36 0(101253.00, 101253.00)
route 5, node_num 5, cost 1139.852000, nodes: 0(120000.00, 120000.00) 21 193 27 0(38582.00, 38582.00)
route 6, node_num 6, cost 1378.146000, nodes: 0(120000.00, 120000.00) 24 130 37 196 0(21561.00, 21561.00)
route 7, node_num 8, cost 1021.356000, nodes: 0(120000.00, 120000.00) 113 30 75 94 31 74 0(47046.00, 47046.00)
route 8, node_num 6, cost 1351.742000, nodes: 0(120000.00, 120000.00) 34 58 97 116 0(23447.00, 23447.00)
route 9, node_num 6, cost 1429.666000, nodes: 0(120000.00, 120000.00) 177 92 43 150 0(17881.00, 17881.00)
route 10, node_num 6, cost 986.944000, nodes: 0(120000.00, 120000.00) 47 127 2 44 0(49504.00, 49504.00)
route 11, node_num 4, cost 678.020000, nodes: 0(120000.00, 120000.00) 164 50 0(71570.00, 71570.00)
route 12, node_num 6, cost 959.448000, nodes: 0(120000.00, 120000.00) 3 6 71 38 0(51468.00, 51468.00)
route 13, node_num 7, cost 1619.128000, nodes: 0(120000.00, 120000.00) 201(84560.00, 84560.00) 179 182 134 87 0(4348.00, 4348.00)
route 14, node_num 4, cost 1162.042000, nodes: 0(120000.00, 120000.00) 67 194 0(36997.00, 36997.00)
route 15, node_num 7, cost 1182.230000, nodes: 0(120000.00, 120000.00) 161 190 10 200 155 0(35555.00, 35555.00)
route 16, node_num 7, cost 1752.982000, nodes: 0(120000.00, 120000.00) 79 143 5 132 375(16403.00, 21616.00) 0(0.00, 0.00)
route 17, node_num 8, cost 1740.522000, nodes: 0(120000.00, 120000.00) 80 160 197 106 1 574(30242.00, 34565.00) 0(0.00, 0.00)
route 18, node_num 5, cost 1388.772000, nodes: 0(120000.00, 120000.00) 84 100 148 0(20802.00, 20802.00)
route 19, node_num 5, cost 1352.694000, nodes: 0(120000.00, 120000.00) 86 22 139 0(23379.00, 23379.00)
route 20, node_num 8, cost 1842.750000, nodes: 0(120000.00, 120000.00) 90 149 29 128 176 266(19171.00, 30796.00) 0(0.00, 0.00)
route 21, node_num 7, cost 1570.170000, nodes: 0(120000.00, 120000.00) 146 91 151 120 552(18991.00, 18991.00) 0(7845.00, 7845.00)
route 22, node_num 7, cost 1159.578000, nodes: 0(120000.00, 120000.00) 65 98 147 110 9 0(37173.00, 37173.00)
route 23, node_num 6, cost 1662.374000, nodes: 0(120000.00, 120000.00) 99 107 69 366(32055.00, 32055.00) 0(1259.00, 1259.00)
route 24, node_num 6, cost 728.518000, nodes: 0(120000.00, 120000.00) 103 68 152 166 0(67963.00, 67963.00)
route 25, node_num 5, cost 1005.382000, nodes: 0(120000.00, 120000.00) 105 184 62 0(48187.00, 48187.00)
route 26, node_num 5, cost 1311.688000, nodes: 0(120000.00, 120000.00) 78 158 163 0(26308.00, 26308.00)
route 27, node_num 5, cost 1416.296000, nodes: 0(120000.00, 120000.00) 118 101 126 0(18836.00, 18836.00)
route 28, node_num 5, cost 572.488000, nodes: 0(120000.00, 120000.00) 122 192 19 0(79108.00, 79108.00)
route 29, node_num 6, cost 1487.024000, nodes: 0(120000.00, 120000.00) 165 60 8 169 0(13784.00, 13784.00)
route 30, node_num 5, cost 1400.812000, nodes: 0(120000.00, 120000.00) 188 39 17 0(19942.00, 19942.00)
route 31, node_num 7, cost 1314.558000, nodes: 0(120000.00, 120000.00) 175 140 46 174 82 0(26103.00, 26103.00)
route 32, node_num 8, cost 1692.558000, nodes: 0(120000.00, 120000.00) 511(72171.00, 73068.00) 159 137 95 53 88 0(0.00, 0.00)
route 33, node_num 5, cost 1102.304000, nodes: 0(120000.00, 120000.00) 144 114 183 0(41264.00, 41264.00)
route 34, node_num 8, cost 1794.030000, nodes: 0(120000.00, 120000.00) 49 48 85 198 13 275(13471.00, 21616.00) 0(0.00, 0.00)
route 35, node_num 4, cost 89.222000, nodes: 0(120000.00, 120000.00) 153 93 0(113627.00, 113627.00)
route 36, node_num 6, cost 1421.994000, nodes: 0(120000.00, 120000.00) 156 61 14 111 0(18429.00, 18429.00)
route 37, node_num 5, cost 1021.216000, nodes: 0(120000.00, 120000.00) 157 73 11 0(47056.00, 47056.00)
route 38, node_num 6, cost 1011.990000, nodes: 0(120000.00, 120000.00) 133 42 123 135 0(47715.00, 47715.00)
route 39, node_num 7, cost 1742.552000, nodes: 0(120000.00, 120000.00) 89 104 54 15 575(17148.00, 21616.00) 0(0.00, 0.00)
route 40, node_num 7, cost 1286.418000, nodes: 0(120000.00, 120000.00) 131 56 112 52 35 0(28113.00, 28113.00)
route 41, node_num 8, cost 1786.638000, nodes: 0(120000.00, 120000.00) 154 4 81 28 59 237(11215.00, 18832.00) 0(0.00, 0.00)
route 42, node_num 5, cost 660.856000, nodes: 0(120000.00, 120000.00) 171 108 55 0(72796.00, 72796.00)
route 43, node_num 6, cost 1056.706000, nodes: 0(120000.00, 120000.00) 142 189 117 77 0(44521.00, 44521.00)
route 44, node_num 8, cost 1648.332000, nodes: 0(120000.00, 120000.00) 41 83 26 125 145 252(13408.00, 13408.00) 0(2262.00, 2262.00)
route 45, node_num 8, cost 1761.102000, nodes: 0(120000.00, 120000.00) 170 33 45 32 186 366(25003.00, 30796.00) 0(0.00, 0.00)
route 46, node_num 5, cost 1243.214000, nodes: 0(120000.00, 120000.00) 180 66 141 0(31199.00, 31199.00)
route 47, node_num 7, cost 1649.088000, nodes: 0(120000.00, 120000.00) 181 162 172 129 566(33004.00, 33004.00) 0(2208.00, 2208.00)
route 48, node_num 5, cost 1440.460000, nodes: 0(120000.00, 120000.00) 185 191 102 0(17110.00, 17110.00)
route 49, node_num 5, cost 1348.704000, nodes: 0(120000.00, 120000.00) 187 119 235(55192.00, 55192.00) 0(23664.00, 23664.00)
route 50, node_num 6, cost 1530.942000, nodes: 0(120000.00, 120000.00) 178 173 72 57 0(10647.00, 10647.00)
route 51, node_num 5, cost 1159.690000, nodes: 0(120000.00, 120000.00) 40 51 167 0(37165.00, 37165.00)
route 52, node_num 5, cost 1295.308000, nodes: 0(120000.00, 120000.00) 195 63 115 0(27478.00, 27478.00)
route 53, node_num 6, cost 1672.202000, nodes: 0(120000.00, 120000.00) 64 121 20 168 0(557.00, 557.00)
vehicle (route) number: 54
Total cost: 85339.60
85339.60, 1805.81
