Details of the solution:
route 0, node_num 7, cost 1010.380000, nodes: 0(120000.00, 120000.00) 6 116 87 127 97 0(47830.00, 47830.00)
route 1, node_num 7, cost 1308.538000, nodes: 0(120000.00, 120000.00) 7 120 89 106 191 0(26533.00, 26533.00)
route 2, node_num 5, cost 565.432000, nodes: 0(120000.00, 120000.00) 21 93 153 0(79612.00, 79612.00)
route 3, node_num 8, cost 1306.340000, nodes: 0(120000.00, 120000.00) 22 58 96 179 165 203(35805.00, 35805.00) 0(26690.00, 26690.00)
route 4, node_num 7, cost 895.244000, nodes: 0(120000.00, 120000.00) 24 23 109 12 70 0(56054.00, 56054.00)
route 5, node_num 7, cost 777.126000, nodes: 0(120000.00, 120000.00) 38 136 25 115 42 0(64491.00, 64491.00)
route 6, node_num 7, cost 1483.132000, nodes: 0(120000.00, 120000.00) 40 167 51 66 323(18576.00, 18576.00) 0(14062.00, 14062.00)
route 7, node_num 6, cost 1231.608000, nodes: 0(120000.00, 120000.00) 44 4 74 192 0(32028.00, 32028.00)
route 8, node_num 6, cost 832.720000, nodes: 0(120000.00, 120000.00) 46 168 63 130 0(60520.00, 60520.00)
route 9, node_num 7, cost 1497.244000, nodes: 0(120000.00, 120000.00) 55 132 186 134 113 0(13054.00, 13054.00)
route 10, node_num 5, cost 445.466000, nodes: 0(120000.00, 120000.00) 57 142 124 0(88181.00, 88181.00)
route 11, node_num 6, cost 1326.626000, nodes: 0(120000.00, 120000.00) 84 81 110 98 0(25241.00, 25241.00)
route 12, node_num 8, cost 1477.658000, nodes: 0(120000.00, 120000.00) 90 158 194 180 50 361(18939.00, 18939.00) 0(14453.00, 14453.00)
route 13, node_num 8, cost 1617.658000, nodes: 0(120000.00, 120000.00) 94 69 33 32 148 523(8967.00, 8967.00) 0(4453.00, 4453.00)
route 14, node_num 5, cost 1547.644000, nodes: 0(120000.00, 120000.00) 100 41 114 0(9454.00, 9454.00)
route 15, node_num 5, cost 811.748000, nodes: 0(120000.00, 120000.00) 102 108 65 0(62018.00, 62018.00)
route 16, node_num 5, cost 700.028000, nodes: 0(120000.00, 120000.00) 119 82 189 0(69998.00, 69998.00)
route 17, node_num 8, cost 781.200000, nodes: 0(120000.00, 120000.00) 123 196 88 37 187 53 0(64200.00, 64200.00)
route 18, node_num 6, cost 1328.600000, nodes: 0(120000.00, 120000.00) 126 80 197 185 0(25100.00, 25100.00)
route 19, node_num 5, cost 754.600000, nodes: 0(120000.00, 120000.00) 131 3 117 0(66100.00, 66100.00)
route 20, node_num 7, cost 1363.180000, nodes: 0(120000.00, 120000.00) 133 49 199 20 14 0(22630.00, 22630.00)
route 21, node_num 7, cost 1092.882000, nodes: 0(120000.00, 120000.00) 135 86 188 60 111 0(41937.00, 41937.00)
route 22, node_num 7, cost 1626.506000, nodes: 0(120000.00, 120000.00) 146 1 143 5 107 0(3821.00, 3821.00)
route 23, node_num 5, cost 699.412000, nodes: 0(120000.00, 120000.00) 147 17 169 0(70042.00, 70042.00)
route 24, node_num 6, cost 1332.016000, nodes: 0(120000.00, 120000.00) 150 101 200 157 0(24856.00, 24856.00)
route 25, node_num 5, cost 915.712000, nodes: 0(120000.00, 120000.00) 161 190 144 0(54592.00, 54592.00)
route 26, node_num 5, cost 923.412000, nodes: 0(120000.00, 120000.00) 166 103 122 0(54042.00, 54042.00)
route 27, node_num 9, cost 1245.020000, nodes: 0(120000.00, 120000.00) 171 62 30 172 129 10 528(64074.00, 64074.00) 0(31070.00, 31070.00)
route 28, node_num 7, cost 1401.568000, nodes: 0(120000.00, 120000.00) 173 64 39 121 95 0(19888.00, 19888.00)
route 29, node_num 7, cost 724.416000, nodes: 0(120000.00, 120000.00) 174 140 156 72 61 0(68256.00, 68256.00)
route 30, node_num 8, cost 1450.414000, nodes: 0(120000.00, 120000.00) 175 8 28 104 54 592(38590.00, 38590.00) 0(16399.00, 16399.00)
route 31, node_num 9, cost 1074.752000, nodes: 0(120000.00, 120000.00) 178 139 2 35 71 47 556(66610.00, 66610.00) 0(43232.00, 43232.00)
route 32, node_num 7, cost 1682.086000, nodes: 0(120000.00, 120000.00) 195 56 181 73 577(19874.00, 20023.00) 0(0.00, 0.00)
route 33, node_num 8, cost 1646.918000, nodes: 0(120000.00, 120000.00) 221(81946.00, 81946.00) 141 67 78 177 184 0(2363.00, 2363.00)
route 34, node_num 7, cost 1659.224000, nodes: 0(120000.00, 120000.00) 277(102343.00, 120000.00) 160 145 118 75 0(19141.00, 19141.00)
route 35, node_num 9, cost 1412.936000, nodes: 0(120000.00, 120000.00) 330(107152.00, 119152.00) 112 91 15 151 34 595(45306.00, 45306.00) 0(31076.00, 31076.00)
route 36, node_num 7, cost 1238.174000, nodes: 0(120000.00, 120000.00) 377(102343.00, 120000.00) 52 193 170 105 0(49216.00, 49216.00)
route 37, node_num 9, cost 1647.520000, nodes: 0(120000.00, 120000.00) 407(76524.00, 76524.00) 183 92 43 155 77 423(6834.00, 6834.00) 0(2320.00, 2320.00)
route 38, node_num 6, cost 1673.112000, nodes: 0(120000.00, 120000.00) 424(78004.00, 78004.00) 198 99 79 0(492.00, 492.00)
route 39, node_num 8, cost 974.302000, nodes: 0(120000.00, 120000.00) 426(109219.00, 120000.00) 154 19 18 36 138 0(61188.00, 61188.00)
route 40, node_num 6, cost 983.752000, nodes: 0(120000.00, 120000.00) 456(99231.00, 99231.00) 31 27 9 0(49732.00, 49732.00)
route 41, node_num 9, cost 1804.096000, nodes: 0(120000.00, 120000.00) 477(102343.00, 106693.00) 149 162 128 125 83 223(0.00, 4514.00) 0(0.00, 0.00)
route 42, node_num 9, cost 1840.174000, nodes: 0(120000.00, 120000.00) 522(83916.00, 90871.00) 163 26 29 176 45 261(0.00, 4486.00) 0(0.00, 0.00)
route 43, node_num 7, cost 1448.706000, nodes: 0(120000.00, 120000.00) 530(107152.00, 120000.00) 16 85 13 182 0(29369.00, 29369.00)
route 44, node_num 7, cost 1199.940000, nodes: 0(120000.00, 120000.00) 541(96532.00, 116532.00) 68 152 11 164 0(54290.00, 54290.00)
route 45, node_num 8, cost 1511.664000, nodes: 0(120000.00, 120000.00) 598(102863.00, 120000.00) 137 159 76 48 59 0(29161.00, 29161.00)
vehicle (route) number: 46
Total cost: 70070.89
70070.89, 1801.51
