Details of the solution:
route 0, node_num 5, cost 945.420000, nodes: 0(120000.00, 120000.00) 37 22 154 0(52470.00, 52470.00)
route 1, node_num 5, cost 1182.916000, nodes: 0(120000.00, 120000.00) 45 174 60 0(35506.00, 35506.00)
route 2, node_num 8, cost 1685.614000, nodes: 0(120000.00, 120000.00) 14 159 23 49 321(29771.00, 30172.00) 80 0(0.00, 0.00)
route 3, node_num 6, cost 1186.668000, nodes: 0(120000.00, 120000.00) 157 17 38 171 0(35238.00, 35238.00)
route 4, node_num 5, cost 1147.706000, nodes: 0(120000.00, 120000.00) 27 15 196 0(38021.00, 38021.00)
route 5, node_num 6, cost 994.322000, nodes: 0(120000.00, 120000.00) 46 130 119 30 0(48977.00, 48977.00)
route 6, node_num 8, cost 1691.746000, nodes: 0(120000.00, 120000.00) 31 288(72142.00, 96142.00) 127 28 13 54 0(23161.00, 23161.00)
route 7, node_num 7, cost 1574.398000, nodes: 0(120000.00, 120000.00) 135 19 5 73 48 0(7543.00, 7543.00)
route 8, node_num 8, cost 1713.754000, nodes: 0(120000.00, 120000.00) 189 256(67634.00, 70045.00) 128 8 126 177 0(0.00, 0.00)
route 9, node_num 7, cost 1449.168000, nodes: 0(120000.00, 120000.00) 44 90 155 114 109 0(16488.00, 16488.00)
route 10, node_num 7, cost 1609.020000, nodes: 0(120000.00, 120000.00) 185 104 61 100 64 0(5070.00, 5070.00)
route 11, node_num 6, cost 1437.030000, nodes: 0(120000.00, 120000.00) 51 92 20 7 0(17355.00, 17355.00)
route 12, node_num 5, cost 1587.502000, nodes: 0(120000.00, 120000.00) 103 183 112 0(6607.00, 6607.00)
route 13, node_num 7, cost 2023.812000, nodes: 0(120000.00, 120000.00) 63 200 151 123 494(7838.00, 32396.00) 0(0.00, 0.00)
route 14, node_num 7, cost 1152.270000, nodes: 0(120000.00, 120000.00) 69 21 26 95 91 0(37695.00, 37695.00)
route 15, node_num 5, cost 1219.106000, nodes: 0(120000.00, 120000.00) 70 138 162 0(32921.00, 32921.00)
route 16, node_num 7, cost 1394.120000, nodes: 0(120000.00, 120000.00) 158 35 16 67 105 0(20420.00, 20420.00)
route 17, node_num 7, cost 1817.200000, nodes: 0(120000.00, 120000.00) 194 1 6 107 268(19437.00, 29237.00) 0(0.00, 0.00)
route 18, node_num 6, cost 477.890000, nodes: 0(120000.00, 120000.00) 76 52 134 2 0(85865.00, 85865.00)
route 19, node_num 6, cost 1496.082000, nodes: 0(120000.00, 120000.00) 77 108 68 106 0(13137.00, 13137.00)
route 20, node_num 6, cost 1526.056000, nodes: 0(120000.00, 120000.00) 79 117 97 193 0(10996.00, 10996.00)
route 21, node_num 5, cost 736.106000, nodes: 0(120000.00, 120000.00) 83 131 93 0(67421.00, 67421.00)
route 22, node_num 6, cost 955.038000, nodes: 0(120000.00, 120000.00) 86 121 178 198 0(51783.00, 51783.00)
route 23, node_num 5, cost 1065.036000, nodes: 0(120000.00, 120000.00) 89 160 96 0(43926.00, 43926.00)
route 24, node_num 5, cost 1240.876000, nodes: 0(120000.00, 120000.00) 98 56 42 0(31366.00, 31366.00)
route 25, node_num 5, cost 1499.722000, nodes: 0(120000.00, 120000.00) 102 156 116 0(12877.00, 12877.00)
route 26, node_num 5, cost 1416.898000, nodes: 0(120000.00, 120000.00) 166 165 62 0(18793.00, 18793.00)
route 27, node_num 6, cost 1014.118000, nodes: 0(120000.00, 120000.00) 57 184 84 169 0(47563.00, 47563.00)
route 28, node_num 5, cost 1518.202000, nodes: 0(120000.00, 120000.00) 10 152 78 0(11557.00, 11557.00)
route 29, node_num 4, cost 745.346000, nodes: 0(120000.00, 120000.00) 120 4 0(66761.00, 66761.00)
route 30, node_num 7, cost 1132.404000, nodes: 0(120000.00, 120000.00) 132 94 11 32 47 0(39114.00, 39114.00)
route 31, node_num 7, cost 892.024000, nodes: 0(120000.00, 120000.00) 71 74 122 137 168 0(56284.00, 56284.00)
route 32, node_num 6, cost 1595.888000, nodes: 0(120000.00, 120000.00) 149 113 3 161 0(6008.00, 6008.00)
route 33, node_num 7, cost 1614.788000, nodes: 0(120000.00, 120000.00) 75 139 33 85 172 0(4658.00, 4658.00)
route 34, node_num 7, cost 1646.344000, nodes: 0(120000.00, 120000.00) 512(72845.00, 72845.00) 88 129 43 145 0(2404.00, 2404.00)
route 35, node_num 8, cost 2037.994000, nodes: 0(120000.00, 120000.00) 142 29 53 141 125 594(6825.00, 32396.00) 0(0.00, 0.00)
route 36, node_num 7, cost 1254.554000, nodes: 0(120000.00, 120000.00) 146 182 115 186 143 0(30389.00, 30389.00)
route 37, node_num 5, cost 950.642000, nodes: 0(120000.00, 120000.00) 170 25 180 0(52097.00, 52097.00)
route 38, node_num 6, cost 1304.282000, nodes: 0(120000.00, 120000.00) 187 9 101 36 0(26837.00, 26837.00)
route 39, node_num 5, cost 1450.386000, nodes: 0(120000.00, 120000.00) 153 58 188 0(16401.00, 16401.00)
route 40, node_num 5, cost 589.974000, nodes: 0(120000.00, 120000.00) 179 34 136 0(77859.00, 77859.00)
route 41, node_num 7, cost 1696.590000, nodes: 0(120000.00, 120000.00) 140 18 99 479(58792.00, 120000.00) 72 0(60023.00, 60023.00)
route 42, node_num 3, cost 680.232000, nodes: 0(120000.00, 120000.00) 181 0(71412.00, 71412.00)
route 43, node_num 4, cost 436.870000, nodes: 0(120000.00, 120000.00) 167 40 0(88795.00, 88795.00)
route 44, node_num 6, cost 798.098000, nodes: 0(120000.00, 120000.00) 173 190 111 124 0(62993.00, 62993.00)
route 45, node_num 6, cost 1582.070000, nodes: 0(120000.00, 120000.00) 192 176 82 144 0(6995.00, 6995.00)
route 46, node_num 7, cost 925.764000, nodes: 0(120000.00, 120000.00) 199 81 133 164 50 0(53874.00, 53874.00)
route 47, node_num 7, cost 1390.942000, nodes: 0(120000.00, 120000.00) 150 110 66 24 118 0(20647.00, 20647.00)
route 48, node_num 5, cost 906.780000, nodes: 0(120000.00, 120000.00) 87 175 197 0(55230.00, 55230.00)
route 49, node_num 6, cost 1242.514000, nodes: 0(120000.00, 120000.00) 12 59 55 65 0(31249.00, 31249.00)
route 50, node_num 6, cost 1043.924000, nodes: 0(120000.00, 120000.00) 191 41 39 195 0(45434.00, 45434.00)
route 51, node_num 5, cost 922.964000, nodes: 0(120000.00, 120000.00) 163 148 147 0(54074.00, 54074.00)
vehicle (route) number: 52
Total cost: 81199.17
81199.17, 1810.11
