Details of the solution:
route 0, node_num 5, cost 720.902000, nodes: 0(120000.00, 120000.00) 4 237 79 0(68507.00, 68507.00)
route 1, node_num 6, cost 1415.680000, nodes: 0(120000.00, 120000.00) 260 9 61 57 0(18880.00, 18880.00)
route 2, node_num 5, cost 1490.944000, nodes: 0(120000.00, 120000.00) 14 270 28 0(13504.00, 13504.00)
route 3, node_num 7, cost 1105.888000, nodes: 0(120000.00, 120000.00) 17 360 106 347 254 0(41008.00, 41008.00)
route 4, node_num 7, cost 1579.088000, nodes: 0(120000.00, 120000.00) 18 339 66 245 410(50405.00, 50405.00) 0(7208.00, 7208.00)
route 5, node_num 6, cost 422.590000, nodes: 0(120000.00, 120000.00) 150 92 203 161 0(89815.00, 89815.00)
route 6, node_num 5, cost 1297.058000, nodes: 0(120000.00, 120000.00) 27 202 539(71885.00, 71885.00) 0(27353.00, 27353.00)
route 7, node_num 5, cost 448.574000, nodes: 0(120000.00, 120000.00) 185 288 134 0(87959.00, 87959.00)
route 8, node_num 6, cost 576.996000, nodes: 0(120000.00, 120000.00) 35 51 142 393 0(78786.00, 78786.00)
route 9, node_num 6, cost 1740.396000, nodes: 0(120000.00, 120000.00) 105 71 212 664(2047.00, 6361.00) 0(0.00, 0.00)
route 10, node_num 6, cost 862.512000, nodes: 0(120000.00, 120000.00) 38 171 13 353 0(58392.00, 58392.00)
route 11, node_num 4, cost 1326.360000, nodes: 0(120000.00, 120000.00) 42 40 0(25260.00, 25260.00)
route 12, node_num 6, cost 1576.834000, nodes: 0(120000.00, 120000.00) 52 314 201 421(46596.00, 46596.00) 0(7369.00, 7369.00)
route 13, node_num 7, cost 1736.588000, nodes: 0(120000.00, 120000.00) 246 46 302 248 572(38875.00, 42917.00) 0(0.00, 0.00)
route 14, node_num 6, cost 1140.496000, nodes: 0(120000.00, 120000.00) 62 265 251 316 0(38536.00, 38536.00)
route 15, node_num 5, cost 1585.150000, nodes: 0(120000.00, 120000.00) 76 176 217 0(6775.00, 6775.00)
route 16, node_num 6, cost 1031.898000, nodes: 0(120000.00, 120000.00) 65 8 299 301 0(46293.00, 46293.00)
route 17, node_num 5, cost 1555.526000, nodes: 0(120000.00, 120000.00) 70 318 725(50981.00, 50981.00) 0(8891.00, 8891.00)
route 18, node_num 6, cost 1246.238000, nodes: 0(120000.00, 120000.00) 64 356 82 345 0(30983.00, 30983.00)
route 19, node_num 6, cost 1420.846000, nodes: 0(120000.00, 120000.00) 305 77 87 85 0(18511.00, 18511.00)
route 20, node_num 7, cost 1640.170000, nodes: 0(120000.00, 120000.00) 78 282 167 194 514(40461.00, 40461.00) 0(2845.00, 2845.00)
route 21, node_num 5, cost 1327.354000, nodes: 0(120000.00, 120000.00) 80 177 86 0(25189.00, 25189.00)
route 22, node_num 6, cost 851.592000, nodes: 0(120000.00, 120000.00) 83 284 119 32 0(59172.00, 59172.00)
route 23, node_num 5, cost 1305.598000, nodes: 0(120000.00, 120000.00) 332 1 296 0(26743.00, 26743.00)
route 24, node_num 6, cost 805.700000, nodes: 0(120000.00, 120000.00) 97 68 243 7 0(62450.00, 62450.00)
route 25, node_num 6, cost 1667.050000, nodes: 0(120000.00, 120000.00) 373 16 389 706(37163.00, 37163.00) 0(925.00, 925.00)
route 26, node_num 8, cost 1738.100000, nodes: 0(120000.00, 120000.00) 364 250 287 276 275 636(29101.00, 33251.00) 0(0.00, 0.00)
route 27, node_num 6, cost 1149.260000, nodes: 0(120000.00, 120000.00) 102 236 198 100 0(37910.00, 37910.00)
route 28, node_num 6, cost 2110.220000, nodes: 0(120000.00, 120000.00) 690(82075.00, 112805.00) 22 160 381 0(0.00, 0.00)
route 29, node_num 7, cost 1616.132000, nodes: 0(120000.00, 120000.00) 321 43 12 33 325 0(4562.00, 4562.00)
route 30, node_num 6, cost 1201.228000, nodes: 0(120000.00, 120000.00) 123 366 295 29 0(34198.00, 34198.00)
route 31, node_num 4, cost 557.284000, nodes: 0(120000.00, 120000.00) 124 44 0(80194.00, 80194.00)
route 32, node_num 7, cost 1822.142000, nodes: 0(120000.00, 120000.00) 230 3 308 128 745(15749.00, 25902.00) 0(0.00, 0.00)
route 33, node_num 6, cost 1168.272000, nodes: 0(120000.00, 120000.00) 133 25 379 235 0(36552.00, 36552.00)
route 34, node_num 6, cost 1172.906000, nodes: 0(120000.00, 120000.00) 138 6 278 375 0(36221.00, 36221.00)
route 35, node_num 7, cost 1213.394000, nodes: 0(120000.00, 120000.00) 139 127 340 244 178 0(33329.00, 33329.00)
route 36, node_num 5, cost 1409.968000, nodes: 0(120000.00, 120000.00) 140 354 331 0(19288.00, 19288.00)
route 37, node_num 7, cost 1558.746000, nodes: 0(120000.00, 120000.00) 143 369 214 73 631(41326.00, 41326.00) 0(8661.00, 8661.00)
route 38, node_num 9, cost 578.032000, nodes: 0(120000.00, 120000.00) 333 144 165 93 231 195 81 0(78712.00, 78712.00)
route 39, node_num 5, cost 1121.344000, nodes: 0(120000.00, 120000.00) 149 159 329 0(39904.00, 39904.00)
route 40, node_num 5, cost 1233.386000, nodes: 0(120000.00, 120000.00) 362 218 136 0(31901.00, 31901.00)
route 41, node_num 6, cost 1094.114000, nodes: 0(120000.00, 120000.00) 350 131 370 41 0(41849.00, 41849.00)
route 42, node_num 7, cost 1615.124000, nodes: 0(120000.00, 120000.00) 157 357 94 382 735(50406.00, 50406.00) 0(4634.00, 4634.00)
route 43, node_num 3, cost 405.566000, nodes: 0(120000.00, 120000.00) 72 0(91031.00, 91031.00)
route 44, node_num 6, cost 1705.438000, nodes: 0(120000.00, 120000.00) 168 54 343 588(34414.00, 36231.00) 0(0.00, 0.00)
route 45, node_num 5, cost 1189.748000, nodes: 0(120000.00, 120000.00) 174 169 387 0(35018.00, 35018.00)
route 46, node_num 7, cost 549.654000, nodes: 0(120000.00, 120000.00) 181 309 74 334 398 0(80739.00, 80739.00)
route 47, node_num 3, cost 332.472000, nodes: 0(120000.00, 120000.00) 31 0(96252.00, 96252.00)
route 48, node_num 6, cost 1121.162000, nodes: 0(120000.00, 120000.00) 189 400 156 313 0(39917.00, 39917.00)
route 49, node_num 7, cost 1045.856000, nodes: 0(120000.00, 120000.00) 206 351 107 271 135 0(45296.00, 45296.00)
route 50, node_num 6, cost 1064.308000, nodes: 0(120000.00, 120000.00) 216 162 266 30 0(43978.00, 43978.00)
route 51, node_num 6, cost 1284.094000, nodes: 0(120000.00, 120000.00) 197 234 21 229 0(28279.00, 28279.00)
route 52, node_num 6, cost 885.388000, nodes: 0(120000.00, 120000.00) 199 268 147 319 0(56758.00, 56758.00)
route 53, node_num 7, cost 1876.672000, nodes: 0(120000.00, 120000.00) 336 264 249 11 745(11854.00, 25902.00) 0(0.00, 0.00)
route 54, node_num 7, cost 1578.724000, nodes: 0(120000.00, 120000.00) 192 116 392 45 721(46461.00, 46461.00) 0(7234.00, 7234.00)
route 55, node_num 5, cost 1441.622000, nodes: 0(120000.00, 120000.00) 335 188 170 0(17027.00, 17027.00)
route 56, node_num 7, cost 1710.562000, nodes: 0(120000.00, 120000.00) 553(84325.00, 86508.00) 352 207 272 252 0(0.00, 0.00)
route 57, node_num 6, cost 562.828000, nodes: 0(120000.00, 120000.00) 219 95 337 47 0(79798.00, 79798.00)
route 58, node_num 6, cost 1145.788000, nodes: 0(120000.00, 120000.00) 225 146 273 153 0(38158.00, 38158.00)
route 59, node_num 5, cost 221.844000, nodes: 0(120000.00, 120000.00) 226 293 240 0(104154.00, 104154.00)
route 60, node_num 7, cost 1658.216000, nodes: 0(120000.00, 120000.00) 227 261 380 184 488(37787.00, 37787.00) 0(1556.00, 1556.00)
route 61, node_num 7, cost 662.606000, nodes: 0(120000.00, 120000.00) 228 283 121 191 289 0(72671.00, 72671.00)
route 62, node_num 6, cost 1161.188000, nodes: 0(120000.00, 120000.00) 130 297 37 221 0(37058.00, 37058.00)
route 63, node_num 7, cost 1775.088000, nodes: 0(120000.00, 120000.00) 653(84325.00, 91117.00) 148 304 101 232 0(0.00, 0.00)
route 64, node_num 6, cost 1624.826000, nodes: 0(120000.00, 120000.00) 238 141 103 480(38869.00, 38869.00) 0(3941.00, 3941.00)
route 65, node_num 5, cost 1439.718000, nodes: 0(120000.00, 120000.00) 315 132 292 0(17163.00, 17163.00)
route 66, node_num 7, cost 1711.766000, nodes: 0(120000.00, 120000.00) 395 69 112 342 732(31698.00, 33967.00) 0(0.00, 0.00)
route 67, node_num 5, cost 1336.356000, nodes: 0(120000.00, 120000.00) 259 99 182 0(24546.00, 24546.00)
route 68, node_num 6, cost 1518.916000, nodes: 0(120000.00, 120000.00) 75 376 179 109 0(11506.00, 11506.00)
route 69, node_num 6, cost 1522.150000, nodes: 0(120000.00, 120000.00) 255 173 115 548(35972.00, 35972.00) 0(11275.00, 11275.00)
route 70, node_num 7, cost 530.880000, nodes: 0(120000.00, 120000.00) 88 279 359 39 48 0(82080.00, 82080.00)
route 71, node_num 7, cost 645.428000, nodes: 0(120000.00, 120000.00) 262 215 388 242 180 0(73898.00, 73898.00)
route 72, node_num 5, cost 860.006000, nodes: 0(120000.00, 120000.00) 98 120 209 0(58571.00, 58571.00)
route 73, node_num 4, cost 920.430000, nodes: 0(120000.00, 120000.00) 269 210 0(54255.00, 54255.00)
route 74, node_num 5, cost 1032.416000, nodes: 0(120000.00, 120000.00) 285 394 396 0(46256.00, 46256.00)
route 75, node_num 6, cost 1286.992000, nodes: 0(120000.00, 120000.00) 290 137 355 175 0(28072.00, 28072.00)
route 76, node_num 5, cost 426.160000, nodes: 0(120000.00, 120000.00) 291 23 183 0(89560.00, 89560.00)
route 77, node_num 6, cost 1263.906000, nodes: 0(120000.00, 120000.00) 294 367 24 15 0(29721.00, 29721.00)
route 78, node_num 5, cost 1116.206000, nodes: 0(120000.00, 120000.00) 274 253 2 0(40271.00, 40271.00)
route 79, node_num 6, cost 1321.796000, nodes: 0(120000.00, 120000.00) 312 263 267 63 0(25586.00, 25586.00)
route 80, node_num 5, cost 920.794000, nodes: 0(120000.00, 120000.00) 58 310 67 0(54229.00, 54229.00)
route 81, node_num 7, cost 477.764000, nodes: 0(120000.00, 120000.00) 317 204 96 361 311 0(85874.00, 85874.00)
route 82, node_num 5, cost 1284.976000, nodes: 0(120000.00, 120000.00) 320 224 145 0(28216.00, 28216.00)
route 83, node_num 7, cost 1780.156000, nodes: 0(120000.00, 120000.00) 122 330 307 346 772(35763.00, 42917.00) 0(0.00, 0.00)
route 84, node_num 6, cost 933.870000, nodes: 0(120000.00, 120000.00) 322 59 10 258 0(53295.00, 53295.00)
route 85, node_num 5, cost 1566.894000, nodes: 0(120000.00, 120000.00) 53 50 672(50996.00, 50996.00) 0(8079.00, 8079.00)
route 86, node_num 4, cost 211.190000, nodes: 0(120000.00, 120000.00) 220 89 0(104915.00, 104915.00)
route 87, node_num 6, cost 1310.960000, nodes: 0(120000.00, 120000.00) 205 365 154 239 0(26360.00, 26360.00)
route 88, node_num 7, cost 1316.910000, nodes: 0(120000.00, 120000.00) 338 377 306 163 257 0(25935.00, 25935.00)
route 89, node_num 5, cost 1304.380000, nodes: 0(120000.00, 120000.00) 193 113 344 0(26830.00, 26830.00)
route 90, node_num 5, cost 1058.316000, nodes: 0(120000.00, 120000.00) 341 166 328 0(44406.00, 44406.00)
route 91, node_num 6, cost 1213.982000, nodes: 0(120000.00, 120000.00) 349 300 110 84 0(33287.00, 33287.00)
route 92, node_num 7, cost 1769.824000, nodes: 0(120000.00, 120000.00) 151 196 118 60 472(36501.00, 42917.00) 0(0.00, 0.00)
route 93, node_num 7, cost 1024.422000, nodes: 0(120000.00, 120000.00) 158 208 385 324 34 0(46827.00, 46827.00)
route 94, node_num 7, cost 1801.450000, nodes: 0(120000.00, 120000.00) 363 241 187 90 777(33801.00, 42476.00) 0(0.00, 0.00)
route 95, node_num 3, cost 91.588000, nodes: 0(120000.00, 120000.00) 55 0(113458.00, 113458.00)
route 96, node_num 5, cost 1655.780000, nodes: 0(120000.00, 120000.00) 371 155 125 0(1730.00, 1730.00)
route 97, node_num 6, cost 1012.606000, nodes: 0(120000.00, 120000.00) 20 368 91 164 0(47671.00, 47671.00)
route 98, node_num 6, cost 967.414000, nodes: 0(120000.00, 120000.00) 374 104 26 200 0(50899.00, 50899.00)
route 99, node_num 6, cost 616.364000, nodes: 0(120000.00, 120000.00) 256 129 298 348 0(75974.00, 75974.00)
route 100, node_num 6, cost 1084.496000, nodes: 0(120000.00, 120000.00) 386 303 383 152 0(42536.00, 42536.00)
route 101, node_num 4, cost 921.872000, nodes: 0(120000.00, 120000.00) 397 108 0(54152.00, 54152.00)
route 102, node_num 5, cost 1571.094000, nodes: 0(120000.00, 120000.00) 399 277 390 0(7779.00, 7779.00)
route 103, node_num 6, cost 1643.936000, nodes: 0(120000.00, 120000.00) 644(106638.00, 106638.00) 281 286 213 0(2576.00, 2576.00)
route 104, node_num 5, cost 980.336000, nodes: 0(120000.00, 120000.00) 372 114 126 0(49976.00, 49976.00)
route 105, node_num 8, cost 1646.316000, nodes: 0(120000.00, 120000.00) 444(106638.00, 106638.00) 223 424(67746.00, 95746.00) 172 56 327 0(30406.00, 30406.00)
route 106, node_num 8, cost 1898.904000, nodes: 0(120000.00, 120000.00) 453(84325.00, 84325.00) 326 222 111 49 536(17615.00, 33251.00) 0(0.00, 0.00)
route 107, node_num 5, cost 1196.776000, nodes: 0(120000.00, 120000.00) 247 5 378 0(34516.00, 34516.00)
route 108, node_num 7, cost 1803.578000, nodes: 0(120000.00, 120000.00) 511(93324.00, 102151.00) 190 211 117 391 0(0.00, 0.00)
route 109, node_num 7, cost 1710.380000, nodes: 0(120000.00, 120000.00) 36 280 358 233 435(43602.00, 45772.00) 0(0.00, 0.00)
route 110, node_num 8, cost 1798.328000, nodes: 0(120000.00, 120000.00) 590(82075.00, 82075.00) 186 447(58815.00, 67267.00) 19 323 384 0(0.00, 0.00)
vehicle (route) number: 111
Total cost: 168050.11
168050.11, 5414.11
