Details of the solution:
route 0, node_num 7, cost 1847.104000, nodes: 0(120000.00, 120000.00) 12 221 186 132 675(9680.00, 21616.00) 0(0.00, 0.00)
route 1, node_num 5, cost 1130.276000, nodes: 0(120000.00, 120000.00) 273 252 255 0(39266.00, 39266.00)
route 2, node_num 7, cost 2107.252000, nodes: 0(120000.00, 120000.00) 305 208 741(33350.00, 63868.00) 350 52 0(0.00, 0.00)
route 3, node_num 6, cost 1221.150000, nodes: 0(120000.00, 120000.00) 377 183 352 220 0(32775.00, 32775.00)
route 4, node_num 7, cost 1215.606000, nodes: 0(120000.00, 120000.00) 307 103 289 141 219 0(33171.00, 33171.00)
route 5, node_num 7, cost 1650.824000, nodes: 0(120000.00, 120000.00) 25 333 259 302 8 0(2084.00, 2084.00)
route 6, node_num 5, cost 784.672000, nodes: 0(120000.00, 120000.00) 398 138 277 0(63952.00, 63952.00)
route 7, node_num 7, cost 731.976000, nodes: 0(120000.00, 120000.00) 40 152 68 396 287 0(67716.00, 67716.00)
route 8, node_num 6, cost 1291.374000, nodes: 0(120000.00, 120000.00) 46 140 174 82 0(27759.00, 27759.00)
route 9, node_num 8, cost 1808.786000, nodes: 0(120000.00, 120000.00) 674(84814.00, 84814.00) 76 60 28 226 737(9633.00, 18832.00) 0(0.00, 0.00)
route 10, node_num 5, cost 1284.836000, nodes: 0(120000.00, 120000.00) 67 158 166 0(28226.00, 28226.00)
route 11, node_num 5, cost 1286.908000, nodes: 0(120000.00, 120000.00) 78 322 232 0(28078.00, 28078.00)
route 12, node_num 5, cost 1072.890000, nodes: 0(120000.00, 120000.00) 127 239 87 0(43365.00, 43365.00)
route 13, node_num 7, cost 1173.676000, nodes: 0(120000.00, 120000.00) 332 30 27 399 116 0(36166.00, 36166.00)
route 14, node_num 6, cost 1747.816000, nodes: 0(120000.00, 120000.00) 86 63 297 489(30139.00, 34983.00) 0(0.00, 0.00)
route 15, node_num 8, cost 1857.800000, nodes: 0(120000.00, 120000.00) 90 33 378 128 176 466(18096.00, 30796.00) 0(0.00, 0.00)
route 16, node_num 7, cost 1646.918000, nodes: 0(120000.00, 120000.00) 394 112 106 264 308 0(2363.00, 2363.00)
route 17, node_num 6, cost 918.442000, nodes: 0(120000.00, 120000.00) 105 184 31 74 0(54397.00, 54397.00)
route 18, node_num 6, cost 1202.866000, nodes: 0(120000.00, 120000.00) 113 272 97 391 0(34081.00, 34081.00)
route 19, node_num 5, cost 1560.048000, nodes: 0(120000.00, 120000.00) 114 41 43 0(8568.00, 8568.00)
route 20, node_num 7, cost 1557.976000, nodes: 0(120000.00, 120000.00) 118 330 100 200 155 0(8716.00, 8716.00)
route 21, node_num 7, cost 728.028000, nodes: 0(120000.00, 120000.00) 122 164 108 77 240 0(67998.00, 67998.00)
route 22, node_num 7, cost 1526.910000, nodes: 0(120000.00, 120000.00) 131 47 385 197 395 0(10935.00, 10935.00)
route 23, node_num 8, cost 1084.314000, nodes: 0(120000.00, 120000.00) 142 296 98 136 9 38 0(42549.00, 42549.00)
route 24, node_num 6, cost 828.450000, nodes: 0(120000.00, 120000.00) 144 382 55 102 0(60825.00, 60825.00)
route 25, node_num 9, cost 2076.984000, nodes: 0(120000.00, 120000.00) 146 441(51470.00, 58210.00) 48 325 54 321 475(0.00, 21616.00) 0(0.00, 0.00)
route 26, node_num 6, cost 895.958000, nodes: 0(120000.00, 120000.00) 153 93 81 126 0(56003.00, 56003.00)
route 27, node_num 6, cost 1105.510000, nodes: 0(120000.00, 120000.00) 154 312 299 389 0(41035.00, 41035.00)
route 28, node_num 7, cost 1399.216000, nodes: 0(120000.00, 120000.00) 156 61 357 778(55236.00, 55236.00) 111 0(20056.00, 20056.00)
route 29, node_num 7, cost 1373.162000, nodes: 0(120000.00, 120000.00) 157 73 11 334 284 0(21917.00, 21917.00)
route 30, node_num 6, cost 1377.180000, nodes: 0(120000.00, 120000.00) 165 262 58 35 0(21630.00, 21630.00)
route 31, node_num 6, cost 1241.296000, nodes: 0(120000.00, 120000.00) 170 362 129 275 0(31336.00, 31336.00)
route 32, node_num 7, cost 1219.414000, nodes: 0(120000.00, 120000.00) 171 247 117 42 216 0(32899.00, 32899.00)
route 33, node_num 6, cost 1069.600000, nodes: 0(120000.00, 120000.00) 210 195 317 44 0(43600.00, 43600.00)
route 34, node_num 6, cost 1551.704000, nodes: 0(120000.00, 120000.00) 177 292 209 148 0(9164.00, 9164.00)
route 35, node_num 6, cost 1386.070000, nodes: 0(120000.00, 120000.00) 178 271 130 119 0(20995.00, 20995.00)
route 36, node_num 7, cost 1662.430000, nodes: 0(120000.00, 120000.00) 283 323 137 20 196 0(1255.00, 1255.00)
route 37, node_num 6, cost 1481.802000, nodes: 0(120000.00, 120000.00) 180 235 92 309 0(14157.00, 14157.00)
route 38, node_num 5, cost 487.256000, nodes: 0(120000.00, 120000.00) 36 192 19 0(85196.00, 85196.00)
route 39, node_num 8, cost 1676.290000, nodes: 0(120000.00, 120000.00) 185 281 26 125 329 766(31061.00, 31061.00) 0(265.00, 265.00)
route 40, node_num 4, cost 1319.514000, nodes: 0(120000.00, 120000.00) 187 338 0(25749.00, 25749.00)
route 41, node_num 5, cost 1258.278000, nodes: 0(120000.00, 120000.00) 188 364 257 0(30123.00, 30123.00)
route 42, node_num 7, cost 1660.260000, nodes: 0(120000.00, 120000.00) 687(101577.00, 105577.00) 256 49 392 168 0(5410.00, 5410.00)
route 43, node_num 5, cost 1223.152000, nodes: 0(120000.00, 120000.00) 34 191 139 0(32632.00, 32632.00)
route 44, node_num 7, cost 1700.356000, nodes: 0(120000.00, 120000.00) 181 162 145 260 666(29342.00, 30796.00) 0(0.00, 0.00)
route 45, node_num 5, cost 840.252000, nodes: 0(120000.00, 120000.00) 205 50 267 0(59982.00, 59982.00)
route 46, node_num 7, cost 1896.146000, nodes: 0(120000.00, 120000.00) 207 229 85 134 487(3053.00, 18492.00) 0(0.00, 0.00)
route 47, node_num 6, cost 1067.794000, nodes: 0(120000.00, 120000.00) 175 280 315 57 0(43729.00, 43729.00)
route 48, node_num 7, cost 1658.566000, nodes: 0(120000.00, 120000.00) 749(86720.00, 86720.00) 215 368 202 269 0(1531.00, 1531.00)
route 49, node_num 8, cost 1747.228000, nodes: 0(120000.00, 120000.00) 64 227 121 37 53 656(4625.00, 9427.00) 0(0.00, 0.00)
route 50, node_num 5, cost 1331.946000, nodes: 0(120000.00, 120000.00) 230 194 376 0(24861.00, 24861.00)
route 51, node_num 7, cost 1325.926000, nodes: 0(120000.00, 120000.00) 371 101 248 10 163 0(25291.00, 25291.00)
route 52, node_num 8, cost 1766.772000, nodes: 0(120000.00, 120000.00) 242 231 96 265 1 774(28367.00, 34565.00) 0(0.00, 0.00)
route 53, node_num 6, cost 1408.610000, nodes: 0(120000.00, 120000.00) 21 193 318 69 0(19385.00, 19385.00)
route 54, node_num 6, cost 1249.024000, nodes: 0(120000.00, 120000.00) 245 66 51 167 0(30784.00, 30784.00)
route 55, node_num 6, cost 1259.832000, nodes: 0(120000.00, 120000.00) 246 351 115 341 0(30012.00, 30012.00)
route 56, node_num 7, cost 1856.960000, nodes: 0(120000.00, 120000.00) 80 104 5 15 775(8976.00, 21616.00) 0(0.00, 0.00)
route 57, node_num 4, cost 982.800000, nodes: 0(120000.00, 120000.00) 250 393 0(49800.00, 49800.00)
route 58, node_num 6, cost 811.664000, nodes: 0(120000.00, 120000.00) 353 65 361 218 0(62024.00, 62024.00)
route 59, node_num 8, cost 1666.210000, nodes: 0(120000.00, 120000.00) 254 344 304 223 32 766(31781.00, 31781.00) 0(985.00, 985.00)
route 60, node_num 5, cost 1257.522000, nodes: 0(120000.00, 120000.00) 71 211 337 0(30177.00, 30177.00)
route 61, node_num 5, cost 745.094000, nodes: 0(120000.00, 120000.00) 261 249 347 0(66779.00, 66779.00)
route 62, node_num 7, cost 1096.802000, nodes: 0(120000.00, 120000.00) 266 359 147 384 346 0(41657.00, 41657.00)
route 63, node_num 4, cost 836.836000, nodes: 0(120000.00, 120000.00) 380 228 0(60226.00, 60226.00)
route 64, node_num 4, cost 797.804000, nodes: 0(120000.00, 120000.00) 278 4 0(63014.00, 63014.00)
route 65, node_num 5, cost 765.380000, nodes: 0(120000.00, 120000.00) 282 3 328 0(65330.00, 65330.00)
route 66, node_num 5, cost 1462.748000, nodes: 0(120000.00, 120000.00) 179 222 373 0(15518.00, 15518.00)
route 67, node_num 4, cost 657.664000, nodes: 0(120000.00, 120000.00) 286 327 0(73024.00, 73024.00)
route 68, node_num 5, cost 1162.238000, nodes: 0(120000.00, 120000.00) 295 109 290 0(36983.00, 36983.00)
route 69, node_num 6, cost 1278.284000, nodes: 0(120000.00, 120000.00) 217 342 206 14 0(28694.00, 28694.00)
route 70, node_num 6, cost 984.816000, nodes: 0(120000.00, 120000.00) 358 293 224 294 0(49656.00, 49656.00)
route 71, node_num 6, cost 1259.496000, nodes: 0(120000.00, 120000.00) 387 17 169 203 0(30036.00, 30036.00)
route 72, node_num 7, cost 1028.258000, nodes: 0(120000.00, 120000.00) 24 7 189 135 311 0(46553.00, 46553.00)
route 73, node_num 6, cost 1295.168000, nodes: 0(120000.00, 120000.00) 310 133 326 381 0(27488.00, 27488.00)
route 74, node_num 5, cost 917.714000, nodes: 0(120000.00, 120000.00) 313 6 2 0(54449.00, 54449.00)
route 75, node_num 5, cost 954.618000, nodes: 0(120000.00, 120000.00) 319 366 288 0(51813.00, 51813.00)
route 76, node_num 7, cost 1458.716000, nodes: 0(120000.00, 120000.00) 320 237 234 263 39 0(15806.00, 15806.00)
route 77, node_num 7, cost 1725.724000, nodes: 0(120000.00, 120000.00) 84 182 143 13 752(7880.00, 11146.00) 0(0.00, 0.00)
route 78, node_num 4, cost 638.106000, nodes: 0(120000.00, 120000.00) 335 367 0(74421.00, 74421.00)
route 79, node_num 5, cost 1418.284000, nodes: 0(120000.00, 120000.00) 298 390 110 0(18694.00, 18694.00)
route 80, node_num 5, cost 1657.138000, nodes: 0(120000.00, 120000.00) 340 95 324 0(1633.00, 1633.00)
route 81, node_num 6, cost 889.168000, nodes: 0(120000.00, 120000.00) 345 190 161 388 0(56488.00, 56488.00)
route 82, node_num 7, cost 1781.850000, nodes: 0(120000.00, 120000.00) 349 400 199 383 401(27915.00, 35190.00) 0(0.00, 0.00)
route 83, node_num 7, cost 1861.678000, nodes: 0(120000.00, 120000.00) 649(86720.00, 110720.00) 99 348 375 88 0(11023.00, 11023.00)
route 84, node_num 6, cost 1328.894000, nodes: 0(120000.00, 120000.00) 354 270 23 212 0(25079.00, 25079.00)
route 85, node_num 5, cost 1129.268000, nodes: 0(120000.00, 120000.00) 70 314 201 0(39338.00, 39338.00)
route 86, node_num 6, cost 899.990000, nodes: 0(120000.00, 120000.00) 360 268 123 336 0(55715.00, 55715.00)
route 87, node_num 6, cost 1617.728000, nodes: 0(120000.00, 120000.00) 363 243 285 331 0(4448.00, 4448.00)
route 88, node_num 7, cost 1780.548000, nodes: 0(120000.00, 120000.00) 369 107 62 274 452(3964.00, 11146.00) 0(0.00, 0.00)
route 89, node_num 5, cost 1497.454000, nodes: 0(120000.00, 120000.00) 365 160 172 0(13039.00, 13039.00)
route 90, node_num 5, cost 1481.214000, nodes: 0(120000.00, 120000.00) 370 22 213 0(14199.00, 14199.00)
route 91, node_num 7, cost 1674.918000, nodes: 0(120000.00, 120000.00) 372 91 120 214 523(38058.00, 38058.00) 0(363.00, 363.00)
route 92, node_num 5, cost 1009.456000, nodes: 0(120000.00, 120000.00) 374 300 124 0(47896.00, 47896.00)
route 93, node_num 7, cost 1712.494000, nodes: 0(120000.00, 120000.00) 379 56 173 72 789(32662.00, 34983.00) 0(0.00, 0.00)
route 94, node_num 7, cost 1778.588000, nodes: 0(120000.00, 120000.00) 16 151 276 198 675(14574.00, 21616.00) 0(0.00, 0.00)
route 95, node_num 6, cost 1164.786000, nodes: 0(120000.00, 120000.00) 386 75 94 150 0(36801.00, 36801.00)
route 96, node_num 6, cost 699.146000, nodes: 0(120000.00, 120000.00) 18 306 241 343 0(70061.00, 70061.00)
route 97, node_num 7, cost 1980.286000, nodes: 0(120000.00, 120000.00) 233 236 45 355 566(9347.00, 30796.00) 0(0.00, 0.00)
route 98, node_num 8, cost 1590.694000, nodes: 0(120000.00, 120000.00) 449(86720.00, 86720.00) 79 29 149 356 316 0(6379.00, 6379.00)
route 99, node_num 7, cost 1745.786000, nodes: 0(120000.00, 120000.00) 238 83 291 244 456(4728.00, 9427.00) 0(0.00, 0.00)
route 100, node_num 7, cost 1642.830000, nodes: 0(120000.00, 120000.00) 253 89 303 258 643(36866.00, 36866.00) 0(2655.00, 2655.00)
route 101, node_num 8, cost 2128.224000, nodes: 0(120000.00, 120000.00) 159 339 251 204 59 567(26402.00, 58418.00) 0(0.00, 0.00)
route 102, node_num 6, cost 1400.406000, nodes: 0(120000.00, 120000.00) 397 279 225 301 0(19971.00, 19971.00)
vehicle (route) number: 103
Total cost: 168395.88
168395.88, 5411.77
