Details of the solution:
route 0, node_num 6, cost 1618.904000, nodes: 0(120000.00, 120000.00) 1 5 236 107 0(4364.00, 4364.00)
route 1, node_num 5, cost 1094.506000, nodes: 0(120000.00, 120000.00) 6 394 22 0(41821.00, 41821.00)
route 2, node_num 4, cost 1154.328000, nodes: 0(120000.00, 120000.00) 8 262 0(37548.00, 37548.00)
route 3, node_num 6, cost 1523.802000, nodes: 0(120000.00, 120000.00) 16 383 256 207 0(11157.00, 11157.00)
route 4, node_num 7, cost 1295.882000, nodes: 0(120000.00, 120000.00) 21 93 103 307 192 0(27437.00, 27437.00)
route 5, node_num 6, cost 289.156000, nodes: 0(120000.00, 120000.00) 24 138 277 111 0(99346.00, 99346.00)
route 6, node_num 7, cost 1698.172000, nodes: 0(120000.00, 120000.00) 756(99231.00, 100529.00) 26 125 33 205 0(0.00, 0.00)
route 7, node_num 6, cost 1585.472000, nodes: 0(120000.00, 120000.00) 31 99 191 390 0(6752.00, 6752.00)
route 8, node_num 4, cost 979.216000, nodes: 0(120000.00, 120000.00) 397 399 0(50056.00, 50056.00)
route 9, node_num 4, cost 559.468000, nodes: 0(120000.00, 120000.00) 65 117 0(80038.00, 80038.00)
route 10, node_num 7, cost 1553.776000, nodes: 0(120000.00, 120000.00) 39 199 243 159 723(13530.00, 13530.00) 0(9016.00, 9016.00)
route 11, node_num 4, cost 1222.676000, nodes: 0(120000.00, 120000.00) 40 352 0(32666.00, 32666.00)
route 12, node_num 5, cost 859.334000, nodes: 0(120000.00, 120000.00) 44 344 379 0(58619.00, 58619.00)
route 13, node_num 6, cost 1686.258000, nodes: 0(120000.00, 120000.00) 521(81946.00, 120000.00) 141 330 157 0(37607.00, 37607.00)
route 14, node_num 7, cost 876.260000, nodes: 0(120000.00, 120000.00) 55 19 241 343 306 0(57410.00, 57410.00)
route 15, node_num 5, cost 547.232000, nodes: 0(120000.00, 120000.00) 57 142 153 0(80912.00, 80912.00)
route 16, node_num 7, cost 572.782000, nodes: 0(120000.00, 120000.00) 133 314 140 212 14 0(79087.00, 79087.00)
route 17, node_num 5, cost 1671.082000, nodes: 0(120000.00, 120000.00) 84 202 233 0(637.00, 637.00)
route 18, node_num 6, cost 1635.858000, nodes: 0(120000.00, 120000.00) 85 214 96 253 0(3153.00, 3153.00)
route 19, node_num 5, cost 1151.360000, nodes: 0(120000.00, 120000.00) 86 364 271 0(37760.00, 37760.00)
route 20, node_num 6, cost 1586.844000, nodes: 0(120000.00, 120000.00) 90 316 58 503(15769.00, 15769.00) 0(6654.00, 6654.00)
route 21, node_num 6, cost 949.354000, nodes: 0(120000.00, 120000.00) 340 63 375 203 0(52189.00, 52189.00)
route 22, node_num 4, cost 851.690000, nodes: 0(120000.00, 120000.00) 77 275 0(59165.00, 59165.00)
route 23, node_num 6, cost 1231.006000, nodes: 0(120000.00, 120000.00) 136 116 106 76 0(32071.00, 32071.00)
route 24, node_num 5, cost 634.270000, nodes: 0(120000.00, 120000.00) 119 46 324 0(74695.00, 74695.00)
route 25, node_num 7, cost 312.438000, nodes: 0(120000.00, 120000.00) 7 338 216 189 12 0(97683.00, 97683.00)
route 26, node_num 8, cost 1854.132000, nodes: 0(120000.00, 120000.00) 126 386 162 128 209 547(36760.00, 49198.00) 0(0.00, 0.00)
route 27, node_num 5, cost 699.678000, nodes: 0(120000.00, 120000.00) 131 3 336 0(70023.00, 70023.00)
route 28, node_num 6, cost 1231.356000, nodes: 0(120000.00, 120000.00) 64 323 283 370 0(32046.00, 32046.00)
route 29, node_num 4, cost 222.642000, nodes: 0(120000.00, 120000.00) 249 124 0(104097.00, 104097.00)
route 30, node_num 7, cost 1114.932000, nodes: 0(120000.00, 120000.00) 147 217 110 71 34 0(40362.00, 40362.00)
route 31, node_num 7, cost 1323.266000, nodes: 0(120000.00, 120000.00) 154 27 62 74 184 0(25481.00, 25481.00)
route 32, node_num 7, cost 1580.110000, nodes: 0(120000.00, 120000.00) 158 396 287 376 152 0(7135.00, 7135.00)
route 33, node_num 5, cost 1316.182000, nodes: 0(120000.00, 120000.00) 166 4 81 0(25987.00, 25987.00)
route 34, node_num 7, cost 1791.174000, nodes: 0(120000.00, 120000.00) 621(81946.00, 120000.00) 245 194 51 219 0(30113.00, 30113.00)
route 35, node_num 7, cost 1340.570000, nodes: 0(120000.00, 120000.00) 333 391 172 315 248 0(24245.00, 24245.00)
route 36, node_num 7, cost 1540.686000, nodes: 0(120000.00, 120000.00) 173 259 302 349 226 0(9951.00, 9951.00)
route 37, node_num 6, cost 1489.418000, nodes: 0(120000.00, 120000.00) 174 225 179 279 0(13613.00, 13613.00)
route 38, node_num 7, cost 1577.212000, nodes: 0(120000.00, 120000.00) 175 299 28 48 745(30145.00, 30145.00) 0(7342.00, 7342.00)
route 39, node_num 6, cost 1501.766000, nodes: 0(120000.00, 120000.00) 178 139 120 182 0(12731.00, 12731.00)
route 40, node_num 6, cost 1477.294000, nodes: 0(120000.00, 120000.00) 183 232 66 623(18993.00, 18993.00) 0(14479.00, 14479.00)
route 41, node_num 6, cost 919.562000, nodes: 0(120000.00, 120000.00) 123 196 351 115 0(54317.00, 54317.00)
route 42, node_num 7, cost 1599.304000, nodes: 0(120000.00, 120000.00) 204 305 251 20 95 0(5764.00, 5764.00)
route 43, node_num 5, cost 910.364000, nodes: 0(120000.00, 120000.00) 210 195 387 0(54974.00, 54974.00)
route 44, node_num 6, cost 1002.442000, nodes: 0(120000.00, 120000.00) 213 257 300 42 0(48397.00, 48397.00)
route 45, node_num 7, cost 1547.854000, nodes: 0(120000.00, 120000.00) 303 89 264 54 265 0(9439.00, 9439.00)
route 46, node_num 7, cost 971.922000, nodes: 0(120000.00, 120000.00) 218 2 234 361 346 0(50577.00, 50577.00)
route 47, node_num 5, cost 1403.136000, nodes: 0(120000.00, 120000.00) 220 237 320 0(19776.00, 19776.00)
route 48, node_num 7, cost 1599.584000, nodes: 0(120000.00, 120000.00) 222 372 60 392 363 0(5744.00, 5744.00)
route 49, node_num 5, cost 836.318000, nodes: 0(120000.00, 120000.00) 228 56 359 0(60263.00, 60263.00)
route 50, node_num 7, cost 1760.010000, nodes: 0(120000.00, 120000.00) 231 92 155 73 777(14308.00, 20023.00) 0(0.00, 0.00)
route 51, node_num 6, cost 1261.778000, nodes: 0(120000.00, 120000.00) 239 87 127 37 0(29873.00, 29873.00)
route 52, node_num 5, cost 845.166000, nodes: 0(120000.00, 120000.00) 246 17 169 0(59631.00, 59631.00)
route 53, node_num 7, cost 661.136000, nodes: 0(120000.00, 120000.00) 247 341 384 301 98 0(72776.00, 72776.00)
route 54, node_num 7, cost 1021.888000, nodes: 0(120000.00, 120000.00) 255 102 108 36 254 0(47008.00, 47008.00)
route 55, node_num 4, cost 228.508000, nodes: 0(120000.00, 120000.00) 261 290 0(103678.00, 103678.00)
route 56, node_num 8, cost 1880.424000, nodes: 0(120000.00, 120000.00) 149 281 181 291 378 677(5707.00, 20023.00) 0(0.00, 0.00)
route 57, node_num 4, cost 844.998000, nodes: 0(120000.00, 120000.00) 267 164 0(59643.00, 59643.00)
route 58, node_num 6, cost 1096.970000, nodes: 0(120000.00, 120000.00) 268 190 94 75 0(41645.00, 41645.00)
route 59, node_num 6, cost 954.142000, nodes: 0(120000.00, 120000.00) 270 156 121 381 0(51847.00, 51847.00)
route 60, node_num 6, cost 1161.412000, nodes: 0(120000.00, 120000.00) 161 272 304 371 0(37042.00, 37042.00)
route 61, node_num 7, cost 1664.838000, nodes: 0(120000.00, 120000.00) 280 798(102739.00, 102739.00) 88 43 309 0(1083.00, 1083.00)
route 62, node_num 6, cost 1495.242000, nodes: 0(120000.00, 120000.00) 284 163 11 114 0(13197.00, 13197.00)
route 63, node_num 5, cost 932.358000, nodes: 0(120000.00, 120000.00) 288 335 345 0(53403.00, 53403.00)
route 64, node_num 8, cost 1607.746000, nodes: 0(120000.00, 120000.00) 289 293 358 180 50 561(9647.00, 9647.00) 0(5161.00, 5161.00)
route 65, node_num 5, cost 1498.350000, nodes: 0(120000.00, 120000.00) 294 167 224 0(12975.00, 12975.00)
route 66, node_num 7, cost 1631.602000, nodes: 0(120000.00, 120000.00) 630(107152.00, 107152.00) 368 223 45 661(7943.00, 7943.00) 0(3457.00, 3457.00)
route 67, node_num 5, cost 893.060000, nodes: 0(120000.00, 120000.00) 296 18 312 0(56210.00, 56210.00)
route 68, node_num 6, cost 727.510000, nodes: 0(120000.00, 120000.00) 357 23 72 354 0(68035.00, 68035.00)
route 69, node_num 7, cost 1643.838000, nodes: 0(120000.00, 120000.00) 198 143 276 151 461(7069.00, 7069.00) 0(2583.00, 2583.00)
route 70, node_num 7, cost 1490.202000, nodes: 0(120000.00, 120000.00) 308 91 104 208 59 0(13557.00, 13557.00)
route 71, node_num 6, cost 1531.376000, nodes: 0(120000.00, 120000.00) 68 235 150 113 0(10616.00, 10616.00)
route 72, node_num 6, cost 886.592000, nodes: 0(120000.00, 120000.00) 313 317 676(86759.00, 86759.00) 495(70902.00, 70902.00) 0(56672.00, 56672.00)
route 73, node_num 7, cost 1244.992000, nodes: 0(120000.00, 120000.00) 321 168 187 130 53 0(31072.00, 31072.00)
route 74, node_num 6, cost 1465.310000, nodes: 0(120000.00, 120000.00) 322 78 10 105 0(15335.00, 15335.00)
route 75, node_num 5, cost 528.374000, nodes: 0(120000.00, 120000.00) 326 206 342 0(82259.00, 82259.00)
route 76, node_num 6, cost 1215.564000, nodes: 0(120000.00, 120000.00) 328 144 366 242 0(33174.00, 33174.00)
route 77, node_num 6, cost 1213.716000, nodes: 0(120000.00, 120000.00) 25 331 273 278 0(33306.00, 33306.00)
route 78, node_num 8, cost 1752.422000, nodes: 0(120000.00, 120000.00) 332 250 79 452(58132.00, 58791.00) 83 423(0.00, 4514.00) 0(0.00, 0.00)
route 79, node_num 4, cost 530.474000, nodes: 0(120000.00, 120000.00) 82 360 0(82109.00, 82109.00)
route 80, node_num 6, cost 1677.200000, nodes: 0(120000.00, 120000.00) 730(107152.00, 120000.00) 132 337 227 0(13048.00, 13048.00)
route 81, node_num 4, cost 213.878000, nodes: 0(120000.00, 120000.00) 347 109 0(104723.00, 104723.00)
route 82, node_num 6, cost 1486.338000, nodes: 0(120000.00, 120000.00) 348 258 165 263 0(13833.00, 13833.00)
route 83, node_num 6, cost 699.524000, nodes: 0(120000.00, 120000.00) 297 295 61 70 0(70034.00, 70034.00)
route 84, node_num 6, cost 1342.880000, nodes: 0(120000.00, 120000.00) 362 101 200 274 0(24080.00, 24080.00)
route 85, node_num 5, cost 1113.658000, nodes: 0(120000.00, 120000.00) 367 282 240 0(40453.00, 40453.00)
route 86, node_num 6, cost 1409.282000, nodes: 0(120000.00, 120000.00) 377 334 319 122 0(19337.00, 19337.00)
route 87, node_num 5, cost 886.550000, nodes: 0(120000.00, 120000.00) 382 353 9 0(56675.00, 56675.00)
route 88, node_num 5, cost 1117.564000, nodes: 0(120000.00, 120000.00) 146 298 188 0(40174.00, 40174.00)
route 89, node_num 7, cost 1637.832000, nodes: 0(120000.00, 120000.00) 100 238 118 148 761(7498.00, 7498.00) 0(3012.00, 3012.00)
route 90, node_num 6, cost 1477.308000, nodes: 0(120000.00, 120000.00) 388 318 260 47 0(14478.00, 14478.00)
route 91, node_num 4, cost 383.418000, nodes: 0(120000.00, 120000.00) 221 310 0(92613.00, 92613.00)
route 92, node_num 7, cost 1613.724000, nodes: 0(120000.00, 120000.00) 393 145 185 269 403(13849.00, 13849.00) 0(4734.00, 4734.00)
route 93, node_num 5, cost 283.570000, nodes: 0(120000.00, 120000.00) 398 311 201 0(99745.00, 99745.00)
route 94, node_num 6, cost 1077.090000, nodes: 0(120000.00, 120000.00) 135 400 49 374 0(43065.00, 43065.00)
route 95, node_num 8, cost 1702.316000, nodes: 0(120000.00, 120000.00) 721(81946.00, 113946.00) 230 67 177 244 30 0(30406.00, 30406.00)
route 96, node_num 5, cost 1627.724000, nodes: 0(120000.00, 120000.00) 395 186 170 0(3734.00, 3734.00)
route 97, node_num 6, cost 1140.496000, nodes: 0(120000.00, 120000.00) 171 252 69 97 0(38536.00, 38536.00)
route 98, node_num 7, cost 1879.360000, nodes: 0(120000.00, 120000.00) 355 215 13 129 645(8563.00, 22803.00) 0(0.00, 0.00)
route 99, node_num 3, cost 487.816000, nodes: 0(120000.00, 120000.00) 266 0(85156.00, 85156.00)
route 100, node_num 8, cost 1795.528000, nodes: 0(120000.00, 120000.00) 477(102343.00, 110595.00) 356 329 29 176 32 0(0.00, 0.00)
route 101, node_num 5, cost 1452.850000, nodes: 0(120000.00, 120000.00) 285 373 112 0(16225.00, 16225.00)
route 102, node_num 7, cost 1356.208000, nodes: 0(120000.00, 120000.00) 518(110448.00, 110448.00) 339 137 327 286 0(23128.00, 23128.00)
route 103, node_num 5, cost 1140.244000, nodes: 0(120000.00, 120000.00) 52 389 385 0(38554.00, 38554.00)
route 104, node_num 6, cost 1579.312000, nodes: 0(120000.00, 120000.00) 524(78004.00, 106004.00) 229 15 211 0(35192.00, 35192.00)
route 105, node_num 6, cost 1650.278000, nodes: 0(120000.00, 120000.00) 724(78004.00, 120000.00) 350 325 134 0(44119.00, 44119.00)
route 106, node_num 7, cost 1784.020000, nodes: 0(120000.00, 120000.00) 545(99812.00, 107242.00) 160 193 197 369 0(0.00, 0.00)
route 107, node_num 7, cost 1811.838000, nodes: 0(120000.00, 120000.00) 577(102343.00, 111760.00) 80 41 292 365 0(0.00, 0.00)
route 108, node_num 5, cost 888.090000, nodes: 0(120000.00, 120000.00) 38 380 35 0(56565.00, 56565.00)
vehicle (route) number: 109
Total cost: 165077.92
165077.92, 5400.04
