Details of the solution:
route 0, node_num 7, cost 1632.050000, nodes: 0(120000.00, 120000.00) 3 200 113 198 352 0(3425.00, 3425.00)
route 1, node_num 5, cost 706.048000, nodes: 0(120000.00, 120000.00) 76 120 329 0(69568.00, 69568.00)
route 2, node_num 8, cost 1943.802000, nodes: 0(120000.00, 120000.00) 14 159 8 144 779(41134.00, 59977.00) 72 0(0.00, 0.00)
route 3, node_num 7, cost 1590.232000, nodes: 0(120000.00, 120000.00) 192 27 123 281 65 0(6412.00, 6412.00)
route 4, node_num 7, cost 1093.666000, nodes: 0(120000.00, 120000.00) 44 399 101 324 106 0(41881.00, 41881.00)
route 5, node_num 7, cost 1668.058000, nodes: 0(120000.00, 120000.00) 45 58 61 151 308 0(853.00, 853.00)
route 6, node_num 5, cost 1355.998000, nodes: 0(120000.00, 120000.00) 51 92 42 0(23143.00, 23143.00)
route 7, node_num 7, cost 940.156000, nodes: 0(120000.00, 120000.00) 187 196 340 193 219 0(52846.00, 52846.00)
route 8, node_num 5, cost 1112.216000, nodes: 0(120000.00, 120000.00) 70 380 163 0(40556.00, 40556.00)
route 9, node_num 4, cost 696.724000, nodes: 0(120000.00, 120000.00) 75 388 0(70234.00, 70234.00)
route 10, node_num 6, cost 1577.688000, nodes: 0(120000.00, 120000.00) 512(72845.00, 72845.00) 88 264 30 0(7308.00, 7308.00)
route 11, node_num 6, cost 1174.838000, nodes: 0(120000.00, 120000.00) 77 298 299 7 0(36083.00, 36083.00)
route 12, node_num 7, cost 1144.136000, nodes: 0(120000.00, 120000.00) 89 394 96 95 239 0(38276.00, 38276.00)
route 13, node_num 6, cost 696.318000, nodes: 0(120000.00, 120000.00) 222 46 94 11 0(70263.00, 70263.00)
route 14, node_num 7, cost 1545.922000, nodes: 0(120000.00, 120000.00) 79 117 129 334 161 0(9577.00, 9577.00)
route 15, node_num 7, cost 1402.646000, nodes: 0(120000.00, 120000.00) 98 56 178 256 246 0(19811.00, 19811.00)
route 16, node_num 5, cost 704.214000, nodes: 0(120000.00, 120000.00) 132 131 93 0(69699.00, 69699.00)
route 17, node_num 5, cost 164.598000, nodes: 0(120000.00, 120000.00) 265 372 333 0(108243.00, 108243.00)
route 18, node_num 6, cost 601.762000, nodes: 0(120000.00, 120000.00) 376 272 395 287 0(77017.00, 77017.00)
route 19, node_num 5, cost 1247.358000, nodes: 0(120000.00, 120000.00) 300 138 349 0(30903.00, 30903.00)
route 20, node_num 6, cost 760.480000, nodes: 0(120000.00, 120000.00) 146 71 282 2 0(65680.00, 65680.00)
route 21, node_num 7, cost 1010.758000, nodes: 0(120000.00, 120000.00) 150 87 336 331 124 0(47803.00, 47803.00)
route 22, node_num 6, cost 1455.426000, nodes: 0(120000.00, 120000.00) 153 245 13 54 0(16041.00, 16041.00)
route 23, node_num 5, cost 1346.030000, nodes: 0(120000.00, 120000.00) 273 9 103 0(23855.00, 23855.00)
route 24, node_num 4, cost 436.870000, nodes: 0(120000.00, 120000.00) 167 40 0(88795.00, 88795.00)
route 25, node_num 6, cost 1462.538000, nodes: 0(120000.00, 120000.00) 10 31 348 234 0(15533.00, 15533.00)
route 26, node_num 6, cost 885.668000, nodes: 0(120000.00, 120000.00) 397 90 122 195 0(56738.00, 56738.00)
route 27, node_num 6, cost 285.488000, nodes: 0(120000.00, 120000.00) 321 179 325 396 0(99608.00, 99608.00)
route 28, node_num 5, cost 1363.432000, nodes: 0(120000.00, 120000.00) 174 110 171 0(22612.00, 22612.00)
route 29, node_num 6, cost 1446.158000, nodes: 0(120000.00, 120000.00) 185 224 67 294 0(16703.00, 16703.00)
route 30, node_num 6, cost 1076.642000, nodes: 0(120000.00, 120000.00) 326 176 343 221 0(43097.00, 43097.00)
route 31, node_num 6, cost 1056.664000, nodes: 0(120000.00, 120000.00) 189 375 12 130 0(44524.00, 44524.00)
route 32, node_num 6, cost 910.994000, nodes: 0(120000.00, 120000.00) 201 350 74 147 0(54929.00, 54929.00)
route 33, node_num 7, cost 1680.504000, nodes: 0(120000.00, 120000.00) 140 99 370 253 561(31957.00, 31993.00) 0(0.00, 0.00)
route 34, node_num 8, cost 1874.936000, nodes: 0(120000.00, 120000.00) 378 213 53 141 125 625(10203.00, 24127.00) 0(0.00, 0.00)
route 35, node_num 6, cost 898.338000, nodes: 0(120000.00, 120000.00) 214 286 21 136 0(55833.00, 55833.00)
route 36, node_num 6, cost 722.274000, nodes: 0(120000.00, 120000.00) 173 217 169 382 0(68409.00, 68409.00)
route 37, node_num 6, cost 1005.984000, nodes: 0(120000.00, 120000.00) 225 208 223 37 0(48144.00, 48144.00)
route 38, node_num 6, cost 899.808000, nodes: 0(120000.00, 120000.00) 229 17 170 276 0(55728.00, 55728.00)
route 39, node_num 8, cost 1324.778000, nodes: 0(120000.00, 120000.00) 230 34 62 293 4 118 0(25373.00, 25373.00)
route 40, node_num 7, cost 920.794000, nodes: 0(120000.00, 120000.00) 366 197 258 134 50 0(54229.00, 54229.00)
route 41, node_num 6, cost 1532.636000, nodes: 0(120000.00, 120000.00) 233 314 297 137 0(10526.00, 10526.00)
route 42, node_num 7, cost 1060.066000, nodes: 0(120000.00, 120000.00) 235 390 206 295 371 0(44281.00, 44281.00)
route 43, node_num 6, cost 1519.434000, nodes: 0(120000.00, 120000.00) 243 247 18 143 0(11469.00, 11469.00)
route 44, node_num 6, cost 1126.104000, nodes: 0(120000.00, 120000.00) 322 345 148 39 0(39564.00, 39564.00)
route 45, node_num 6, cost 1023.134000, nodes: 0(120000.00, 120000.00) 250 81 33 175 0(46919.00, 46919.00)
route 46, node_num 5, cost 997.892000, nodes: 0(120000.00, 120000.00) 255 301 68 0(48722.00, 48722.00)
route 47, node_num 6, cost 1591.226000, nodes: 0(120000.00, 120000.00) 257 266 97 49 0(6341.00, 6341.00)
route 48, node_num 7, cost 941.024000, nodes: 0(120000.00, 120000.00) 86 209 121 22 374 0(52784.00, 52784.00)
route 49, node_num 5, cost 1380.148000, nodes: 0(120000.00, 120000.00) 102 316 359 0(21418.00, 21418.00)
route 50, node_num 7, cost 1063.986000, nodes: 0(120000.00, 120000.00) 57 347 353 275 155 0(44001.00, 44001.00)
route 51, node_num 7, cost 1571.542000, nodes: 0(120000.00, 120000.00) 262 38 227 55 393 0(7747.00, 7747.00)
route 52, node_num 8, cost 1717.058000, nodes: 0(120000.00, 120000.00) 212 142 85 28 398 447(38090.00, 40737.00) 0(0.00, 0.00)
route 53, node_num 7, cost 1762.684000, nodes: 0(120000.00, 120000.00) 104 339 82 126 721(22787.00, 28693.00) 0(0.00, 0.00)
route 54, node_num 8, cost 1062.768000, nodes: 0(120000.00, 120000.00) 270 199 133 327 16 290 0(44088.00, 44088.00)
route 55, node_num 7, cost 1758.764000, nodes: 0(120000.00, 120000.00) 271 260 29 73 689(34561.00, 40187.00) 0(0.00, 0.00)
route 56, node_num 4, cost 342.342000, nodes: 0(120000.00, 120000.00) 263 344 0(95547.00, 95547.00)
route 57, node_num 5, cost 1015.994000, nodes: 0(120000.00, 120000.00) 157 25 220 0(47429.00, 47429.00)
route 58, node_num 4, cost 336.602000, nodes: 0(120000.00, 120000.00) 279 242 0(95957.00, 95957.00)
route 59, node_num 5, cost 738.892000, nodes: 0(120000.00, 120000.00) 280 283 238 0(67222.00, 67222.00)
route 60, node_num 5, cost 1310.722000, nodes: 0(120000.00, 120000.00) 285 251 180 0(26377.00, 26377.00)
route 61, node_num 6, cost 1382.136000, nodes: 0(120000.00, 120000.00) 259 149 277 20 0(21276.00, 21276.00)
route 62, node_num 6, cost 1498.938000, nodes: 0(120000.00, 120000.00) 296 309 292 216 0(12933.00, 12933.00)
route 63, node_num 7, cost 1470.784000, nodes: 0(120000.00, 120000.00) 304 19 379 5 177 0(14944.00, 14944.00)
route 64, node_num 9, cost 1701.798000, nodes: 0(120000.00, 120000.00) 306 278 313 237 202 172 525(22570.00, 24127.00) 0(0.00, 0.00)
route 65, node_num 7, cost 1386.112000, nodes: 0(120000.00, 120000.00) 307 236 59 232 80 0(20992.00, 20992.00)
route 66, node_num 7, cost 1115.688000, nodes: 0(120000.00, 120000.00) 135 330 342 119 36 0(40308.00, 40308.00)
route 67, node_num 8, cost 999.530000, nodes: 0(120000.00, 120000.00) 310 69 248 288 274 168 0(48605.00, 48605.00)
route 68, node_num 6, cost 1520.568000, nodes: 0(120000.00, 120000.00) 311 182 128 116 0(11388.00, 11388.00)
route 69, node_num 8, cost 1805.384000, nodes: 0(120000.00, 120000.00) 315 83 105 6 107 468(20281.00, 29237.00) 0(0.00, 0.00)
route 70, node_num 5, cost 1328.250000, nodes: 0(120000.00, 120000.00) 244 152 364 0(25125.00, 25125.00)
route 71, node_num 7, cost 795.732000, nodes: 0(120000.00, 120000.00) 249 190 312 211 341 0(63162.00, 63162.00)
route 72, node_num 8, cost 1649.452000, nodes: 0(120000.00, 120000.00) 328 210 194 319 323 78 0(2182.00, 2182.00)
route 73, node_num 5, cost 977.858000, nodes: 0(120000.00, 120000.00) 335 160 91 0(50153.00, 50153.00)
route 74, node_num 8, cost 1847.552000, nodes: 0(120000.00, 120000.00) 346 240 207 215 181 740(10647.00, 22615.00) 0(0.00, 0.00)
route 75, node_num 7, cost 1639.176000, nodes: 0(120000.00, 120000.00) 351 1 580(39805.00, 39805.00) 268 228 0(2916.00, 2916.00)
route 76, node_num 7, cost 1357.132000, nodes: 0(120000.00, 120000.00) 355 320 84 114 109 0(23062.00, 23062.00)
route 77, node_num 8, cost 1149.582000, nodes: 0(120000.00, 120000.00) 356 284 386 26 32 47 0(37887.00, 37887.00)
route 78, node_num 8, cost 913.864000, nodes: 0(120000.00, 120000.00) 357 41 191 139 369 164 0(54724.00, 54724.00)
route 79, node_num 8, cost 1325.590000, nodes: 0(120000.00, 120000.00) 360 15 165 100 64 203 0(25315.00, 25315.00)
route 80, node_num 6, cost 1548.876000, nodes: 0(120000.00, 120000.00) 361 108 63 43 0(9366.00, 9366.00)
route 81, node_num 7, cost 1762.152000, nodes: 0(120000.00, 120000.00) 363 156 598(56075.00, 68075.00) 358 145 0(6132.00, 6132.00)
route 82, node_num 6, cost 1447.264000, nodes: 0(120000.00, 120000.00) 231 127 332 24 0(16624.00, 16624.00)
route 83, node_num 7, cost 1634.234000, nodes: 0(120000.00, 120000.00) 368 303 183 269 252 0(3269.00, 3269.00)
route 84, node_num 6, cost 1169.672000, nodes: 0(120000.00, 120000.00) 289 115 186 205 0(36452.00, 36452.00)
route 85, node_num 7, cost 603.036000, nodes: 0(120000.00, 120000.00) 373 52 317 226 111 0(76926.00, 76926.00)
route 86, node_num 6, cost 1167.894000, nodes: 0(120000.00, 120000.00) 362 204 48 267 0(36579.00, 36579.00)
route 87, node_num 7, cost 1659.504000, nodes: 0(120000.00, 120000.00) 166 302 318 381 354 0(1464.00, 1464.00)
route 88, node_num 7, cost 1642.494000, nodes: 0(120000.00, 120000.00) 383 377 387 66 241 0(2679.00, 2679.00)
route 89, node_num 6, cost 1133.090000, nodes: 0(120000.00, 120000.00) 162 384 337 338 0(39065.00, 39065.00)
route 90, node_num 5, cost 742.602000, nodes: 0(120000.00, 120000.00) 389 305 188 0(66957.00, 66957.00)
route 91, node_num 7, cost 1573.054000, nodes: 0(120000.00, 120000.00) 391 291 184 112 23 0(7639.00, 7639.00)
route 92, node_num 5, cost 747.544000, nodes: 0(120000.00, 120000.00) 158 35 254 0(66604.00, 66604.00)
route 93, node_num 7, cost 1260.154000, nodes: 0(120000.00, 120000.00) 400 365 218 367 60 0(29989.00, 29989.00)
route 94, node_num 7, cost 1866.536000, nodes: 0(120000.00, 120000.00) 261 392 385 154 651(155.00, 13479.00) 0(0.00, 0.00)
vehicle (route) number: 95
Total cost: 143999.24
143999.24, 5402.22
