Details of the solution:
route 0, node_num 6, cost 1686.160000, nodes: 0(120000.00, 120000.00) 8 476 426 666(44515.00, 44955.00) 0(0.00, 0.00)
route 1, node_num 6, cost 1372.784000, nodes: 0(120000.00, 120000.00) 17 351 438 495 0(21944.00, 21944.00)
route 2, node_num 6, cost 1239.154000, nodes: 0(120000.00, 120000.00) 36 19 472 210 0(31489.00, 31489.00)
route 3, node_num 5, cost 696.766000, nodes: 0(120000.00, 120000.00) 21 296 312 0(70231.00, 70231.00)
route 4, node_num 5, cost 1314.348000, nodes: 0(120000.00, 120000.00) 30 272 62 0(26118.00, 26118.00)
route 5, node_num 4, cost 713.720000, nodes: 0(120000.00, 120000.00) 178 491 0(69020.00, 69020.00)
route 6, node_num 6, cost 813.638000, nodes: 0(120000.00, 120000.00) 38 136 205 135 0(61883.00, 61883.00)
route 7, node_num 6, cost 1538.390000, nodes: 0(120000.00, 120000.00) 828(112837.00, 120000.00) 137 60 76 0(17278.00, 17278.00)
route 8, node_num 6, cost 1656.438000, nodes: 0(120000.00, 120000.00) 79 160 285 207 0(1683.00, 1683.00)
route 9, node_num 7, cost 1333.878000, nodes: 0(120000.00, 120000.00) 81 127 87 447 161 0(24723.00, 24723.00)
route 10, node_num 7, cost 1794.380000, nodes: 0(120000.00, 120000.00) 831(83199.00, 91369.00) 83 181 362 101 0(0.00, 0.00)
route 11, node_num 4, cost 1495.900000, nodes: 0(120000.00, 120000.00) 91 243 0(13150.00, 13150.00)
route 12, node_num 6, cost 1462.272000, nodes: 0(120000.00, 120000.00) 96 258 265 733(25307.00, 25307.00) 0(15552.00, 15552.00)
route 13, node_num 6, cost 1332.772000, nodes: 0(120000.00, 120000.00) 103 446 307 352 0(24802.00, 24802.00)
route 14, node_num 5, cost 1146.908000, nodes: 0(120000.00, 120000.00) 108 335 44 0(38078.00, 38078.00)
route 15, node_num 5, cost 1034.264000, nodes: 0(120000.00, 120000.00) 110 328 551 0(46124.00, 46124.00)
route 16, node_num 6, cost 1646.218000, nodes: 0(120000.00, 120000.00) 112 298 308 614(47163.00, 47163.00) 0(2413.00, 2413.00)
route 17, node_num 7, cost 1725.724000, nodes: 0(120000.00, 120000.00) 629(89163.00, 92429.00) 16 143 528 372 0(0.00, 0.00)
route 18, node_num 3, cost 678.818000, nodes: 0(120000.00, 120000.00) 131 0(71513.00, 71513.00)
route 19, node_num 6, cost 1653.148000, nodes: 0(120000.00, 120000.00) 132 264 259 996(31994.00, 31994.00) 0(1918.00, 1918.00)
route 20, node_num 7, cost 1067.346000, nodes: 0(120000.00, 120000.00) 206 538 53 227 173 0(43761.00, 43761.00)
route 21, node_num 7, cost 642.768000, nodes: 0(120000.00, 120000.00) 140 174 566 458 509 0(74088.00, 74088.00)
route 22, node_num 7, cost 1742.762000, nodes: 0(120000.00, 120000.00) 148 193 170 316 605(49421.00, 53904.00) 0(0.00, 0.00)
route 23, node_num 8, cost 1552.446000, nodes: 0(120000.00, 120000.00) 725(97482.00, 120000.00) 542 489 436 141 477 0(31629.00, 31629.00)
route 24, node_num 6, cost 659.218000, nodes: 0(120000.00, 120000.00) 154 142 138 286 0(72913.00, 72913.00)
route 25, node_num 8, cost 1678.250000, nodes: 0(120000.00, 120000.00) 725(97482.00, 97482.00) 157 553 582 440 278 0(125.00, 125.00)
route 26, node_num 8, cost 1611.792000, nodes: 0(120000.00, 120000.00) 167 51 454 600 219 848(35766.00, 35766.00) 0(4872.00, 4872.00)
route 27, node_num 7, cost 1491.490000, nodes: 0(120000.00, 120000.00) 168 340 121 188 364 0(13465.00, 13465.00)
route 28, node_num 5, cost 1301.888000, nodes: 0(120000.00, 120000.00) 179 97 71 0(27008.00, 27008.00)
route 29, node_num 7, cost 1898.736000, nodes: 0(120000.00, 120000.00) 456 330 43 356 805(38280.00, 53904.00) 0(0.00, 0.00)
route 30, node_num 7, cost 1862.224000, nodes: 0(120000.00, 120000.00) 186 149 408 962(35992.00, 49008.00) 555 0(0.00, 0.00)
route 31, node_num 7, cost 647.836000, nodes: 0(120000.00, 120000.00) 189 300 98 175 117 0(73726.00, 73726.00)
route 32, node_num 7, cost 1437.688000, nodes: 0(120000.00, 120000.00) 191 471 147 324 271 0(17308.00, 17308.00)
route 33, node_num 5, cost 948.836000, nodes: 0(120000.00, 120000.00) 195 374 544 0(52226.00, 52226.00)
route 34, node_num 7, cost 1883.938000, nodes: 0(120000.00, 120000.00) 202 281 370 283 819(10183.00, 24750.00) 0(0.00, 0.00)
route 35, node_num 6, cost 320.544000, nodes: 0(120000.00, 120000.00) 133 216 310 445 0(97104.00, 97104.00)
route 36, node_num 8, cost 1993.222000, nodes: 0(120000.00, 120000.00) 925(97482.00, 119855.00) 11 378 26 562 80 0(0.00, 0.00)
route 37, node_num 6, cost 413.014000, nodes: 0(120000.00, 120000.00) 212 23 357 14 0(90499.00, 90499.00)
route 38, node_num 6, cost 1602.986000, nodes: 0(120000.00, 120000.00) 218 225 28 383 0(5501.00, 5501.00)
route 39, node_num 7, cost 1567.636000, nodes: 0(120000.00, 120000.00) 226 1 120 496 400 0(8026.00, 8026.00)
route 40, node_num 4, cost 600.740000, nodes: 0(120000.00, 120000.00) 359 82 0(77090.00, 77090.00)
route 41, node_num 7, cost 1856.848000, nodes: 0(120000.00, 120000.00) 229 777(61905.00, 74537.00) 107 369 197 0(0.00, 0.00)
route 42, node_num 7, cost 1724.408000, nodes: 0(120000.00, 120000.00) 230 235 158 220 748(27722.00, 30894.00) 0(0.00, 0.00)
route 43, node_num 6, cost 1626.212000, nodes: 0(120000.00, 120000.00) 232 245 492 250 0(3842.00, 3842.00)
route 44, node_num 7, cost 1764.546000, nodes: 0(120000.00, 120000.00) 974(83303.00, 120000.00) 365 177 589 402 0(30658.00, 30658.00)
route 45, node_num 5, cost 1153.460000, nodes: 0(120000.00, 120000.00) 246 56 217 0(37610.00, 37610.00)
route 46, node_num 6, cost 936.320000, nodes: 0(120000.00, 120000.00) 247 25 390 488 0(53120.00, 53120.00)
route 47, node_num 7, cost 482.874000, nodes: 0(120000.00, 120000.00) 249 261 290 347 7 0(85509.00, 85509.00)
route 48, node_num 8, cost 1811.334000, nodes: 0(120000.00, 120000.00) 251 554 204 104 48 975(29469.00, 38850.00) 0(0.00, 0.00)
route 49, node_num 6, cost 1332.240000, nodes: 0(120000.00, 120000.00) 254 366 406 124 0(24840.00, 24840.00)
route 50, node_num 8, cost 1741.908000, nodes: 0(120000.00, 120000.00) 257 520 29 646(50338.00, 50338.00) 363 619(20328.00, 24750.00) 0(0.00, 0.00)
route 51, node_num 6, cost 1629.908000, nodes: 0(120000.00, 120000.00) 260 84 279 269 0(3578.00, 3578.00)
route 52, node_num 5, cost 1394.806000, nodes: 0(120000.00, 120000.00) 262 401 116 0(20371.00, 20371.00)
route 53, node_num 7, cost 509.110000, nodes: 0(120000.00, 120000.00) 277 315 111 201 455 0(83635.00, 83635.00)
route 54, node_num 6, cost 1361.542000, nodes: 0(120000.00, 120000.00) 280 129 337 331 0(22747.00, 22747.00)
route 55, node_num 6, cost 1418.536000, nodes: 0(120000.00, 120000.00) 289 224 470 293 0(18676.00, 18676.00)
route 56, node_num 4, cost 1294.804000, nodes: 0(120000.00, 120000.00) 294 358 0(27514.00, 27514.00)
route 57, node_num 7, cost 1276.086000, nodes: 0(120000.00, 120000.00) 301 501 504 27 479 0(28851.00, 28851.00)
route 58, node_num 7, cost 1199.254000, nodes: 0(120000.00, 120000.00) 302 321 39 434 203 0(34339.00, 34339.00)
route 59, node_num 5, cost 1379.728000, nodes: 0(120000.00, 120000.00) 303 89 222 0(21448.00, 21448.00)
route 60, node_num 8, cost 1311.814000, nodes: 0(120000.00, 120000.00) 306 532 190 50 267 77 0(26299.00, 26299.00)
route 61, node_num 7, cost 522.270000, nodes: 0(120000.00, 120000.00) 311 57 398 462 336 0(82695.00, 82695.00)
route 62, node_num 5, cost 1230.110000, nodes: 0(120000.00, 120000.00) 313 304 6 0(32135.00, 32135.00)
route 63, node_num 5, cost 1608.222000, nodes: 0(120000.00, 120000.00) 318 242 960(27846.00, 27846.00) 0(5127.00, 5127.00)
route 64, node_num 6, cost 1342.404000, nodes: 0(120000.00, 120000.00) 152 564 192 382 0(24114.00, 24114.00)
route 65, node_num 5, cost 742.280000, nodes: 0(120000.00, 120000.00) 326 459 354 0(66980.00, 66980.00)
route 66, node_num 6, cost 1507.282000, nodes: 0(120000.00, 120000.00) 327 90 155 10 0(12337.00, 12337.00)
route 67, node_num 8, cost 1245.132000, nodes: 0(120000.00, 120000.00) 338 12 484 123 288 55 0(31062.00, 31062.00)
route 68, node_num 7, cost 1629.810000, nodes: 0(120000.00, 120000.00) 339 583 49 305 896(33661.00, 33661.00) 0(3585.00, 3585.00)
route 69, node_num 7, cost 1250.284000, nodes: 0(120000.00, 120000.00) 342 314 465 239 333 0(30694.00, 30694.00)
route 70, node_num 6, cost 1333.976000, nodes: 0(120000.00, 120000.00) 343 22 422 119 0(24716.00, 24716.00)
route 71, node_num 6, cost 1169.588000, nodes: 0(120000.00, 120000.00) 344 237 388 255 0(36458.00, 36458.00)
route 72, node_num 7, cost 1784.370000, nodes: 0(120000.00, 120000.00) 348 746(62662.00, 70117.00) 519 507 597 0(0.00, 0.00)
route 73, node_num 7, cost 1276.520000, nodes: 0(120000.00, 120000.00) 353 413 187 63 833(38575.00, 38575.00) 0(28820.00, 28820.00)
route 74, node_num 7, cost 965.790000, nodes: 0(120000.00, 120000.00) 375 88 46 37 130 0(51015.00, 51015.00)
route 75, node_num 6, cost 1609.370000, nodes: 0(120000.00, 120000.00) 389 418 395 809(39922.00, 39922.00) 0(5045.00, 5045.00)
route 76, node_num 6, cost 1372.546000, nodes: 0(120000.00, 120000.00) 392 256 405 500 0(21961.00, 21961.00)
route 77, node_num 5, cost 1074.570000, nodes: 0(120000.00, 120000.00) 228 394 414 0(43245.00, 43245.00)
route 78, node_num 8, cost 1429.624000, nodes: 0(120000.00, 120000.00) 396 319 407 183 428 852(56304.00, 56304.00) 0(17884.00, 17884.00)
route 79, node_num 4, cost 1099.784000, nodes: 0(120000.00, 120000.00) 416 139 0(41444.00, 41444.00)
route 80, node_num 6, cost 1203.286000, nodes: 0(120000.00, 120000.00) 419 31 74 397 0(34051.00, 34051.00)
route 81, node_num 7, cost 1570.814000, nodes: 0(120000.00, 120000.00) 420 114 576 244 991(14840.00, 14840.00) 0(7799.00, 7799.00)
route 82, node_num 8, cost 1585.738000, nodes: 0(120000.00, 120000.00) 423 547 421 67 322 791(13774.00, 13774.00) 0(6733.00, 6733.00)
route 83, node_num 6, cost 1598.156000, nodes: 0(120000.00, 120000.00) 425 85 276 517 0(5846.00, 5846.00)
route 84, node_num 7, cost 1216.754000, nodes: 0(120000.00, 120000.00) 430 273 567 379 380 0(33089.00, 33089.00)
route 85, node_num 8, cost 1835.064000, nodes: 0(120000.00, 120000.00) 431 591 134 151 106 814(33674.00, 44750.00) 0(0.00, 0.00)
route 86, node_num 6, cost 1470.364000, nodes: 0(120000.00, 120000.00) 442 598 373 530 0(14974.00, 14974.00)
route 87, node_num 7, cost 1637.132000, nodes: 0(120000.00, 120000.00) 444 287 166 376 122 0(3062.00, 3062.00)
route 88, node_num 6, cost 402.570000, nodes: 0(120000.00, 120000.00) 450 109 469 42 0(91245.00, 91245.00)
route 89, node_num 8, cost 1565.606000, nodes: 0(120000.00, 120000.00) 506 599 238 332 144 860(30890.00, 30890.00) 0(8171.00, 8171.00)
route 90, node_num 5, cost 632.072000, nodes: 0(120000.00, 120000.00) 467 295 512 0(74852.00, 74852.00)
route 91, node_num 7, cost 1695.218000, nodes: 0(120000.00, 120000.00) 468 439 208 59 675(37763.00, 38850.00) 0(0.00, 0.00)
route 92, node_num 7, cost 1520.372000, nodes: 0(120000.00, 120000.00) 775(81210.00, 120000.00) 449 350 435 522 0(50192.00, 50192.00)
route 93, node_num 7, cost 1729.070000, nodes: 0(120000.00, 120000.00) 932(86549.00, 120000.00) 480 78 309 377 0(29946.00, 29946.00)
route 94, node_num 8, cost 1666.196000, nodes: 0(120000.00, 120000.00) 487 58 159 323 411 769(15273.00, 15273.00) 0(986.00, 986.00)
route 95, node_num 4, cost 555.884000, nodes: 0(120000.00, 120000.00) 493 93 0(80294.00, 80294.00)
route 96, node_num 6, cost 1638.952000, nodes: 0(120000.00, 120000.00) 498 41 526 731(39822.00, 39822.00) 0(2932.00, 2932.00)
route 97, node_num 6, cost 1762.348000, nodes: 0(120000.00, 120000.00) 499 292 432 609(28995.00, 34877.00) 0(0.00, 0.00)
route 98, node_num 7, cost 1728.902000, nodes: 0(120000.00, 120000.00) 502 176 329 588 931(33397.00, 36890.00) 0(0.00, 0.00)
route 99, node_num 7, cost 1596.462000, nodes: 0(120000.00, 120000.00) 505 875(81197.00, 120000.00) 552 13 198 0(44770.00, 44770.00)
route 100, node_num 7, cost 1227.576000, nodes: 0(120000.00, 120000.00) 464 263 417 184 448 0(32316.00, 32316.00)
route 101, node_num 6, cost 919.730000, nodes: 0(120000.00, 120000.00) 508 341 568 70 0(54305.00, 54305.00)
route 102, node_num 4, cost 849.632000, nodes: 0(120000.00, 120000.00) 196 586 0(59312.00, 59312.00)
route 103, node_num 7, cost 1382.710000, nodes: 0(120000.00, 120000.00) 521 535 126 75 94 0(21235.00, 21235.00)
route 104, node_num 4, cost 1161.342000, nodes: 0(120000.00, 120000.00) 536 47 0(37047.00, 37047.00)
route 105, node_num 9, cost 1687.448000, nodes: 0(120000.00, 120000.00) 537 409 580 482 571 194 692(45767.00, 46299.00) 0(0.00, 0.00)
route 106, node_num 5, cost 1226.960000, nodes: 0(120000.00, 120000.00) 539 86 573 0(32360.00, 32360.00)
route 107, node_num 7, cost 848.806000, nodes: 0(120000.00, 120000.00) 540 569 72 156 270 0(59371.00, 59371.00)
route 108, node_num 7, cost 925.512000, nodes: 0(120000.00, 120000.00) 153 18 481 346 9 0(53892.00, 53892.00)
route 109, node_num 7, cost 928.522000, nodes: 0(120000.00, 120000.00) 545 453 541 558 503 0(53677.00, 53677.00)
route 110, node_num 9, cost 1714.440000, nodes: 0(120000.00, 120000.00) 548 2 1000(77725.00, 77725.00) 231 511 525 802(41283.00, 43743.00) 0(0.00, 0.00)
route 111, node_num 8, cost 1738.058000, nodes: 0(120000.00, 120000.00) 549 100 118 950(63009.00, 67156.00) 594 252 0(0.00, 0.00)
route 112, node_num 7, cost 1543.150000, nodes: 0(120000.00, 120000.00) 561 533 345 531 241 0(9775.00, 9775.00)
route 113, node_num 7, cost 1098.930000, nodes: 0(120000.00, 120000.00) 563 585 102 473 451 0(41505.00, 41505.00)
route 114, node_num 6, cost 1647.408000, nodes: 0(120000.00, 120000.00) 565 113 474 483 0(2328.00, 2328.00)
route 115, node_num 8, cost 722.904000, nodes: 0(120000.00, 120000.00) 570 403 384 441 297 997(79250.00, 79250.00) 0(68364.00, 68364.00)
route 116, node_num 6, cost 1192.072000, nodes: 0(120000.00, 120000.00) 317 385 361 171 0(34852.00, 34852.00)
route 117, node_num 6, cost 753.844000, nodes: 0(120000.00, 120000.00) 579 61 381 221 0(66154.00, 66154.00)
route 118, node_num 8, cost 1266.496000, nodes: 0(120000.00, 120000.00) 587 64 593 443 253 146 0(29536.00, 29536.00)
route 119, node_num 7, cost 1252.874000, nodes: 0(120000.00, 120000.00) 604(114583.00, 114583.00) 577 393 461 872(39217.00, 39217.00) 0(30509.00, 30509.00)
route 120, node_num 7, cost 1688.890000, nodes: 0(120000.00, 120000.00) 635(84119.00, 120000.00) 284 424 427 534 0(35246.00, 35246.00)
route 121, node_num 8, cost 1748.124000, nodes: 0(120000.00, 120000.00) 625(97482.00, 97482.00) 163 490 73 478 764(15317.00, 20183.00) 0(0.00, 0.00)
route 122, node_num 8, cost 1561.028000, nodes: 0(120000.00, 120000.00) 630(107271.00, 120000.00) 115 515 584 463 891(28268.00, 28268.00) 0(21227.00, 21227.00)
route 123, node_num 7, cost 1827.602000, nodes: 0(120000.00, 120000.00) 631(83199.00, 120000.00) 145 209 92 691(33299.00, 33299.00) 0(26258.00, 26258.00)
route 124, node_num 6, cost 1528.114000, nodes: 0(120000.00, 120000.00) 513 557 40 486 0(10849.00, 10849.00)
route 125, node_num 9, cost 1997.926000, nodes: 0(120000.00, 120000.00) 673(97835.00, 97835.00) 527 162 590 5 236 978(21557.00, 44266.00) 0(0.00, 0.00)
route 126, node_num 6, cost 1661.422000, nodes: 0(120000.00, 120000.00) 233 452 69 592 0(1327.00, 1327.00)
route 127, node_num 9, cost 1507.268000, nodes: 0(120000.00, 120000.00) 704(114583.00, 120000.00) 574 410 572 743(41178.00, 41178.00) 268 360 0(17755.00, 17755.00)
route 128, node_num 7, cost 1244.110000, nodes: 0(120000.00, 120000.00) 282 164 240 457 275 0(31135.00, 31135.00)
route 129, node_num 7, cost 1076.656000, nodes: 0(120000.00, 120000.00) 713(106152.00, 120000.00) 213 581 35 596 0(56944.00, 56944.00)
route 130, node_num 7, cost 1739.080000, nodes: 0(120000.00, 120000.00) 729(89163.00, 101163.00) 185 125 291 670(62970.00, 62970.00) 0(7780.00, 7780.00)
route 131, node_num 6, cost 1364.594000, nodes: 0(120000.00, 120000.00) 730(107271.00, 120000.00) 560 386 274 0(35258.00, 35258.00)
route 132, node_num 5, cost 1092.210000, nodes: 0(120000.00, 120000.00) 578 4 299 0(41985.00, 41985.00)
route 133, node_num 8, cost 1639.610000, nodes: 0(120000.00, 120000.00) 735(84119.00, 84119.00) 180 334 66 412 523 0(2885.00, 2885.00)
route 134, node_num 6, cost 1335.110000, nodes: 0(120000.00, 120000.00) 211 169 575 391 0(24635.00, 24635.00)
route 135, node_num 8, cost 1784.636000, nodes: 0(120000.00, 120000.00) 774(83303.00, 90777.00) 368 429 223 215 45 0(0.00, 0.00)
route 136, node_num 6, cost 797.664000, nodes: 0(120000.00, 120000.00) 475 266 65 387 0(63024.00, 63024.00)
route 137, node_num 7, cost 1719.438000, nodes: 0(120000.00, 120000.00) 786(112711.00, 120000.00) 559 497 546 466 0(4472.00, 4472.00)
route 138, node_num 8, cost 1533.182000, nodes: 0(120000.00, 120000.00) 804(114583.00, 120000.00) 415 371 150 524 200 0(15904.00, 15904.00)
route 139, node_num 6, cost 945.434000, nodes: 0(120000.00, 120000.00) 825(97482.00, 120000.00) 404 234 3 0(74987.00, 74987.00)
route 140, node_num 7, cost 1974.364000, nodes: 0(120000.00, 120000.00) 829(89163.00, 110189.00) 550 128 32 248 0(0.00, 0.00)
route 141, node_num 7, cost 1585.290000, nodes: 0(120000.00, 120000.00) 830(107271.00, 120000.00) 516 494 325 182 0(19494.00, 19494.00)
route 142, node_num 7, cost 1491.420000, nodes: 0(120000.00, 120000.00) 873(97835.00, 120000.00) 485 54 15 214 0(35635.00, 35635.00)
route 143, node_num 6, cost 1617.476000, nodes: 0(120000.00, 120000.00) 904(114583.00, 114583.00) 437 367 68 0(4466.00, 4466.00)
route 144, node_num 6, cost 1402.926000, nodes: 0(120000.00, 120000.00) 912(114641.00, 120000.00) 199 34 165 0(25150.00, 25150.00)
route 145, node_num 7, cost 1573.950000, nodes: 0(120000.00, 120000.00) 773(97835.00, 113835.00) 433 24 172 52 0(23575.00, 23575.00)
route 146, node_num 5, cost 1165.724000, nodes: 0(120000.00, 120000.00) 105 399 320 0(36734.00, 36734.00)
route 147, node_num 7, cost 1117.704000, nodes: 0(120000.00, 120000.00) 518 95 20 529 510 0(40164.00, 40164.00)
route 148, node_num 9, cost 1917.216000, nodes: 0(120000.00, 120000.00) 930(107271.00, 107698.00) 556 514 460 543 33 843(0.00, 16517.00) 0(0.00, 0.00)
route 149, node_num 8, cost 1939.728000, nodes: 0(120000.00, 120000.00) 933(110242.00, 110242.00) 595 99 355 349 919(6198.00, 24750.00) 0(0.00, 0.00)
vehicle (route) number: 150
Total cost: 247937.98
247937.98, 9047.18
