Details of the solution:
route 0, node_num 7, cost 1495.466000, nodes: 0(120000.00, 120000.00) 152 537 402 318 369 0(13181.00, 13181.00)
route 1, node_num 8, cost 1733.662000, nodes: 0(120000.00, 120000.00) 257 3 385 269 457 819(19881.00, 23714.00) 0(0.00, 0.00)
route 2, node_num 7, cost 1744.624000, nodes: 0(120000.00, 120000.00) 9 245 128 177 668(24621.00, 29237.00) 0(0.00, 0.00)
route 3, node_num 6, cost 1447.418000, nodes: 0(120000.00, 120000.00) 10 127 227 171 0(16613.00, 16613.00)
route 4, node_num 9, cost 1708.420000, nodes: 0(120000.00, 120000.00) 14 159 23 49 384 143 707(27400.00, 29430.00) 0(0.00, 0.00)
route 5, node_num 8, cost 1790.152000, nodes: 0(120000.00, 120000.00) 912(72845.00, 84845.00) 88 18 112 264 252 0(4132.00, 4132.00)
route 6, node_num 8, cost 1512.322000, nodes: 0(120000.00, 120000.00) 31 596 548 439 237 294 0(11977.00, 11977.00)
route 7, node_num 4, cost 756.196000, nodes: 0(120000.00, 120000.00) 89 34 0(65986.00, 65986.00)
route 8, node_num 4, cost 771.022000, nodes: 0(120000.00, 120000.00) 57 551 0(64927.00, 64927.00)
route 9, node_num 5, cost 804.622000, nodes: 0(120000.00, 120000.00) 90 447 195 0(62527.00, 62527.00)
route 10, node_num 6, cost 844.914000, nodes: 0(120000.00, 120000.00) 563 71 491 80 0(59649.00, 59649.00)
route 11, node_num 5, cost 951.524000, nodes: 0(120000.00, 120000.00) 75 330 130 0(52034.00, 52034.00)
route 12, node_num 8, cost 1509.438000, nodes: 0(120000.00, 120000.00) 76 52 292 73 281 452 0(12183.00, 12183.00)
route 13, node_num 7, cost 1399.314000, nodes: 0(120000.00, 120000.00) 77 163 221 295 576 0(20049.00, 20049.00)
route 14, node_num 7, cost 1651.650000, nodes: 0(120000.00, 120000.00) 79 200 113 274 288 0(2025.00, 2025.00)
route 15, node_num 8, cost 964.152000, nodes: 0(120000.00, 120000.00) 83 486 532 11 276 118 0(51132.00, 51132.00)
route 16, node_num 6, cost 969.696000, nodes: 0(120000.00, 120000.00) 556 268 93 511 0(50736.00, 50736.00)
route 17, node_num 7, cost 1437.436000, nodes: 0(120000.00, 120000.00) 51 92 63 334 145 0(17326.00, 17326.00)
route 18, node_num 7, cost 1209.306000, nodes: 0(120000.00, 120000.00) 70 591 148 600 181 0(33621.00, 33621.00)
route 19, node_num 6, cost 684.712000, nodes: 0(120000.00, 120000.00) 190 270 258 2 0(71092.00, 71092.00)
route 20, node_num 4, cost 456.078000, nodes: 0(120000.00, 120000.00) 132 94 0(87423.00, 87423.00)
route 21, node_num 7, cost 1471.344000, nodes: 0(120000.00, 120000.00) 135 588 538 371 109 0(14904.00, 14904.00)
route 22, node_num 6, cost 1503.082000, nodes: 0(120000.00, 120000.00) 146 8 99 116 0(12637.00, 12637.00)
route 23, node_num 8, cost 1058.288000, nodes: 0(120000.00, 120000.00) 150 388 568 426 293 336 0(44408.00, 44408.00)
route 24, node_num 6, cost 1443.330000, nodes: 0(120000.00, 120000.00) 153 224 13 188 0(16905.00, 16905.00)
route 25, node_num 5, cost 1192.422000, nodes: 0(120000.00, 120000.00) 192 408 54 0(34827.00, 34827.00)
route 26, node_num 7, cost 1246.518000, nodes: 0(120000.00, 120000.00) 158 314 559 572 340 0(30963.00, 30963.00)
route 27, node_num 7, cost 1319.094000, nodes: 0(120000.00, 120000.00) 166 27 218 444 219 0(25779.00, 25779.00)
route 28, node_num 7, cost 910.518000, nodes: 0(120000.00, 120000.00) 167 427 350 74 106 0(54963.00, 54963.00)
route 29, node_num 7, cost 1378.454000, nodes: 0(120000.00, 120000.00) 170 593 364 66 290 0(21539.00, 21539.00)
route 30, node_num 7, cost 898.534000, nodes: 0(120000.00, 120000.00) 173 184 211 349 539 0(55819.00, 55819.00)
route 31, node_num 8, cost 2042.950000, nodes: 0(120000.00, 120000.00) 175 110 6 107 595 871(10624.00, 36549.00) 0(0.00, 0.00)
route 32, node_num 5, cost 1422.162000, nodes: 0(120000.00, 120000.00) 176 102 97 0(18417.00, 18417.00)
route 33, node_num 5, cost 1364.692000, nodes: 0(120000.00, 120000.00) 185 581 40 0(22522.00, 22522.00)
route 34, node_num 6, cost 1581.370000, nodes: 0(120000.00, 120000.00) 187 483 194 28 0(7045.00, 7045.00)
route 35, node_num 7, cost 1142.176000, nodes: 0(120000.00, 120000.00) 189 360 347 275 20 0(38416.00, 38416.00)
route 36, node_num 5, cost 1140.860000, nodes: 0(120000.00, 120000.00) 157 522 38 0(38510.00, 38510.00)
route 37, node_num 6, cost 1120.364000, nodes: 0(120000.00, 120000.00) 199 513 353 155 0(39974.00, 39974.00)
route 38, node_num 6, cost 1428.546000, nodes: 0(120000.00, 120000.00) 117 567 162 494 0(17961.00, 17961.00)
route 39, node_num 6, cost 1026.032000, nodes: 0(120000.00, 120000.00) 201 365 547 122 0(46712.00, 46712.00)
route 40, node_num 8, cost 1833.524000, nodes: 0(120000.00, 120000.00) 231 1 141 495 48 768(18271.00, 29237.00) 0(0.00, 0.00)
route 41, node_num 7, cost 897.932000, nodes: 0(120000.00, 120000.00) 212 465 337 578 510 0(55862.00, 55862.00)
route 42, node_num 6, cost 925.442000, nodes: 0(120000.00, 120000.00) 214 283 335 395 0(53897.00, 53897.00)
route 43, node_num 8, cost 935.340000, nodes: 0(120000.00, 120000.00) 222 265 525 239 422 91 0(53190.00, 53190.00)
route 44, node_num 6, cost 1286.306000, nodes: 0(120000.00, 120000.00) 225 98 476 338 0(28121.00, 28121.00)
route 45, node_num 4, cost 245.084000, nodes: 0(120000.00, 120000.00) 229 46 0(102494.00, 102494.00)
route 46, node_num 6, cost 1036.742000, nodes: 0(120000.00, 120000.00) 230 26 96 331 0(45947.00, 45947.00)
route 47, node_num 5, cost 801.332000, nodes: 0(120000.00, 120000.00) 204 131 503 0(62762.00, 62762.00)
route 48, node_num 6, cost 920.332000, nodes: 0(120000.00, 120000.00) 233 262 17 454 0(54262.00, 54262.00)
route 49, node_num 6, cost 1588.790000, nodes: 0(120000.00, 120000.00) 236 307 64 100 0(6515.00, 6515.00)
route 50, node_num 7, cost 1651.440000, nodes: 0(120000.00, 120000.00) 968(95394.00, 95394.00) 240 302 367 60 0(2040.00, 2040.00)
route 51, node_num 7, cost 1542.814000, nodes: 0(120000.00, 120000.00) 244 45 174 348 241 0(9799.00, 9799.00)
route 52, node_num 6, cost 1529.808000, nodes: 0(120000.00, 120000.00) 304 138 580 560 0(10728.00, 10728.00)
route 53, node_num 7, cost 1604.316000, nodes: 0(120000.00, 120000.00) 255 303 370 43 253 0(5406.00, 5406.00)
route 54, node_num 5, cost 1010.366000, nodes: 0(120000.00, 120000.00) 259 248 282 0(47831.00, 47831.00)
route 55, node_num 5, cost 1599.724000, nodes: 0(120000.00, 120000.00) 142 564 119 0(5734.00, 5734.00)
route 56, node_num 8, cost 1766.702000, nodes: 0(120000.00, 120000.00) 260 562 103 423 161 961(25800.00, 31993.00) 0(0.00, 0.00)
route 57, node_num 5, cost 1362.256000, nodes: 0(120000.00, 120000.00) 261 19 115 0(22696.00, 22696.00)
route 58, node_num 7, cost 1011.304000, nodes: 0(120000.00, 120000.00) 326 298 299 68 7 0(47764.00, 47764.00)
route 59, node_num 7, cost 749.644000, nodes: 0(120000.00, 120000.00) 315 272 482 47 550 0(66454.00, 66454.00)
route 60, node_num 7, cost 1616.146000, nodes: 0(120000.00, 120000.00) 273 478 319 387 527 0(4561.00, 4561.00)
route 61, node_num 6, cost 395.570000, nodes: 0(120000.00, 120000.00) 279 558 485 226 0(91745.00, 91745.00)
route 62, node_num 7, cost 1215.242000, nodes: 0(120000.00, 120000.00) 285 437 313 16 553 0(33197.00, 33197.00)
route 63, node_num 8, cost 1186.192000, nodes: 0(120000.00, 120000.00) 528 286 284 587 410 154 0(35272.00, 35272.00)
route 64, node_num 7, cost 965.034000, nodes: 0(120000.00, 120000.00) 289 449 101 561 50 0(51069.00, 51069.00)
route 65, node_num 8, cost 1739.612000, nodes: 0(120000.00, 120000.00) 104 463 583 186 505 875(13267.00, 17525.00) 0(0.00, 0.00)
route 66, node_num 8, cost 1729.574000, nodes: 0(120000.00, 120000.00) 300 140 436 598 509 640(19074.00, 22615.00) 0(0.00, 0.00)
route 67, node_num 6, cost 998.788000, nodes: 0(120000.00, 120000.00) 250 416 574 39 0(48658.00, 48658.00)
route 68, node_num 7, cost 1646.442000, nodes: 0(120000.00, 120000.00) 516 441 85 151 398 0(2397.00, 2397.00)
route 69, node_num 5, cost 1130.920000, nodes: 0(120000.00, 120000.00) 306 278 197 0(39220.00, 39220.00)
route 70, node_num 8, cost 1075.914000, nodes: 0(120000.00, 120000.00) 310 433 451 169 382 168 0(43149.00, 43149.00)
route 71, node_num 5, cost 920.038000, nodes: 0(120000.00, 120000.00) 311 206 577 0(54283.00, 54283.00)
route 72, node_num 5, cost 158.396000, nodes: 0(120000.00, 120000.00) 376 242 333 0(108686.00, 108686.00)
route 73, node_num 7, cost 853.384000, nodes: 0(120000.00, 120000.00) 555 484 178 341 474 0(59044.00, 59044.00)
route 74, node_num 7, cost 1235.458000, nodes: 0(120000.00, 120000.00) 322 375 342 324 4 0(31753.00, 31753.00)
route 75, node_num 6, cost 514.584000, nodes: 0(120000.00, 120000.00) 263 514 317 417 0(83244.00, 83244.00)
route 76, node_num 8, cost 1884.106000, nodes: 0(120000.00, 120000.00) 327 191 379 53 125 625(9548.00, 24127.00) 0(0.00, 0.00)
route 77, node_num 5, cost 1342.474000, nodes: 0(120000.00, 120000.00) 468 251 180 0(24109.00, 24109.00)
route 78, node_num 6, cost 1075.004000, nodes: 0(120000.00, 120000.00) 397 312 407 301 0(43214.00, 43214.00)
route 79, node_num 4, cost 514.094000, nodes: 0(120000.00, 120000.00) 86 37 0(83279.00, 83279.00)
route 80, node_num 6, cost 1598.072000, nodes: 0(120000.00, 120000.00) 351 499 332 30 0(5852.00, 5852.00)
route 81, node_num 4, cost 570.416000, nodes: 0(120000.00, 120000.00) 355 44 0(79256.00, 79256.00)
route 82, node_num 6, cost 612.822000, nodes: 0(120000.00, 120000.00) 357 570 418 464 0(76227.00, 76227.00)
route 83, node_num 5, cost 1282.974000, nodes: 0(120000.00, 120000.00) 361 530 585 0(28359.00, 28359.00)
route 84, node_num 8, cost 814.618000, nodes: 0(120000.00, 120000.00) 362 512 557 220 458 544 0(61813.00, 61813.00)
route 85, node_num 5, cost 1545.110000, nodes: 0(120000.00, 120000.00) 363 518 156 0(9635.00, 9635.00)
route 86, node_num 5, cost 1365.966000, nodes: 0(120000.00, 120000.00) 368 266 223 0(22431.00, 22431.00)
route 87, node_num 6, cost 214.914000, nodes: 0(120000.00, 120000.00) 372 500 124 111 0(104649.00, 104649.00)
route 88, node_num 5, cost 581.630000, nodes: 0(120000.00, 120000.00) 373 566 134 0(78455.00, 78455.00)
route 89, node_num 7, cost 1922.998000, nodes: 0(120000.00, 120000.00) 378 29 455 467 947(23380.00, 40737.00) 0(0.00, 0.00)
route 90, node_num 8, cost 1778.070000, nodes: 0(120000.00, 120000.00) 346 477 126 144 979(52972.00, 59977.00) 72 0(0.00, 0.00)
route 91, node_num 7, cost 897.848000, nodes: 0(120000.00, 120000.00) 389 120 87 435 519 0(55868.00, 55868.00)
route 92, node_num 6, cost 1510.796000, nodes: 0(120000.00, 120000.00) 390 149 461 205 0(12086.00, 12086.00)
route 93, node_num 5, cost 375.746000, nodes: 0(120000.00, 120000.00) 391 344 235 0(93161.00, 93161.00)
route 94, node_num 8, cost 1632.330000, nodes: 0(120000.00, 120000.00) 989(78600.00, 78600.00) 392 339 202 67 203 0(3405.00, 3405.00)
route 95, node_num 5, cost 802.676000, nodes: 0(120000.00, 120000.00) 400 438 448 0(62666.00, 62666.00)
route 96, node_num 6, cost 1383.032000, nodes: 0(120000.00, 120000.00) 401 429 165 24 0(21212.00, 21212.00)
route 97, node_num 4, cost 873.446000, nodes: 0(120000.00, 120000.00) 409 234 0(57611.00, 57611.00)
route 98, node_num 7, cost 712.782000, nodes: 0(120000.00, 120000.00) 411 280 21 256 238 0(69087.00, 69087.00)
route 99, node_num 7, cost 694.960000, nodes: 0(120000.00, 120000.00) 412 366 546 254 403 0(70360.00, 70360.00)
route 100, node_num 8, cost 1163.806000, nodes: 0(120000.00, 120000.00) 430 59 15 354 569 428 0(36871.00, 36871.00)
route 101, node_num 6, cost 630.882000, nodes: 0(120000.00, 120000.00) 431 209 136 584 0(74937.00, 74937.00)
route 102, node_num 7, cost 1573.054000, nodes: 0(120000.00, 120000.00) 432 413 523 393 267 0(7639.00, 7639.00)
route 103, node_num 5, cost 1082.004000, nodes: 0(120000.00, 120000.00) 434 565 515 0(42714.00, 42714.00)
route 104, node_num 7, cost 710.010000, nodes: 0(120000.00, 120000.00) 320 291 121 470 589 0(69285.00, 69285.00)
route 105, node_num 7, cost 1558.998000, nodes: 0(120000.00, 120000.00) 446 377 440 534 420 0(8643.00, 8643.00)
route 106, node_num 7, cost 1077.566000, nodes: 0(120000.00, 120000.00) 460 41 196 216 232 0(43031.00, 43031.00)
route 107, node_num 5, cost 1013.838000, nodes: 0(120000.00, 120000.00) 328 35 415 0(47583.00, 47583.00)
route 108, node_num 6, cost 1597.554000, nodes: 0(120000.00, 120000.00) 472 414 277 137 0(5889.00, 5889.00)
route 109, node_num 6, cost 1083.334000, nodes: 0(120000.00, 120000.00) 475 56 42 297 0(42619.00, 42619.00)
route 110, node_num 6, cost 261.506000, nodes: 0(120000.00, 120000.00) 479 179 325 396 0(101321.00, 101321.00)
route 111, node_num 6, cost 806.386000, nodes: 0(120000.00, 120000.00) 480 69 217 147 0(62401.00, 62401.00)
route 112, node_num 7, cost 789.166000, nodes: 0(120000.00, 120000.00) 481 488 425 329 469 0(63631.00, 63631.00)
route 113, node_num 6, cost 1530.788000, nodes: 0(120000.00, 120000.00) 487 309 471 78 0(10658.00, 10658.00)
route 114, node_num 7, cost 946.666000, nodes: 0(120000.00, 120000.00) 489 399 208 459 575 0(52381.00, 52381.00)
route 115, node_num 7, cost 1554.686000, nodes: 0(120000.00, 120000.00) 490 501 450 543 308 0(8951.00, 8951.00)
route 116, node_num 5, cost 959.798000, nodes: 0(120000.00, 120000.00) 492 12 345 0(51443.00, 51443.00)
route 117, node_num 5, cost 1051.078000, nodes: 0(120000.00, 120000.00) 496 210 25 0(44923.00, 44923.00)
route 118, node_num 6, cost 1136.548000, nodes: 0(120000.00, 120000.00) 497 296 545 228 0(38818.00, 38818.00)
route 119, node_num 8, cost 1109.416000, nodes: 0(120000.00, 120000.00) 502 160 386 95 552 374 0(40756.00, 40756.00)
route 120, node_num 7, cost 1588.104000, nodes: 0(120000.00, 120000.00) 504 493 498 506 323 0(6564.00, 6564.00)
route 121, node_num 7, cost 1093.890000, nodes: 0(120000.00, 120000.00) 305 81 139 62 520 0(41865.00, 41865.00)
route 122, node_num 6, cost 1154.412000, nodes: 0(120000.00, 120000.00) 526 380 507 343 0(37542.00, 37542.00)
route 123, node_num 6, cost 1421.252000, nodes: 0(120000.00, 120000.00) 442 108 456 114 0(18482.00, 18482.00)
route 124, node_num 6, cost 925.680000, nodes: 0(120000.00, 120000.00) 529 531 33 133 0(53880.00, 53880.00)
route 125, node_num 6, cost 1606.948000, nodes: 0(120000.00, 120000.00) 533 129 405 404 0(5218.00, 5218.00)
route 126, node_num 6, cost 1370.964000, nodes: 0(120000.00, 120000.00) 535 271 82 193 0(22074.00, 22074.00)
route 127, node_num 7, cost 1241.156000, nodes: 0(120000.00, 120000.00) 540 406 524 22 32 0(31346.00, 31346.00)
route 128, node_num 7, cost 1429.232000, nodes: 0(120000.00, 120000.00) 549 421 424 105 590 0(17912.00, 17912.00)
route 129, node_num 5, cost 634.452000, nodes: 0(120000.00, 120000.00) 542 249 321 0(74682.00, 74682.00)
route 130, node_num 6, cost 901.964000, nodes: 0(120000.00, 120000.00) 541 182 36 215 0(55574.00, 55574.00)
route 131, node_num 7, cost 751.730000, nodes: 0(120000.00, 120000.00) 554 394 352 198 246 0(66305.00, 66305.00)
route 132, node_num 8, cost 1889.832000, nodes: 0(120000.00, 120000.00) 953(82481.00, 97469.00) 247 243 123 172 517 0(0.00, 0.00)
route 133, node_num 6, cost 1543.220000, nodes: 0(120000.00, 120000.00) 592 58 5 536 0(9770.00, 9770.00)
route 134, node_num 6, cost 1079.932000, nodes: 0(120000.00, 120000.00) 356 453 579 419 0(42862.00, 42862.00)
route 135, node_num 7, cost 1516.592000, nodes: 0(120000.00, 120000.00) 383 582 521 573 381 0(11672.00, 11672.00)
route 136, node_num 5, cost 765.492000, nodes: 0(120000.00, 120000.00) 599 508 287 0(65322.00, 65322.00)
route 137, node_num 5, cost 1008.434000, nodes: 0(120000.00, 120000.00) 594 84 445 0(47969.00, 47969.00)
route 138, node_num 8, cost 1763.300000, nodes: 0(120000.00, 120000.00) 61 466 55 571 65 896(19535.00, 25485.00) 0(0.00, 0.00)
route 139, node_num 6, cost 1746.514000, nodes: 0(120000.00, 120000.00) 712(72845.00, 77596.00) 586 183 358 0(0.00, 0.00)
route 140, node_num 7, cost 1737.736000, nodes: 0(120000.00, 120000.00) 760(66386.00, 98386.00) 597 213 207 164 0(27876.00, 27876.00)
route 141, node_num 8, cost 1663.060000, nodes: 0(120000.00, 120000.00) 812(72845.00, 72845.00) 473 316 359 443 462 0(1210.00, 1210.00)
vehicle (route) number: 142
Total cost: 211271.22
211271.22, 9034.22
