Details of the solution:
route 0, node_num 6, cost 910.658000, nodes: 0(120000.00, 120000.00) 4 536 310 91 0(54953.00, 54953.00)
route 1, node_num 5, cost 814.884000, nodes: 0(120000.00, 120000.00) 8 79 126 0(61794.00, 61794.00)
route 2, node_num 7, cost 1777.384000, nodes: 0(120000.00, 120000.00) 14 530 462 316 833(5982.00, 12938.00) 0(0.00, 0.00)
route 3, node_num 5, cost 928.228000, nodes: 0(120000.00, 120000.00) 17 424 72 0(53698.00, 53698.00)
route 4, node_num 4, cost 186.242000, nodes: 0(120000.00, 120000.00) 18 507 0(106697.00, 106697.00)
route 5, node_num 8, cost 1650.446000, nodes: 0(120000.00, 120000.00) 20 452 549 810(49608.00, 49608.00) 167 632(36078.00, 36078.00) 0(2111.00, 2111.00)
route 6, node_num 5, cost 416.920000, nodes: 0(120000.00, 120000.00) 23 96 522 0(90220.00, 90220.00)
route 7, node_num 7, cost 1629.446000, nodes: 0(120000.00, 120000.00) 373 16 201 500 688(39842.00, 39842.00) 0(3611.00, 3611.00)
route 8, node_num 7, cost 728.784000, nodes: 0(120000.00, 120000.00) 31 585 164 515 191 0(67944.00, 67944.00)
route 9, node_num 7, cost 1607.830000, nodes: 0(120000.00, 120000.00) 35 341 94 292 954(48113.00, 48113.00) 0(5155.00, 5155.00)
route 10, node_num 7, cost 1838.760000, nodes: 0(120000.00, 120000.00) 36 280 307 128 672(31577.00, 42917.00) 0(0.00, 0.00)
route 11, node_num 7, cost 762.608000, nodes: 0(120000.00, 120000.00) 38 140 562 450 200 0(65528.00, 65528.00)
route 12, node_num 5, cost 1326.304000, nodes: 0(120000.00, 120000.00) 42 40 145 0(25264.00, 25264.00)
route 13, node_num 7, cost 1654.730000, nodes: 0(120000.00, 120000.00) 916(95738.00, 95738.00) 43 494 99 470 0(1805.00, 1805.00)
route 14, node_num 7, cost 1577.324000, nodes: 0(120000.00, 120000.00) 52 314 155 476 925(49424.00, 49424.00) 0(7334.00, 7334.00)
route 15, node_num 6, cost 1033.032000, nodes: 0(120000.00, 120000.00) 58 576 273 121 0(46212.00, 46212.00)
route 16, node_num 6, cost 1549.282000, nodes: 0(120000.00, 120000.00) 62 339 61 179 0(9337.00, 9337.00)
route 17, node_num 5, cost 1279.026000, nodes: 0(120000.00, 120000.00) 64 1 513 0(28641.00, 28641.00)
route 18, node_num 8, cost 591.514000, nodes: 0(120000.00, 120000.00) 65 220 81 361 311 425 0(77749.00, 77749.00)
route 19, node_num 5, cost 1465.800000, nodes: 0(120000.00, 120000.00) 70 497 670(52569.00, 52569.00) 0(15300.00, 15300.00)
route 20, node_num 5, cost 1387.022000, nodes: 0(120000.00, 120000.00) 77 354 136 0(20927.00, 20927.00)
route 21, node_num 6, cost 1671.558000, nodes: 0(120000.00, 120000.00) 78 66 73 57 0(603.00, 603.00)
route 22, node_num 6, cost 1658.370000, nodes: 0(120000.00, 120000.00) 83 577 369 431 0(1545.00, 1545.00)
route 23, node_num 6, cost 1569.232000, nodes: 0(120000.00, 120000.00) 86 80 318 725(50002.00, 50002.00) 0(7912.00, 7912.00)
route 24, node_num 5, cost 603.792000, nodes: 0(120000.00, 120000.00) 89 144 215 0(76872.00, 76872.00)
route 25, node_num 5, cost 456.554000, nodes: 0(120000.00, 120000.00) 92 165 183 0(87389.00, 87389.00)
route 26, node_num 7, cost 868.476000, nodes: 0(120000.00, 120000.00) 95 558 26 106 119 0(57966.00, 57966.00)
route 27, node_num 6, cost 789.586000, nodes: 0(120000.00, 120000.00) 97 556 491 161 0(63601.00, 63601.00)
route 28, node_num 7, cost 1661.912000, nodes: 0(120000.00, 120000.00) 102 234 45 581 877(43768.00, 43768.00) 0(1292.00, 1292.00)
route 29, node_num 6, cost 1717.156000, nodes: 0(120000.00, 120000.00) 103 907(67719.00, 70373.00) 261 296 0(0.00, 0.00)
route 30, node_num 6, cost 1150.156000, nodes: 0(120000.00, 120000.00) 104 397 208 254 0(37846.00, 37846.00)
route 31, node_num 6, cost 1540.560000, nodes: 0(120000.00, 120000.00) 105 526 438 961(52978.00, 52978.00) 0(9960.00, 9960.00)
route 32, node_num 5, cost 1053.248000, nodes: 0(120000.00, 120000.00) 114 454 564 0(44768.00, 44768.00)
route 33, node_num 6, cost 1498.462000, nodes: 0(120000.00, 120000.00) 122 19 351 543 0(12967.00, 12967.00)
route 34, node_num 6, cost 613.732000, nodes: 0(120000.00, 120000.00) 124 309 74 334 0(76162.00, 76162.00)
route 35, node_num 6, cost 788.424000, nodes: 0(120000.00, 120000.00) 129 283 203 396 0(63684.00, 63684.00)
route 36, node_num 6, cost 1553.650000, nodes: 0(120000.00, 120000.00) 653(84325.00, 84325.00) 582 287 276 0(9025.00, 9025.00)
route 37, node_num 4, cost 1318.240000, nodes: 0(120000.00, 120000.00) 137 87 0(25840.00, 25840.00)
route 38, node_num 7, cost 2028.404000, nodes: 0(120000.00, 120000.00) 138 160 432 496 976(1565.00, 26451.00) 0(0.00, 0.00)
route 39, node_num 5, cost 1388.310000, nodes: 0(120000.00, 120000.00) 143 502 9 0(20835.00, 20835.00)
route 40, node_num 4, cost 1166.130000, nodes: 0(120000.00, 120000.00) 149 139 0(36705.00, 36705.00)
route 41, node_num 6, cost 998.074000, nodes: 0(120000.00, 120000.00) 158 108 30 403 0(48709.00, 48709.00)
route 42, node_num 5, cost 1622.110000, nodes: 0(120000.00, 120000.00) 168 286 524 0(4135.00, 4135.00)
route 43, node_num 4, cost 1048.838000, nodes: 0(120000.00, 120000.00) 174 210 0(45083.00, 45083.00)
route 44, node_num 7, cost 1121.666000, nodes: 0(120000.00, 120000.00) 181 29 297 13 171 0(39881.00, 39881.00)
route 45, node_num 6, cost 535.388000, nodes: 0(120000.00, 120000.00) 185 364 472 293 0(81758.00, 81758.00)
route 46, node_num 6, cost 1062.180000, nodes: 0(120000.00, 120000.00) 199 360 417 299 0(44130.00, 44130.00)
route 47, node_num 4, cost 1140.202000, nodes: 0(120000.00, 120000.00) 190 127 0(38557.00, 38557.00)
route 48, node_num 6, cost 1653.442000, nodes: 0(120000.00, 120000.00) 259 116 343 688(38128.00, 38128.00) 0(1897.00, 1897.00)
route 49, node_num 7, cost 1307.236000, nodes: 0(120000.00, 120000.00) 193 162 541 170 266 0(26626.00, 26626.00)
route 50, node_num 7, cost 1131.732000, nodes: 0(120000.00, 120000.00) 197 306 328 235 384 0(39162.00, 39162.00)
route 51, node_num 7, cost 2079.700000, nodes: 0(120000.00, 120000.00) 413 481 519 49 836(4701.00, 33251.00) 0(0.00, 0.00)
route 52, node_num 8, cost 2126.936000, nodes: 0(120000.00, 120000.00) 205 268 908(55841.00, 61863.00) 504 308 945(0.00, 25902.00) 0(0.00, 0.00)
route 53, node_num 7, cost 1758.750000, nodes: 0(120000.00, 120000.00) 206 569 264 111 676(20826.00, 26451.00) 0(0.00, 0.00)
route 54, node_num 8, cost 1864.926000, nodes: 0(120000.00, 120000.00) 445 326 304 90 275 736(20042.00, 33251.00) 0(0.00, 0.00)
route 55, node_num 4, cost 921.564000, nodes: 0(120000.00, 120000.00) 216 490 0(54174.00, 54174.00)
route 56, node_num 6, cost 524.888000, nodes: 0(120000.00, 120000.00) 219 468 55 442 0(82508.00, 82508.00)
route 57, node_num 7, cost 1729.364000, nodes: 0(120000.00, 120000.00) 223 588 69 245 924(41057.00, 44583.00) 0(0.00, 0.00)
route 58, node_num 3, cost 104.692000, nodes: 0(120000.00, 120000.00) 359 0(112522.00, 112522.00)
route 59, node_num 4, cost 201.418000, nodes: 0(120000.00, 120000.00) 226 240 0(105613.00, 105613.00)
route 60, node_num 6, cost 1804.838000, nodes: 0(120000.00, 120000.00) 227 426 538 636(24334.00, 33251.00) 0(0.00, 0.00)
route 61, node_num 8, cost 1058.568000, nodes: 0(120000.00, 120000.00) 228 68 298 546 182 323 0(44388.00, 44388.00)
route 62, node_num 6, cost 1798.370000, nodes: 0(120000.00, 120000.00) 230 250 539 684(30910.00, 39365.00) 0(0.00, 0.00)
route 63, node_num 6, cost 1932.546000, nodes: 0(120000.00, 120000.00) 238 187 453 688(18192.00, 36231.00) 0(0.00, 0.00)
route 64, node_num 6, cost 1541.876000, nodes: 0(120000.00, 120000.00) 246 157 331 508 0(9866.00, 9866.00)
route 65, node_num 5, cost 1087.828000, nodes: 0(120000.00, 120000.00) 247 21 229 0(42298.00, 42298.00)
route 66, node_num 6, cost 1783.782000, nodes: 0(120000.00, 120000.00) 255 330 141 835(38359.00, 45772.00) 0(0.00, 0.00)
route 67, node_num 5, cost 529.298000, nodes: 0(120000.00, 120000.00) 256 100 32 0(82193.00, 82193.00)
route 68, node_num 4, cost 1124.690000, nodes: 0(120000.00, 120000.00) 192 594 0(39665.00, 39665.00)
route 69, node_num 9, cost 610.386000, nodes: 0(120000.00, 120000.00) 260 451 573 570 495 487 566 0(76401.00, 76401.00)
route 70, node_num 7, cost 1135.722000, nodes: 0(120000.00, 120000.00) 262 394 385 15 347 0(38877.00, 38877.00)
route 71, node_num 5, cost 1266.076000, nodes: 0(120000.00, 120000.00) 312 263 295 0(29566.00, 29566.00)
route 72, node_num 6, cost 1783.656000, nodes: 0(120000.00, 120000.00) 781(92118.00, 120000.00) 455 596 441 0(20478.00, 20478.00)
route 73, node_num 7, cost 1523.438000, nodes: 0(120000.00, 120000.00) 518 327 56 112 932(45150.00, 45150.00) 0(11183.00, 11183.00)
route 74, node_num 5, cost 1234.394000, nodes: 0(120000.00, 120000.00) 253 345 434 0(31829.00, 31829.00)
route 75, node_num 5, cost 1390.508000, nodes: 0(120000.00, 120000.00) 274 76 466 0(20678.00, 20678.00)
route 76, node_num 6, cost 1583.568000, nodes: 0(120000.00, 120000.00) 464 75 832(54415.00, 54415.00) 572 0(6888.00, 6888.00)
route 77, node_num 7, cost 1629.278000, nodes: 0(120000.00, 120000.00) 429 411 467 278 678(31884.00, 31884.00) 0(3623.00, 3623.00)
route 78, node_num 8, cost 1614.508000, nodes: 0(120000.00, 120000.00) 600 402 71 63 212 864(11039.00, 11039.00) 0(4678.00, 4678.00)
route 79, node_num 8, cost 836.892000, nodes: 0(120000.00, 120000.00) 294 88 367 398 289 243 0(60222.00, 60222.00)
route 80, node_num 5, cost 1114.036000, nodes: 0(120000.00, 120000.00) 300 387 271 0(40426.00, 40426.00)
route 81, node_num 6, cost 1580.334000, nodes: 0(120000.00, 120000.00) 305 523 211 217 0(7119.00, 7119.00)
route 82, node_num 5, cost 1122.814000, nodes: 0(120000.00, 120000.00) 236 329 301 0(39799.00, 39799.00)
route 83, node_num 4, cost 1082.648000, nodes: 0(120000.00, 120000.00) 355 528 0(42668.00, 42668.00)
route 84, node_num 7, cost 1857.758000, nodes: 0(120000.00, 120000.00) 27 272 207 233 635(33075.00, 45772.00) 0(0.00, 0.00)
route 85, node_num 6, cost 1691.382000, nodes: 0(120000.00, 120000.00) 332 277 382 735(44959.00, 45772.00) 0(0.00, 0.00)
route 86, node_num 4, cost 366.604000, nodes: 0(120000.00, 120000.00) 333 477 0(93814.00, 93814.00)
route 87, node_num 4, cost 1039.444000, nodes: 0(120000.00, 120000.00) 335 146 0(45754.00, 45754.00)
route 88, node_num 6, cost 1730.400000, nodes: 0(120000.00, 120000.00) 336 54 788(41047.00, 44647.00) 184 0(0.00, 0.00)
route 89, node_num 7, cost 1227.198000, nodes: 0(120000.00, 120000.00) 338 237 152 553 517 0(32343.00, 32343.00)
route 90, node_num 7, cost 1790.782000, nodes: 0(120000.00, 120000.00) 218 486 358 346 972(35004.00, 42917.00) 0(0.00, 0.00)
route 91, node_num 6, cost 1693.678000, nodes: 0(120000.00, 120000.00) 350 202 503 935(44795.00, 45772.00) 0(0.00, 0.00)
route 92, node_num 7, cost 1831.452000, nodes: 0(120000.00, 120000.00) 315 50 534 416 993(3272.00, 14090.00) 0(0.00, 0.00)
route 93, node_num 7, cost 1792.392000, nodes: 0(120000.00, 120000.00) 356 415 870(72749.00, 80777.00) 222 391 0(0.00, 0.00)
route 94, node_num 6, cost 2044.700000, nodes: 0(120000.00, 120000.00) 592 456 563 936(7201.00, 33251.00) 0(0.00, 0.00)
route 95, node_num 6, cost 906.388000, nodes: 0(120000.00, 120000.00) 322 59 544 10 0(55258.00, 55258.00)
route 96, node_num 6, cost 739.592000, nodes: 0(120000.00, 120000.00) 363 586 348 593 0(67172.00, 67172.00)
route 97, node_num 5, cost 1023.372000, nodes: 0(120000.00, 120000.00) 365 159 545 0(46902.00, 46902.00)
route 98, node_num 5, cost 1651.958000, nodes: 0(120000.00, 120000.00) 371 521 624(46586.00, 46586.00) 0(2003.00, 2003.00)
route 99, node_num 6, cost 1086.862000, nodes: 0(120000.00, 120000.00) 372 412 512 474 0(42367.00, 42367.00)
route 100, node_num 6, cost 1463.014000, nodes: 0(120000.00, 120000.00) 374 557 5 598 0(15499.00, 15499.00)
route 101, node_num 4, cost 1468.390000, nodes: 0(120000.00, 120000.00) 376 113 0(15115.00, 15115.00)
route 102, node_num 5, cost 779.450000, nodes: 0(120000.00, 120000.00) 377 349 375 0(64325.00, 64325.00)
route 103, node_num 5, cost 1206.380000, nodes: 0(120000.00, 120000.00) 386 151 25 0(33830.00, 33830.00)
route 104, node_num 7, cost 1607.928000, nodes: 0(120000.00, 120000.00) 653(84325.00, 84325.00) 392 188 313 84 0(5148.00, 5148.00)
route 105, node_num 4, cost 1153.208000, nodes: 0(120000.00, 120000.00) 123 571 0(37628.00, 37628.00)
route 106, node_num 7, cost 1631.532000, nodes: 0(120000.00, 120000.00) 399 352 505 482 875(41279.00, 41279.00) 0(3462.00, 3462.00)
route 107, node_num 5, cost 1593.130000, nodes: 0(120000.00, 120000.00) 405 446 754(49163.00, 49163.00) 0(6205.00, 6205.00)
route 108, node_num 5, cost 1762.642000, nodes: 0(120000.00, 120000.00) 407 125 806(30335.00, 36238.00) 0(0.00, 0.00)
route 109, node_num 3, cost 320.152000, nodes: 0(120000.00, 120000.00) 7 0(97132.00, 97132.00)
route 110, node_num 7, cost 1996.918000, nodes: 0(120000.00, 120000.00) 418 843(85150.00, 85150.00) 547 12 880(12291.00, 34928.00) 0(0.00, 0.00)
route 111, node_num 7, cost 1611.176000, nodes: 0(120000.00, 120000.00) 419 440 342 493 109 0(4916.00, 4916.00)
route 112, node_num 4, cost 1257.396000, nodes: 0(120000.00, 120000.00) 420 131 0(30186.00, 30186.00)
route 113, node_num 7, cost 1828.050000, nodes: 0(120000.00, 120000.00) 427 525 378 41 776(15876.00, 26451.00) 0(0.00, 0.00)
route 114, node_num 5, cost 1087.366000, nodes: 0(120000.00, 120000.00) 428 400 189 0(42331.00, 42331.00)
route 115, node_num 3, cost 347.396000, nodes: 0(120000.00, 120000.00) 288 0(95186.00, 95186.00)
route 116, node_num 7, cost 1070.146000, nodes: 0(120000.00, 120000.00) 430 551 589 587 258 0(43561.00, 43561.00)
route 117, node_num 8, cost 1820.462000, nodes: 0(120000.00, 120000.00) 436 423 302 483 410 680(24895.00, 34928.00) 0(0.00, 0.00)
route 118, node_num 8, cost 618.142000, nodes: 0(120000.00, 120000.00) 439 459 142 51 591 153 0(75847.00, 75847.00)
route 119, node_num 7, cost 1661.982000, nodes: 0(120000.00, 120000.00) 664(110411.00, 120000.00) 552 340 33 381 0(10876.00, 10876.00)
route 120, node_num 7, cost 595.924000, nodes: 0(120000.00, 120000.00) 44 130 134 393 479 0(77434.00, 77434.00)
route 121, node_num 7, cost 1651.580000, nodes: 0(120000.00, 120000.00) 448 177 554 409 433 0(2030.00, 2030.00)
route 122, node_num 6, cost 1570.324000, nodes: 0(120000.00, 120000.00) 449 282 575 798(49078.00, 49078.00) 0(7834.00, 7834.00)
route 123, node_num 6, cost 1734.838000, nodes: 0(120000.00, 120000.00) 458 475 561 975(33900.00, 37817.00) 0(0.00, 0.00)
route 124, node_num 7, cost 424.830000, nodes: 0(120000.00, 120000.00) 460 317 465 501 48 0(89655.00, 89655.00)
route 125, node_num 7, cost 1151.472000, nodes: 0(120000.00, 120000.00) 533 559 379 597 353 0(37752.00, 37752.00)
route 126, node_num 3, cost 782.824000, nodes: 0(120000.00, 120000.00) 284 0(64084.00, 64084.00)
route 127, node_num 8, cost 1642.998000, nodes: 0(120000.00, 120000.00) 469 285 324 214 194 714(40259.00, 40259.00) 0(2643.00, 2643.00)
route 128, node_num 6, cost 1268.232000, nodes: 0(120000.00, 120000.00) 471 265 251 110 0(29412.00, 29412.00)
route 129, node_num 8, cost 701.680000, nodes: 0(120000.00, 120000.00) 473 291 204 47 337 180 0(69880.00, 69880.00)
route 130, node_num 6, cost 1239.588000, nodes: 0(120000.00, 120000.00) 478 169 101 232 0(31458.00, 31458.00)
route 131, node_num 5, cost 1616.776000, nodes: 0(120000.00, 120000.00) 484 531 602(28643.00, 28643.00) 0(4516.00, 4516.00)
route 132, node_num 8, cost 1820.784000, nodes: 0(120000.00, 120000.00) 485 447 176 839(42665.00, 42665.00) 463 780(24872.00, 34928.00) 0(0.00, 0.00)
route 133, node_num 7, cost 1157.814000, nodes: 0(120000.00, 120000.00) 488 98 147 107 34 0(37299.00, 37299.00)
route 134, node_num 7, cost 617.036000, nodes: 0(120000.00, 120000.00) 498 150 388 242 532 0(75926.00, 75926.00)
route 135, node_num 5, cost 946.064000, nodes: 0(120000.00, 120000.00) 499 166 198 0(52424.00, 52424.00)
route 136, node_num 4, cost 817.376000, nodes: 0(120000.00, 120000.00) 24 135 0(61616.00, 61616.00)
route 137, node_num 6, cost 1783.474000, nodes: 0(120000.00, 120000.00) 506 46 175 648(17306.00, 24697.00) 0(0.00, 0.00)
route 138, node_num 6, cost 1628.382000, nodes: 0(120000.00, 120000.00) 509 437 457 970(40956.00, 40956.00) 0(3687.00, 3687.00)
route 139, node_num 5, cost 1191.834000, nodes: 0(120000.00, 120000.00) 510 239 154 0(34869.00, 34869.00)
route 140, node_num 6, cost 1393.294000, nodes: 0(120000.00, 120000.00) 511 224 492 85 0(20479.00, 20479.00)
route 141, node_num 7, cost 489.048000, nodes: 0(120000.00, 120000.00) 516 93 231 195 408 0(85068.00, 85068.00)
route 142, node_num 4, cost 1270.542000, nodes: 0(120000.00, 120000.00) 520 584 0(29247.00, 29247.00)
route 143, node_num 6, cost 1171.954000, nodes: 0(120000.00, 120000.00) 321 6 37 221 0(36289.00, 36289.00)
route 144, node_num 6, cost 1618.820000, nodes: 0(120000.00, 120000.00) 362 565 53 325 0(4370.00, 4370.00)
route 145, node_num 6, cost 1061.592000, nodes: 0(120000.00, 120000.00) 535 368 178 67 0(44172.00, 44172.00)
route 146, node_num 6, cost 1619.212000, nodes: 0(120000.00, 120000.00) 537 115 555 529 0(4342.00, 4342.00)
route 147, node_num 8, cost 2024.064000, nodes: 0(120000.00, 120000.00) 540 568 414 548 249 645(1326.00, 25902.00) 0(0.00, 0.00)
route 148, node_num 9, cost 1757.588000, nodes: 0(120000.00, 120000.00) 542 303 753(77887.00, 77887.00) 380 444 527 977(36934.00, 42476.00) 0(0.00, 0.00)
route 149, node_num 7, cost 1261.414000, nodes: 0(120000.00, 120000.00) 225 550 209 120 252 0(29899.00, 29899.00)
route 150, node_num 3, cost 460.264000, nodes: 0(120000.00, 120000.00) 443 0(87124.00, 87124.00)
route 151, node_num 5, cost 1504.048000, nodes: 0(120000.00, 120000.00) 567 172 344 0(12568.00, 12568.00)
route 152, node_num 7, cost 1034.572000, nodes: 0(120000.00, 120000.00) 574 560 319 2 28 0(46102.00, 46102.00)
route 153, node_num 6, cost 1571.402000, nodes: 0(120000.00, 120000.00) 578 395 435 879(46190.00, 46190.00) 0(7757.00, 7757.00)
route 154, node_num 5, cost 1587.068000, nodes: 0(120000.00, 120000.00) 579 281 620(51248.00, 51248.00) 0(6638.00, 6638.00)
route 155, node_num 6, cost 303.478000, nodes: 0(120000.00, 120000.00) 580 279 39 489 0(98323.00, 98323.00)
route 156, node_num 6, cost 1770.076000, nodes: 0(120000.00, 120000.00) 590 595 389 906(29804.00, 36238.00) 0(0.00, 0.00)
route 157, node_num 8, cost 1786.302000, nodes: 0(120000.00, 120000.00) 599 357 421 248 583 772(35324.00, 42917.00) 0(0.00, 0.00)
route 158, node_num 3, cost 569.912000, nodes: 0(120000.00, 120000.00) 290 0(79292.00, 79292.00)
route 159, node_num 6, cost 1708.476000, nodes: 0(120000.00, 120000.00) 633(101822.00, 103856.00) 173 132 390 0(0.00, 0.00)
route 160, node_num 3, cost 15.596000, nodes: 0(120000.00, 120000.00) 461 0(118886.00, 118886.00)
route 161, node_num 5, cost 1191.582000, nodes: 0(120000.00, 120000.00) 269 383 156 0(34887.00, 34887.00)
route 162, node_num 5, cost 1234.730000, nodes: 0(120000.00, 120000.00) 320 366 267 0(31805.00, 31805.00)
route 163, node_num 8, cost 2074.548000, nodes: 0(120000.00, 120000.00) 711(93324.00, 95055.00) 117 406 22 11 876(0.00, 26451.00) 0(0.00, 0.00)
route 164, node_num 7, cost 1754.410000, nodes: 0(120000.00, 120000.00) 743(90980.00, 96295.00) 422 241 401 257 0(0.00, 0.00)
route 165, node_num 5, cost 1260.742000, nodes: 0(120000.00, 120000.00) 133 82 244 0(29947.00, 29947.00)
route 166, node_num 7, cost 1698.466000, nodes: 0(120000.00, 120000.00) 853(84325.00, 84325.00) 404 3 163 811(21853.00, 23172.00) 0(0.00, 0.00)
route 167, node_num 7, cost 1455.930000, nodes: 0(120000.00, 120000.00) 892(87550.00, 87550.00) 480 270 213 706(52243.00, 52243.00) 0(16005.00, 16005.00)
route 168, node_num 7, cost 1911.462000, nodes: 0(120000.00, 120000.00) 186 647(50980.00, 120000.00) 196 118 60 0(52487.00, 52487.00)
route 169, node_num 7, cost 1633.506000, nodes: 0(120000.00, 120000.00) 943(90980.00, 90980.00) 148 514 370 638(20440.00, 20440.00) 0(3321.00, 3321.00)
vehicle (route) number: 170
Total cost: 269612.09
269612.09, 9030.29
