Details of the solution:
route 0, node_num 6, cost 1538.922000, nodes: 0(120000.00, 120000.00) 6 85 191 390 0(10077.00, 10077.00)
route 1, node_num 5, cost 1300.404000, nodes: 0(120000.00, 120000.00) 8 372 225 0(27114.00, 27114.00)
route 2, node_num 7, cost 1800.246000, nodes: 0(120000.00, 120000.00) 717(97837.00, 106426.00) 355 99 401 207 0(0.00, 0.00)
route 3, node_num 5, cost 563.850000, nodes: 0(120000.00, 120000.00) 441 147 82 0(79725.00, 79725.00)
route 4, node_num 7, cost 1753.388000, nodes: 0(120000.00, 120000.00) 22 58 944(72635.00, 77877.00) 426 365 0(0.00, 0.00)
route 5, node_num 5, cost 471.170000, nodes: 0(120000.00, 120000.00) 357 23 14 0(86345.00, 86345.00)
route 6, node_num 6, cost 1023.064000, nodes: 0(120000.00, 120000.00) 24 268 514 37 0(46924.00, 46924.00)
route 7, node_num 7, cost 1692.950000, nodes: 0(120000.00, 120000.00) 31 402 177 837(57453.00, 58378.00) 118 0(0.00, 0.00)
route 8, node_num 7, cost 1754.018000, nodes: 0(120000.00, 120000.00) 38 26 113 184 756(18091.00, 23378.00) 0(0.00, 0.00)
route 9, node_num 7, cost 1594.124000, nodes: 0(120000.00, 120000.00) 40 446 406 489 192 0(6134.00, 6134.00)
route 10, node_num 7, cost 1876.140000, nodes: 0(120000.00, 120000.00) 44 682(87448.00, 120000.00) 549 323 59 0(18542.00, 18542.00)
route 11, node_num 4, cost 1035.874000, nodes: 0(120000.00, 120000.00) 52 81 0(46009.00, 46009.00)
route 12, node_num 6, cost 1068.606000, nodes: 0(120000.00, 120000.00) 55 409 144 371 0(43671.00, 43671.00)
route 13, node_num 7, cost 1638.840000, nodes: 0(120000.00, 120000.00) 56 28 104 54 992(25131.00, 25131.00) 0(2940.00, 2940.00)
route 14, node_num 7, cost 847.672000, nodes: 0(120000.00, 120000.00) 57 142 18 404 164 0(59452.00, 59452.00)
route 15, node_num 3, cost 484.750000, nodes: 0(120000.00, 120000.00) 297 0(85375.00, 85375.00)
route 16, node_num 6, cost 1500.982000, nodes: 0(120000.00, 120000.00) 68 518 150 366 0(12787.00, 12787.00)
route 17, node_num 5, cost 1595.258000, nodes: 0(120000.00, 120000.00) 69 476 573 0(6053.00, 6053.00)
route 18, node_num 4, cost 1396.486000, nodes: 0(120000.00, 120000.00) 80 313 0(20251.00, 20251.00)
route 19, node_num 3, cost 555.478000, nodes: 0(120000.00, 120000.00) 557 0(80323.00, 80323.00)
route 20, node_num 6, cost 1581.776000, nodes: 0(120000.00, 120000.00) 86 168 537 506 0(7016.00, 7016.00)
route 21, node_num 4, cost 1310.666000, nodes: 0(120000.00, 120000.00) 100 547 0(26381.00, 26381.00)
route 22, node_num 6, cost 1137.332000, nodes: 0(120000.00, 120000.00) 102 27 304 456 0(38762.00, 38762.00)
route 23, node_num 5, cost 679.126000, nodes: 0(120000.00, 120000.00) 119 130 187 0(71491.00, 71491.00)
route 24, node_num 7, cost 1903.762000, nodes: 0(120000.00, 120000.00) 120 624(62319.00, 86319.00) 208 494 562 0(8017.00, 8017.00)
route 25, node_num 9, cost 1865.542000, nodes: 0(120000.00, 120000.00) 123 799(69620.00, 73758.00) 418 41 209 281 603(0.00, 9115.00) 0(0.00, 0.00)
route 26, node_num 9, cost 1770.958000, nodes: 0(120000.00, 120000.00) 126 999(71938.00, 71938.00) 474 162 128 10 928(26507.00, 33004.00) 0(0.00, 0.00)
route 27, node_num 6, cost 639.114000, nodes: 0(120000.00, 120000.00) 131 266 374 359 0(74349.00, 74349.00)
route 28, node_num 5, cost 1539.342000, nodes: 0(120000.00, 120000.00) 132 273 552 0(10047.00, 10047.00)
route 29, node_num 7, cost 676.732000, nodes: 0(120000.00, 120000.00) 133 326 140 324 354 0(71662.00, 71662.00)
route 30, node_num 7, cost 460.082000, nodes: 0(120000.00, 120000.00) 135 109 189 111 381 0(87137.00, 87137.00)
route 31, node_num 6, cost 1572.130000, nodes: 0(120000.00, 120000.00) 587 330 560 248 0(7705.00, 7705.00)
route 32, node_num 5, cost 1100.162000, nodes: 0(120000.00, 120000.00) 154 288 413 0(41417.00, 41417.00)
route 33, node_num 6, cost 1673.028000, nodes: 0(120000.00, 120000.00) 16 492 243 392 0(498.00, 498.00)
route 34, node_num 7, cost 1404.060000, nodes: 0(120000.00, 120000.00) 166 62 74 47 599 0(19710.00, 19710.00)
route 35, node_num 7, cost 1221.052000, nodes: 0(120000.00, 120000.00) 171 116 410 165 34 0(32782.00, 32782.00)
route 36, node_num 7, cost 1570.842000, nodes: 0(120000.00, 120000.00) 173 121 302 370 256 0(7797.00, 7797.00)
route 37, node_num 6, cost 724.486000, nodes: 0(120000.00, 120000.00) 174 338 216 360 0(68251.00, 68251.00)
route 38, node_num 8, cost 1712.074000, nodes: 0(120000.00, 120000.00) 178 471 35 713(67549.00, 69840.00) 439 425 0(0.00, 0.00)
route 39, node_num 6, cost 1472.198000, nodes: 0(120000.00, 120000.00) 183 444 240 559 0(14843.00, 14843.00)
route 40, node_num 5, cost 1068.998000, nodes: 0(120000.00, 120000.00) 196 351 110 0(43643.00, 43643.00)
route 41, node_num 6, cost 1676.192000, nodes: 0(120000.00, 120000.00) 199 575 106 253 0(272.00, 272.00)
route 42, node_num 6, cost 963.788000, nodes: 0(120000.00, 120000.00) 280 479 375 227 0(51158.00, 51158.00)
route 43, node_num 5, cost 949.270000, nodes: 0(120000.00, 120000.00) 210 2 490 0(52195.00, 52195.00)
route 44, node_num 6, cost 1067.752000, nodes: 0(120000.00, 120000.00) 213 17 169 590 0(43732.00, 43732.00)
route 45, node_num 7, cost 1491.490000, nodes: 0(120000.00, 120000.00) 217 195 251 283 898(31308.00, 31308.00) 0(13465.00, 13465.00)
route 46, node_num 6, cost 1602.328000, nodes: 0(120000.00, 120000.00) 218 344 180 589 0(5548.00, 5548.00)
route 47, node_num 6, cost 1509.536000, nodes: 0(120000.00, 120000.00) 222 1 308 530 0(12176.00, 12176.00)
route 48, node_num 7, cost 901.362000, nodes: 0(120000.00, 120000.00) 228 563 314 206 342 0(55617.00, 55617.00)
route 49, node_num 4, cost 1189.496000, nodes: 0(120000.00, 120000.00) 231 389 0(35036.00, 35036.00)
route 50, node_num 7, cost 1451.156000, nodes: 0(120000.00, 120000.00) 232 420 114 50 661(20832.00, 20832.00) 0(16346.00, 16346.00)
route 51, node_num 4, cost 1147.370000, nodes: 0(120000.00, 120000.00) 239 299 0(38045.00, 38045.00)
route 52, node_num 4, cost 1179.500000, nodes: 0(120000.00, 120000.00) 246 298 0(35750.00, 35750.00)
route 53, node_num 7, cost 1099.966000, nodes: 0(120000.00, 120000.00) 247 581 528 516 71 0(41431.00, 41431.00)
route 54, node_num 6, cost 818.272000, nodes: 0(120000.00, 120000.00) 255 524 499 361 0(61552.00, 61552.00)
route 55, node_num 6, cost 288.610000, nodes: 0(120000.00, 120000.00) 261 532 249 290 0(99385.00, 99385.00)
route 56, node_num 7, cost 708.190000, nodes: 0(120000.00, 120000.00) 445 270 156 72 61 0(69415.00, 69415.00)
route 57, node_num 8, cost 1781.402000, nodes: 0(120000.00, 120000.00) 204 305 349 226 363 995(6987.00, 14230.00) 0(0.00, 0.00)
route 58, node_num 7, cost 1360.842000, nodes: 0(120000.00, 120000.00) 595 161 237 30 315 0(22797.00, 22797.00)
route 59, node_num 6, cost 1491.868000, nodes: 0(120000.00, 120000.00) 285 87 548 487 0(13438.00, 13438.00)
route 60, node_num 6, cost 1618.806000, nodes: 0(120000.00, 120000.00) 289 592 376 254 0(4371.00, 4371.00)
route 61, node_num 6, cost 1505.784000, nodes: 0(120000.00, 120000.00) 293 311 327 286 0(12444.00, 12444.00)
route 62, node_num 7, cost 1799.392000, nodes: 0(120000.00, 120000.00) 294 437 234 380 856(14850.00, 23378.00) 0(0.00, 0.00)
route 63, node_num 6, cost 499.296000, nodes: 0(120000.00, 120000.00) 295 310 12 464 0(84336.00, 84336.00)
route 64, node_num 6, cost 796.376000, nodes: 0(120000.00, 120000.00) 296 93 153 312 0(63116.00, 63116.00)
route 65, node_num 3, cost 146.622000, nodes: 0(120000.00, 120000.00) 556 0(109527.00, 109527.00)
route 66, node_num 5, cost 1357.608000, nodes: 0(120000.00, 120000.00) 303 258 262 0(23028.00, 23028.00)
route 67, node_num 4, cost 1178.408000, nodes: 0(120000.00, 120000.00) 321 443 0(35828.00, 35828.00)
route 68, node_num 5, cost 1473.416000, nodes: 0(120000.00, 120000.00) 322 519 274 0(14756.00, 14756.00)
route 69, node_num 6, cost 878.878000, nodes: 0(120000.00, 120000.00) 328 509 598 301 0(57223.00, 57223.00)
route 70, node_num 6, cost 895.720000, nodes: 0(120000.00, 120000.00) 333 391 387 300 0(56020.00, 56020.00)
route 71, node_num 6, cost 1500.982000, nodes: 0(120000.00, 120000.00) 335 108 242 155 0(12787.00, 12787.00)
route 72, node_num 6, cost 1559.138000, nodes: 0(120000.00, 120000.00) 798(102863.00, 102863.00) 339 259 306 0(8633.00, 8633.00)
route 73, node_num 3, cost 259.056000, nodes: 0(120000.00, 120000.00) 561 0(101496.00, 101496.00)
route 74, node_num 6, cost 698.292000, nodes: 0(120000.00, 120000.00) 341 502 459 384 0(70122.00, 70122.00)
route 75, node_num 3, cost 114.310000, nodes: 0(120000.00, 120000.00) 450 0(111835.00, 111835.00)
route 76, node_num 4, cost 1416.394000, nodes: 0(120000.00, 120000.00) 348 432 0(18829.00, 18829.00)
route 77, node_num 4, cost 1315.412000, nodes: 0(120000.00, 120000.00) 352 572 0(26042.00, 26042.00)
route 78, node_num 5, cost 1101.548000, nodes: 0(120000.00, 120000.00) 551 522 579 0(41318.00, 41318.00)
route 79, node_num 6, cost 1588.930000, nodes: 0(120000.00, 120000.00) 362 238 597 77 0(6505.00, 6505.00)
route 80, node_num 7, cost 1360.982000, nodes: 0(120000.00, 120000.00) 367 421 287 396 486 0(22787.00, 22787.00)
route 81, node_num 8, cost 1723.274000, nodes: 0(120000.00, 120000.00) 382 193 29 852(51739.00, 51739.00) 148 761(1395.00, 4486.00) 0(0.00, 0.00)
route 82, node_num 5, cost 838.656000, nodes: 0(120000.00, 120000.00) 175 465 63 0(60096.00, 60096.00)
route 83, node_num 5, cost 1300.796000, nodes: 0(120000.00, 120000.00) 386 520 538 0(27086.00, 27086.00)
route 84, node_num 5, cost 1228.780000, nodes: 0(120000.00, 120000.00) 394 331 503 0(32230.00, 32230.00)
route 85, node_num 5, cost 1621.900000, nodes: 0(120000.00, 120000.00) 395 257 417 0(4150.00, 4150.00)
route 86, node_num 5, cost 482.804000, nodes: 0(120000.00, 120000.00) 398 7 124 0(85514.00, 85514.00)
route 87, node_num 6, cost 1445.136000, nodes: 0(120000.00, 120000.00) 400 49 600 416 0(16776.00, 16776.00)
route 88, node_num 6, cost 1690.150000, nodes: 0(120000.00, 120000.00) 821(81946.00, 120000.00) 593 67 477 0(37329.00, 37329.00)
route 89, node_num 7, cost 1546.328000, nodes: 0(120000.00, 120000.00) 411 39 88 405 53 0(9548.00, 9548.00)
route 90, node_num 5, cost 1002.022000, nodes: 0(120000.00, 120000.00) 415 419 353 0(48427.00, 48427.00)
route 91, node_num 5, cost 1396.668000, nodes: 0(120000.00, 120000.00) 422 60 458 0(20238.00, 20238.00)
route 92, node_num 5, cost 1548.988000, nodes: 0(120000.00, 120000.00) 424 78 397 0(9358.00, 9358.00)
route 93, node_num 4, cost 1006.544000, nodes: 0(120000.00, 120000.00) 430 4 0(48104.00, 48104.00)
route 94, node_num 5, cost 1660.414000, nodes: 0(120000.00, 120000.00) 435 97 414 0(1399.00, 1399.00)
route 95, node_num 5, cost 1197.252000, nodes: 0(120000.00, 120000.00) 21 282 317 0(34482.00, 34482.00)
route 96, node_num 7, cost 1661.800000, nodes: 0(120000.00, 120000.00) 267 103 202 129 948(34394.00, 34394.00) 0(1300.00, 1300.00)
route 97, node_num 5, cost 1624.000000, nodes: 0(120000.00, 120000.00) 449 434 203 0(4000.00, 4000.00)
route 98, node_num 5, cost 838.292000, nodes: 0(120000.00, 120000.00) 453 535 467 0(60122.00, 60122.00)
route 99, node_num 8, cost 1734.012000, nodes: 0(120000.00, 120000.00) 454 334 163 428 219 864(15476.00, 19334.00) 0(0.00, 0.00)
route 100, node_num 5, cost 1389.164000, nodes: 0(120000.00, 120000.00) 383 89 76 0(20774.00, 20774.00)
route 101, node_num 6, cost 1236.382000, nodes: 0(120000.00, 120000.00) 472 495 447 379 0(31687.00, 31687.00)
route 102, node_num 5, cost 772.856000, nodes: 0(120000.00, 120000.00) 473 241 578 0(64796.00, 64796.00)
route 103, node_num 7, cost 1339.268000, nodes: 0(120000.00, 120000.00) 475 364 188 115 263 0(24338.00, 24338.00)
route 104, node_num 7, cost 1734.026000, nodes: 0(120000.00, 120000.00) 478 451 117 346 823(655.00, 4514.00) 0(0.00, 0.00)
route 105, node_num 6, cost 1599.402000, nodes: 0(120000.00, 120000.00) 480 250 440 531 0(5757.00, 5757.00)
route 106, node_num 7, cost 1799.336000, nodes: 0(120000.00, 120000.00) 482 629(70503.00, 79027.00) 470 94 448 0(0.00, 0.00)
route 107, node_num 7, cost 1662.122000, nodes: 0(120000.00, 120000.00) 821(81946.00, 81946.00) 485 167 584 407 0(1277.00, 1277.00)
route 108, node_num 5, cost 372.722000, nodes: 0(120000.00, 120000.00) 469 336 42 0(93377.00, 93377.00)
route 109, node_num 5, cost 1238.650000, nodes: 0(120000.00, 120000.00) 565 505 211 0(31525.00, 31525.00)
route 110, node_num 7, cost 1644.706000, nodes: 0(120000.00, 120000.00) 510 200 43 523 781(39770.00, 39770.00) 0(2521.00, 2521.00)
route 111, node_num 5, cost 1615.894000, nodes: 0(120000.00, 120000.00) 511 408 271 0(4579.00, 4579.00)
route 112, node_num 7, cost 1564.766000, nodes: 0(120000.00, 120000.00) 513 427 433 73 628(41235.00, 41235.00) 0(8231.00, 8231.00)
route 113, node_num 5, cost 1229.270000, nodes: 0(120000.00, 120000.00) 515 468 105 0(32195.00, 32195.00)
route 114, node_num 7, cost 1639.498000, nodes: 0(120000.00, 120000.00) 533 220 358 412 224 0(2893.00, 2893.00)
route 115, node_num 5, cost 982.562000, nodes: 0(120000.00, 120000.00) 536 272 399 0(49817.00, 49817.00)
route 116, node_num 7, cost 1241.338000, nodes: 0(120000.00, 120000.00) 539 481 554 201 138 0(31333.00, 31333.00)
route 117, node_num 8, cost 1557.486000, nodes: 0(120000.00, 120000.00) 541 496 461 570 66 923(13265.00, 13265.00) 0(8751.00, 8751.00)
route 118, node_num 5, cost 178.500000, nodes: 0(120000.00, 120000.00) 347 455 462 0(107250.00, 107250.00)
route 119, node_num 8, cost 1250.284000, nodes: 0(120000.00, 120000.00) 544 46 3 9 457 964(50028.00, 50028.00) 0(30694.00, 30694.00)
route 120, node_num 7, cost 1587.306000, nodes: 0(120000.00, 120000.00) 545 319 436 51 657(8978.00, 8978.00) 0(6621.00, 6621.00)
route 121, node_num 7, cost 1878.716000, nodes: 0(120000.00, 120000.00) 546 236 215 176 656(9184.00, 23378.00) 0(0.00, 0.00)
route 122, node_num 6, cost 1921.248000, nodes: 0(120000.00, 120000.00) 158 512 652(39275.00, 56507.00) 260 0(0.00, 0.00)
route 123, node_num 4, cost 1277.416000, nodes: 0(120000.00, 120000.00) 553 423 0(28756.00, 28756.00)
route 124, node_num 6, cost 1651.426000, nodes: 0(120000.00, 120000.00) 497 555 567 491 0(2041.00, 2041.00)
route 125, node_num 7, cost 1819.426000, nodes: 0(120000.00, 120000.00) 84 145 244 463 939(39614.00, 49573.00) 0(0.00, 0.00)
route 126, node_num 3, cost 185.206000, nodes: 0(120000.00, 120000.00) 498 0(106771.00, 106771.00)
route 127, node_num 7, cost 1591.884000, nodes: 0(120000.00, 120000.00) 569 90 970(62592.00, 86592.00) 19 550 0(30294.00, 30294.00)
route 128, node_num 5, cost 1139.810000, nodes: 0(120000.00, 120000.00) 571 190 320 0(38585.00, 38585.00)
route 129, node_num 5, cost 1215.508000, nodes: 0(120000.00, 120000.00) 576 137 340 0(33178.00, 33178.00)
route 130, node_num 7, cost 1612.954000, nodes: 0(120000.00, 120000.00) 582 186 170 269 815(36330.00, 36330.00) 0(4789.00, 4789.00)
route 131, node_num 7, cost 586.404000, nodes: 0(120000.00, 120000.00) 583 566 221 277 501 0(78114.00, 78114.00)
route 132, node_num 7, cost 1709.694000, nodes: 0(120000.00, 120000.00) 585 507 264 48 945(20682.00, 22803.00) 0(0.00, 0.00)
route 133, node_num 3, cost 479.374000, nodes: 0(120000.00, 120000.00) 343 0(85759.00, 85759.00)
route 134, node_num 4, cost 738.794000, nodes: 0(120000.00, 120000.00) 403 25 0(67229.00, 67229.00)
route 135, node_num 4, cost 1326.248000, nodes: 0(120000.00, 120000.00) 594 345 0(25268.00, 25268.00)
route 136, node_num 8, cost 1591.912000, nodes: 0(120000.00, 120000.00) 284 377 542 11 493 864(25626.00, 25626.00) 0(6292.00, 6292.00)
route 137, node_num 6, cost 1527.764000, nodes: 0(120000.00, 120000.00) 596 517 500 577 0(10874.00, 10874.00)
route 138, node_num 8, cost 1505.392000, nodes: 0(120000.00, 120000.00) 621(81946.00, 113946.00) 230 484 152 122 275 0(44472.00, 44472.00)
route 139, node_num 5, cost 1119.258000, nodes: 0(120000.00, 120000.00) 136 112 252 0(40053.00, 40053.00)
route 140, node_num 8, cost 1833.888000, nodes: 0(120000.00, 120000.00) 630(107152.00, 118144.00) 146 591 466 460 429 0(0.00, 0.00)
route 141, node_num 4, cost 1307.306000, nodes: 0(120000.00, 120000.00) 235 157 0(26621.00, 26621.00)
route 142, node_num 5, cost 1547.070000, nodes: 0(120000.00, 120000.00) 318 179 540 0(9495.00, 9495.00)
route 143, node_num 6, cost 1059.912000, nodes: 0(120000.00, 120000.00) 64 438 20 95 0(44292.00, 44292.00)
route 144, node_num 8, cost 2154.880000, nodes: 0(120000.00, 120000.00) 543 149 5 45 378 751(25223.00, 59143.00) 0(0.00, 0.00)
route 145, node_num 7, cost 1737.484000, nodes: 0(120000.00, 120000.00) 703(111689.00, 115795.00) 534 101 580 307 0(0.00, 0.00)
route 146, node_num 7, cost 1785.574000, nodes: 0(120000.00, 120000.00) 707(76524.00, 84065.00) 141 588 70 212 0(0.00, 0.00)
route 147, node_num 7, cost 1674.218000, nodes: 0(120000.00, 120000.00) 721(81946.00, 120000.00) 245 194 508 36 0(38467.00, 38467.00)
route 148, node_num 7, cost 1689.002000, nodes: 0(120000.00, 120000.00) 723(116496.00, 120000.00) 442 143 504 265 0(2861.00, 2861.00)
route 149, node_num 7, cost 1813.028000, nodes: 0(120000.00, 120000.00) 724(78004.00, 120000.00) 229 483 214 159 0(32494.00, 32494.00)
route 150, node_num 5, cost 688.436000, nodes: 0(120000.00, 120000.00) 558 65 568 0(70826.00, 70826.00)
route 151, node_num 7, cost 1713.978000, nodes: 0(120000.00, 120000.00) 745(99812.00, 102239.00) 525 373 233 75 0(0.00, 0.00)
route 152, node_num 7, cost 1682.912000, nodes: 0(120000.00, 120000.00) 792(100649.00, 100857.00) 564 185 527 107 0(0.00, 0.00)
route 153, node_num 7, cost 1784.468000, nodes: 0(120000.00, 120000.00) 803(111689.00, 119151.00) 223 368 526 278 0(0.00, 0.00)
route 154, node_num 7, cost 1660.806000, nodes: 0(120000.00, 120000.00) 822(83916.00, 120000.00) 393 574 92 309 0(37455.00, 37455.00)
route 155, node_num 9, cost 1846.194000, nodes: 0(120000.00, 120000.00) 824(78004.00, 78004.00) 91 13 276 134 325 913(38245.00, 50116.00) 0(0.00, 0.00)
route 156, node_num 8, cost 1831.900000, nodes: 0(120000.00, 120000.00) 830(107152.00, 107152.00) 431 337 279 385 777(9173.00, 20023.00) 0(0.00, 0.00)
route 157, node_num 7, cost 1936.312000, nodes: 0(120000.00, 120000.00) 33 329 292 83 728(14696.00, 33004.00) 0(0.00, 0.00)
route 158, node_num 7, cost 1783.306000, nodes: 0(120000.00, 120000.00) 845(99812.00, 107191.00) 139 172 125 182 0(0.00, 0.00)
route 159, node_num 9, cost 1793.442000, nodes: 0(120000.00, 120000.00) 877(102343.00, 114343.00) 586 316 181 291 32 738(44416.00, 44416.00) 0(3897.00, 3897.00)
route 160, node_num 7, cost 1878.590000, nodes: 0(120000.00, 120000.00) 892(100649.00, 114834.00) 198 96 197 369 0(0.00, 0.00)
route 161, node_num 7, cost 1709.428000, nodes: 0(120000.00, 120000.00) 917(97837.00, 120000.00) 160 79 529 828(53065.00, 53065.00) 0(20061.00, 20061.00)
route 162, node_num 6, cost 1664.180000, nodes: 0(120000.00, 120000.00) 919(75699.00, 75699.00) 356 452 205 0(1130.00, 1130.00)
route 163, node_num 6, cost 1188.600000, nodes: 0(120000.00, 120000.00) 388 332 127 98 0(35100.00, 35100.00)
route 164, node_num 8, cost 1697.850000, nodes: 0(120000.00, 120000.00) 924(78004.00, 79279.00) 350 15 488 151 521 0(0.00, 0.00)
vehicle (route) number: 165
Total cost: 267343.98
267343.98, 9052.13
