Details of the solution:
route 0, node_num 7, cost 1307.740000, nodes: 0(120000.00, 120000.00) 8 728 121 405 37 0(26590.00, 26590.00)
route 1, node_num 4, cost 1313.718000, nodes: 0(120000.00, 120000.00) 16 598 0(26163.00, 26163.00)
route 2, node_num 7, cost 1128.022000, nodes: 0(120000.00, 120000.00) 17 416 119 130 955(56182.00, 56182.00) 0(39427.00, 39427.00)
route 3, node_num 5, cost 1295.028000, nodes: 0(120000.00, 120000.00) 19 345 10 0(27498.00, 27498.00)
route 4, node_num 7, cost 824.488000, nodes: 0(120000.00, 120000.00) 21 296 312 462 636 0(61108.00, 61108.00)
route 5, node_num 4, cost 1193.668000, nodes: 0(120000.00, 120000.00) 30 272 0(34738.00, 34738.00)
route 6, node_num 8, cost 1788.276000, nodes: 0(120000.00, 120000.00) 36 1060(85577.00, 85577.00) 362 632 43 1013(2002.00, 9736.00) 0(0.00, 0.00)
route 7, node_num 7, cost 845.852000, nodes: 0(120000.00, 120000.00) 38 541 346 473 713 0(59582.00, 59582.00)
route 8, node_num 7, cost 1791.776000, nodes: 0(120000.00, 120000.00) 41 418 691 1111(12157.00, 12157.00) 879(3843.00, 11827.00) 0(0.00, 0.00)
route 9, node_num 6, cost 1610.896000, nodes: 0(120000.00, 120000.00) 61 193 778 399 0(4936.00, 4936.00)
route 10, node_num 7, cost 1961.512000, nodes: 0(120000.00, 120000.00) 79 177 1190(32492.00, 52600.00) 6 116 0(0.00, 0.00)
route 11, node_num 7, cost 1905.974000, nodes: 0(120000.00, 120000.00) 81 107 208 13 915(25947.00, 42088.00) 0(0.00, 0.00)
route 12, node_num 6, cost 1984.738000, nodes: 0(120000.00, 120000.00) 83 378 841(50916.00, 72683.00) 219 0(0.00, 0.00)
route 13, node_num 8, cost 1622.180000, nodes: 0(120000.00, 120000.00) 103 557 564 141 67 477 0(4130.00, 4130.00)
route 14, node_num 8, cost 1941.758000, nodes: 0(120000.00, 120000.00) 105 926(70106.00, 70106.00) 223 45 753 1063(35772.00, 54469.00) 0(0.00, 0.00)
route 15, node_num 6, cost 1067.346000, nodes: 0(120000.00, 120000.00) 108 630 4 171 0(43761.00, 43761.00)
route 16, node_num 8, cost 966.336000, nodes: 0(120000.00, 120000.00) 109 475 484 624 715 117 0(50976.00, 50976.00)
route 17, node_num 4, cost 1173.284000, nodes: 0(120000.00, 120000.00) 112 544 0(36194.00, 36194.00)
route 18, node_num 6, cost 1735.552000, nodes: 0(120000.00, 120000.00) 113 29 682 1003(39050.00, 43018.00) 0(0.00, 0.00)
route 19, node_num 6, cost 1742.426000, nodes: 0(120000.00, 120000.00) 120 143 426 866(40496.00, 44955.00) 0(0.00, 0.00)
route 20, node_num 3, cost 504.070000, nodes: 0(120000.00, 120000.00) 451 0(83995.00, 83995.00)
route 21, node_num 5, cost 1373.134000, nodes: 0(120000.00, 120000.00) 136 332 101 0(21919.00, 21919.00)
route 22, node_num 5, cost 530.992000, nodes: 0(120000.00, 120000.00) 140 174 216 0(82072.00, 82072.00)
route 23, node_num 8, cost 1606.122000, nodes: 0(120000.00, 120000.00) 142 334 600 606 293 1148(36171.00, 36171.00) 0(5277.00, 5277.00)
route 24, node_num 5, cost 1449.364000, nodes: 0(120000.00, 120000.00) 148 644 609 0(16474.00, 16474.00)
route 25, node_num 8, cost 1075.480000, nodes: 0(120000.00, 120000.00) 153 563 18 789 694 241 0(43180.00, 43180.00)
route 26, node_num 7, cost 1773.646000, nodes: 0(120000.00, 120000.00) 368 460 555 269 891(352.00, 7041.00) 0(0.00, 0.00)
route 27, node_num 7, cost 1546.482000, nodes: 0(120000.00, 120000.00) 155 424 78 463 852(47957.00, 47957.00) 0(9537.00, 9537.00)
route 28, node_num 6, cost 1283.422000, nodes: 0(120000.00, 120000.00) 164 190 688 379 0(28327.00, 28327.00)
route 29, node_num 8, cost 1619.534000, nodes: 0(120000.00, 120000.00) 167 224 470 406 523 860(27038.00, 27038.00) 0(4319.00, 4319.00)
route 30, node_num 7, cost 1551.354000, nodes: 0(120000.00, 120000.00) 925(97482.00, 105482.00) 444 665 274 200 0(17189.00, 17189.00)
route 31, node_num 8, cost 1902.670000, nodes: 0(120000.00, 120000.00) 186 355 215 672 33 918(35930.00, 51835.00) 0(0.00, 0.00)
route 32, node_num 6, cost 497.084000, nodes: 0(120000.00, 120000.00) 189 654 310 221 0(84494.00, 84494.00)
route 33, node_num 8, cost 1779.148000, nodes: 0(120000.00, 120000.00) 191 590 236 373 279 843(9435.00, 16517.00) 0(0.00, 0.00)
route 34, node_num 6, cost 931.742000, nodes: 0(120000.00, 120000.00) 195 257 82 123 0(53447.00, 53447.00)
route 35, node_num 6, cost 1271.004000, nodes: 0(120000.00, 120000.00) 211 58 390 410 0(29214.00, 29214.00)
route 36, node_num 4, cost 1020.824000, nodes: 0(120000.00, 120000.00) 225 763 0(47084.00, 47084.00)
route 37, node_num 8, cost 1099.420000, nodes: 0(120000.00, 120000.00) 228 565 625 755 677 333 0(41470.00, 41470.00)
route 38, node_num 7, cost 1657.684000, nodes: 0(120000.00, 120000.00) 229 132 511 414 979(13421.00, 13421.00) 0(1594.00, 1594.00)
route 39, node_num 7, cost 1543.668000, nodes: 0(120000.00, 120000.00) 230 232 183 436 220 0(9738.00, 9738.00)
route 40, node_num 8, cost 2229.402000, nodes: 0(120000.00, 120000.00) 233 431 941(53426.00, 80842.00) 478 428 1179(0.00, 11827.00) 0(0.00, 0.00)
route 41, node_num 6, cost 1078.630000, nodes: 0(120000.00, 120000.00) 237 578 417 666 0(42955.00, 42955.00)
route 42, node_num 4, cost 941.178000, nodes: 0(120000.00, 120000.00) 246 629 0(52773.00, 52773.00)
route 43, node_num 8, cost 1672.566000, nodes: 0(120000.00, 120000.00) 247 110 1129(80641.00, 80641.00) 588 594 729 0(531.00, 531.00)
route 44, node_num 6, cost 647.164000, nodes: 0(120000.00, 120000.00) 249 261 111 290 0(73774.00, 73774.00)
route 45, node_num 8, cost 1749.608000, nodes: 0(120000.00, 120000.00) 254 284 245 758 358 948(25922.00, 30894.00) 0(0.00, 0.00)
route 46, node_num 3, cost 546.882000, nodes: 0(120000.00, 120000.00) 154 0(80937.00, 80937.00)
route 47, node_num 6, cost 582.302000, nodes: 0(120000.00, 120000.00) 277 315 347 611 0(78407.00, 78407.00)
route 48, node_num 5, cost 480.466000, nodes: 0(120000.00, 120000.00) 280 747 667 0(85681.00, 85681.00)
route 49, node_num 7, cost 1935.738000, nodes: 0(120000.00, 120000.00) 282 218 983(68663.00, 86930.00) 276 671 0(0.00, 0.00)
route 50, node_num 5, cost 1434.146000, nodes: 0(120000.00, 120000.00) 289 698 398 0(17561.00, 17561.00)
route 51, node_num 7, cost 1775.606000, nodes: 0(120000.00, 120000.00) 294 131 205 210 872(1879.00, 8708.00) 0(0.00, 0.00)
route 52, node_num 9, cost 1778.728000, nodes: 0(120000.00, 120000.00) 300 830(103646.00, 103657.00) 127 87 62 322 991(0.00, 7041.00) 0(0.00, 0.00)
route 53, node_num 7, cost 1949.360000, nodes: 0(120000.00, 120000.00) 301 128 291 369 1166(25715.00, 44955.00) 0(0.00, 0.00)
route 54, node_num 6, cost 1225.028000, nodes: 0(120000.00, 120000.00) 302 226 88 187 0(32498.00, 32498.00)
route 55, node_num 7, cost 1716.414000, nodes: 0(120000.00, 120000.00) 303 556 100 1034(49408.00, 52009.00) 402 0(0.00, 0.00)
route 56, node_num 5, cost 1449.644000, nodes: 0(120000.00, 120000.00) 306 170 239 0(16454.00, 16454.00)
route 57, node_num 4, cost 1138.466000, nodes: 0(120000.00, 120000.00) 307 659 0(38681.00, 38681.00)
route 58, node_num 7, cost 1362.732000, nodes: 0(120000.00, 120000.00) 311 738 286 486 376 0(22662.00, 22662.00)
route 59, node_num 9, cost 1710.576000, nodes: 0(120000.00, 120000.00) 319 768 66 968(52991.00, 52991.00) 799 653 992(44115.00, 46299.00) 0(0.00, 0.00)
route 60, node_num 7, cost 1615.292000, nodes: 0(120000.00, 120000.00) 420 781 714 736 1191(11663.00, 11663.00) 0(4622.00, 4622.00)
route 61, node_num 7, cost 895.510000, nodes: 0(120000.00, 120000.00) 326 634 46 324 641 0(56035.00, 56035.00)
route 62, node_num 10, cost 1776.362000, nodes: 0(120000.00, 120000.00) 327 469 481 3 1031(78518.00, 78518.00) 526 209 1105(47021.00, 53904.00) 0(0.00, 0.00)
route 63, node_num 6, cost 1155.910000, nodes: 0(120000.00, 120000.00) 338 342 188 364 0(37435.00, 37435.00)
route 64, node_num 7, cost 1529.234000, nodes: 0(120000.00, 120000.00) 339 583 20 615 495 0(10769.00, 10769.00)
route 65, node_num 7, cost 1647.464000, nodes: 0(120000.00, 120000.00) 343 1011(98585.00, 120000.00) 89 435 517 0(23739.00, 23739.00)
route 66, node_num 8, cost 1681.148000, nodes: 0(120000.00, 120000.00) 344 317 501 309 710 1090(36019.00, 36101.00) 0(0.00, 0.00)
route 67, node_num 7, cost 1922.746000, nodes: 0(120000.00, 120000.00) 348 439 383 283 1119(7411.00, 24750.00) 0(0.00, 0.00)
route 68, node_num 4, cost 1009.456000, nodes: 0(120000.00, 120000.00) 351 697 0(47896.00, 47896.00)
route 69, node_num 6, cost 1134.910000, nodes: 0(120000.00, 120000.00) 353 335 388 661 0(38935.00, 38935.00)
route 70, node_num 6, cost 1263.696000, nodes: 0(120000.00, 120000.00) 359 262 496 510 0(29736.00, 29736.00)
route 71, node_num 5, cost 1254.694000, nodes: 0(120000.00, 120000.00) 273 503 299 0(30379.00, 30379.00)
route 72, node_num 5, cost 962.318000, nodes: 0(120000.00, 120000.00) 375 465 441 0(51263.00, 51263.00)
route 73, node_num 3, cost 97.888000, nodes: 0(120000.00, 120000.00) 628 0(113008.00, 113008.00)
route 74, node_num 8, cost 1952.174000, nodes: 0(120000.00, 120000.00) 389 974(77293.00, 96734.00) 181 281 32 769 0(0.00, 0.00)
route 75, node_num 4, cost 1168.482000, nodes: 0(120000.00, 120000.00) 392 443 0(36537.00, 36537.00)
route 76, node_num 6, cost 1268.582000, nodes: 0(120000.00, 120000.00) 394 313 361 551 0(29387.00, 29387.00)
route 77, node_num 7, cost 1317.050000, nodes: 0(120000.00, 120000.00) 396 489 68 152 352 0(25925.00, 25925.00)
route 78, node_num 7, cost 1444.254000, nodes: 0(120000.00, 120000.00) 415 699 166 783 597 0(16839.00, 16839.00)
route 79, node_num 6, cost 1585.626000, nodes: 0(120000.00, 120000.00) 321 746 722 1155(23496.00, 23496.00) 0(6741.00, 6741.00)
route 80, node_num 7, cost 1812.804000, nodes: 0(120000.00, 120000.00) 429 149 197 80 1062(35099.00, 44585.00) 0(0.00, 0.00)
route 81, node_num 10, cost 1621.592000, nodes: 0(120000.00, 120000.00) 430 732 504 491 573 1175(58448.00, 58448.00) 48 1015(46260.00, 46260.00) 0(4172.00, 4172.00)
route 82, node_num 8, cost 1537.312000, nodes: 0(120000.00, 120000.00) 930(107271.00, 107271.00) 168 497 298 400 86 0(10192.00, 10192.00)
route 83, node_num 7, cost 1201.704000, nodes: 0(120000.00, 120000.00) 450 568 341 730 724 0(34164.00, 34164.00)
route 84, node_num 6, cost 1124.830000, nodes: 0(120000.00, 120000.00) 464 385 638 360 0(39655.00, 39655.00)
route 85, node_num 8, cost 1700.776000, nodes: 0(120000.00, 120000.00) 468 567 263 349 645 1033(8271.00, 9755.00) 0(0.00, 0.00)
route 86, node_num 7, cost 1471.400000, nodes: 0(120000.00, 120000.00) 471 204 305 259 996(44976.00, 44976.00) 0(14900.00, 14900.00)
route 87, node_num 6, cost 1676.234000, nodes: 0(120000.00, 120000.00) 801(89828.00, 89828.00) 386 85 134 0(269.00, 269.00)
route 88, node_num 6, cost 1275.960000, nodes: 0(120000.00, 120000.00) 487 559 648 354 0(28860.00, 28860.00)
route 89, node_num 9, cost 1721.608000, nodes: 0(120000.00, 120000.00) 493 1074(83291.00, 83291.00) 527 764 703 562 1019(21778.00, 24750.00) 0(0.00, 0.00)
route 90, node_num 7, cost 1691.354000, nodes: 0(120000.00, 120000.00) 494 442 546 308 814(43939.00, 44750.00) 0(0.00, 0.00)
route 91, node_num 3, cost 261.772000, nodes: 0(120000.00, 120000.00) 133 0(101302.00, 101302.00)
route 92, node_num 4, cost 1106.770000, nodes: 0(120000.00, 120000.00) 498 767 0(40945.00, 40945.00)
route 93, node_num 6, cost 1335.166000, nodes: 0(120000.00, 120000.00) 499 581 787 596 0(24631.00, 24631.00)
route 94, node_num 8, cost 1779.876000, nodes: 0(120000.00, 120000.00) 502 176 543 846(45783.00, 45783.00) 421 913(2602.00, 9736.00) 0(0.00, 0.00)
route 95, node_num 7, cost 1874.026000, nodes: 0(120000.00, 120000.00) 506 90 519 791 852(24561.00, 38420.00) 0(0.00, 0.00)
route 96, node_num 6, cost 1070.510000, nodes: 0(120000.00, 120000.00) 508 2 47 448 0(43535.00, 43535.00)
route 97, node_num 6, cost 1692.922000, nodes: 0(120000.00, 120000.00) 1122(72140.00, 73063.00) 513 437 558 0(0.00, 0.00)
route 98, node_num 6, cost 577.010000, nodes: 0(120000.00, 120000.00) 675 751 445 14 0(78785.00, 78785.00)
route 99, node_num 6, cost 1097.012000, nodes: 0(120000.00, 120000.00) 521 213 147 488 0(41642.00, 41642.00)
route 100, node_num 7, cost 1563.548000, nodes: 0(120000.00, 120000.00) 540 23 467 786 40 0(8318.00, 8318.00)
route 101, node_num 7, cost 1552.810000, nodes: 0(120000.00, 120000.00) 542 446 740 250 161 0(9085.00, 9085.00)
route 102, node_num 8, cost 1639.344000, nodes: 0(120000.00, 120000.00) 545 574 485 54 106 914(47654.00, 47654.00) 0(2904.00, 2904.00)
route 103, node_num 8, cost 1941.310000, nodes: 0(120000.00, 120000.00) 547 1174(83230.00, 101895.00) 456 330 507 454 0(0.00, 0.00)
route 104, node_num 8, cost 1766.156000, nodes: 0(120000.00, 120000.00) 548 1183(90543.00, 96697.00) 535 607 723 776 0(0.00, 0.00)
route 105, node_num 6, cost 1185.618000, nodes: 0(120000.00, 120000.00) 631 165 372 530 0(35313.00, 35313.00)
route 106, node_num 6, cost 1638.476000, nodes: 0(120000.00, 120000.00) 554 251 357 70 0(2966.00, 2966.00)
route 107, node_num 6, cost 390.866000, nodes: 0(120000.00, 120000.00) 569 212 381 458 0(92081.00, 92081.00)
route 108, node_num 6, cost 783.188000, nodes: 0(120000.00, 120000.00) 570 403 566 737 0(64058.00, 64058.00)
route 109, node_num 4, cost 987.196000, nodes: 0(120000.00, 120000.00) 616 512 0(49486.00, 49486.00)
route 110, node_num 7, cost 1058.540000, nodes: 0(120000.00, 120000.00) 579 639 757 800 7 0(44390.00, 44390.00)
route 111, node_num 6, cost 1092.896000, nodes: 0(120000.00, 120000.00) 585 595 413 124 0(41936.00, 41936.00)
route 112, node_num 8, cost 1250.830000, nodes: 0(120000.00, 120000.00) 587 206 314 295 207 748 0(30655.00, 30655.00)
route 113, node_num 8, cost 1830.192000, nodes: 0(120000.00, 120000.00) 591 878(48629.00, 48629.00) 745 370 323 855(6027.00, 16755.00) 0(0.00, 0.00)
route 114, node_num 7, cost 1555.372000, nodes: 0(120000.00, 120000.00) 602 287 412 492 1079(20729.00, 20729.00) 0(8902.00, 8902.00)
route 115, node_num 7, cost 1618.806000, nodes: 0(120000.00, 120000.00) 604 56 522 649 864(24554.00, 24554.00) 0(4371.00, 4371.00)
route 116, node_num 5, cost 1435.182000, nodes: 0(120000.00, 120000.00) 605 681 647 0(17487.00, 17487.00)
route 117, node_num 6, cost 1417.850000, nodes: 0(120000.00, 120000.00) 617 179 793 514 0(18725.00, 18725.00)
route 118, node_num 8, cost 1683.164000, nodes: 0(120000.00, 120000.00) 618 952(75370.00, 120000.00) 772 620 75 248 0(44404.00, 44404.00)
route 119, node_num 10, cost 1414.070000, nodes: 0(120000.00, 120000.00) 621 505 256 28 975(75032.00, 75032.00) 59 104 875(57845.00, 57845.00) 0(18995.00, 18995.00)
route 120, node_num 7, cost 1694.098000, nodes: 0(120000.00, 120000.00) 623 145 150 144 960(21712.00, 22719.00) 0(0.00, 0.00)
route 121, node_num 4, cost 1127.392000, nodes: 0(120000.00, 120000.00) 626 773 0(39472.00, 39472.00)
route 122, node_num 6, cost 1702.316000, nodes: 0(120000.00, 120000.00) 627 51 701 1064(18589.00, 20183.00) 0(0.00, 0.00)
route 123, node_num 8, cost 1802.654000, nodes: 0(120000.00, 120000.00) 549 640 452 525 316 805(45143.00, 53904.00) 0(0.00, 0.00)
route 124, node_num 3, cost 56.952000, nodes: 0(120000.00, 120000.00) 509 0(115932.00, 115932.00)
route 125, node_num 7, cost 1361.052000, nodes: 0(120000.00, 120000.00) 650 637 74 739 184 0(22782.00, 22782.00)
route 126, node_num 8, cost 1146.278000, nodes: 0(120000.00, 120000.00) 651 57 684 455 203 391 0(38123.00, 38123.00)
route 127, node_num 7, cost 1591.912000, nodes: 0(120000.00, 120000.00) 1086(112711.00, 120000.00) 652 49 60 159 0(13581.00, 13581.00)
route 128, node_num 5, cost 1355.354000, nodes: 0(120000.00, 120000.00) 655 31 27 0(23189.00, 23189.00)
route 129, node_num 3, cost 549.150000, nodes: 0(120000.00, 120000.00) 656 0(80775.00, 80775.00)
route 130, node_num 4, cost 712.068000, nodes: 0(120000.00, 120000.00) 657 459 0(69138.00, 69138.00)
route 131, node_num 6, cost 938.238000, nodes: 0(120000.00, 120000.00) 658 719 196 217 0(52983.00, 52983.00)
route 132, node_num 8, cost 1962.982000, nodes: 0(120000.00, 120000.00) 660 202 704 582 584 890(15888.00, 36101.00) 0(0.00, 0.00)
route 133, node_num 7, cost 1218.182000, nodes: 0(120000.00, 120000.00) 662 603 178 53 39 0(32987.00, 32987.00)
route 134, node_num 5, cost 1286.418000, nodes: 0(120000.00, 120000.00) 663 731 529 0(28113.00, 28113.00)
route 135, node_num 7, cost 1488.858000, nodes: 0(120000.00, 120000.00) 664 24 447 635 35 0(13653.00, 13653.00)
route 136, node_num 5, cost 539.966000, nodes: 0(120000.00, 120000.00) 670 138 201 0(81431.00, 81431.00)
route 137, node_num 6, cost 1504.930000, nodes: 0(120000.00, 120000.00) 674 777 255 267 0(12505.00, 12505.00)
route 138, node_num 7, cost 1440.474000, nodes: 0(120000.00, 120000.00) 518 538 721 270 297 0(17109.00, 17109.00)
route 139, node_num 6, cost 1615.572000, nodes: 0(120000.00, 120000.00) 676 264 76 717 0(4602.00, 4602.00)
route 140, node_num 7, cost 1806.182000, nodes: 0(120000.00, 120000.00) 680 692 182 432 1009(25864.00, 34877.00) 0(0.00, 0.00)
route 141, node_num 6, cost 1747.256000, nodes: 0(120000.00, 120000.00) 685 474 427 1126(27319.00, 32123.00) 0(0.00, 0.00)
route 142, node_num 4, cost 1466.276000, nodes: 0(120000.00, 120000.00) 687 91 0(15266.00, 15266.00)
route 143, node_num 4, cost 205.268000, nodes: 0(120000.00, 120000.00) 689 741 0(105338.00, 105338.00)
route 144, node_num 6, cost 1678.544000, nodes: 0(120000.00, 120000.00) 695 22 97 679 0(104.00, 104.00)
route 145, node_num 5, cost 1142.246000, nodes: 0(120000.00, 120000.00) 696 25 115 0(38411.00, 38411.00)
route 146, node_num 8, cost 1885.730000, nodes: 0(120000.00, 120000.00) 700 580 533 784 92 990(21406.00, 36101.00) 0(0.00, 0.00)
route 147, node_num 8, cost 1648.906000, nodes: 0(120000.00, 120000.00) 702 422 169 253 265 1133(11976.00, 11976.00) 0(2221.00, 2221.00)
route 148, node_num 6, cost 1875.482000, nodes: 0(120000.00, 120000.00) 705 160 438 1194(11119.00, 25082.00) 0(0.00, 0.00)
route 149, node_num 7, cost 1611.442000, nodes: 0(120000.00, 120000.00) 706 139 552 919(31742.00, 31742.00) 500 0(4897.00, 4897.00)
route 150, node_num 5, cost 1583.764000, nodes: 0(120000.00, 120000.00) 708 409 754 0(6874.00, 6874.00)
route 151, node_num 7, cost 1665.118000, nodes: 0(120000.00, 120000.00) 718 553 304 9 1091(8104.00, 8104.00) 0(1063.00, 1063.00)
route 152, node_num 5, cost 1669.598000, nodes: 0(120000.00, 120000.00) 725 528 531 0(743.00, 743.00)
route 153, node_num 6, cost 822.766000, nodes: 0(120000.00, 120000.00) 733 453 234 65 0(61231.00, 61231.00)
route 154, node_num 5, cost 1357.258000, nodes: 0(120000.00, 120000.00) 734 539 434 0(23053.00, 23053.00)
route 155, node_num 7, cost 1789.760000, nodes: 0(120000.00, 120000.00) 749 185 619 466 1018(43995.00, 51835.00) 0(0.00, 0.00)
route 156, node_num 4, cost 1496.180000, nodes: 0(120000.00, 120000.00) 752 96 0(13130.00, 13130.00)
route 157, node_num 6, cost 1570.534000, nodes: 0(120000.00, 120000.00) 756 260 242 1160(30538.00, 30538.00) 0(7819.00, 7819.00)
route 158, node_num 7, cost 1905.302000, nodes: 0(120000.00, 120000.00) 759 328 1134(65180.00, 81273.00) 118 356 0(0.00, 0.00)
route 159, node_num 5, cost 1527.428000, nodes: 0(120000.00, 120000.00) 760 69 592 0(10898.00, 10898.00)
route 160, node_num 6, cost 1498.266000, nodes: 0(120000.00, 120000.00) 761 146 34 258 0(12981.00, 12981.00)
route 161, node_num 6, cost 1521.716000, nodes: 0(120000.00, 120000.00) 762 12 222 387 0(11306.00, 11306.00)
route 162, node_num 5, cost 754.376000, nodes: 0(120000.00, 120000.00) 766 175 135 0(66116.00, 66116.00)
route 163, node_num 6, cost 1658.454000, nodes: 0(120000.00, 120000.00) 785 243 779 771 0(1539.00, 1539.00)
route 164, node_num 6, cost 2031.512000, nodes: 0(120000.00, 120000.00) 790 285 198 1162(19477.00, 44585.00) 0(0.00, 0.00)
route 165, node_num 5, cost 1479.394000, nodes: 0(120000.00, 120000.00) 795 318 743 0(14329.00, 14329.00)
route 166, node_num 7, cost 1558.760000, nodes: 0(120000.00, 120000.00) 930(107271.00, 107271.00) 796 95 72 173 0(8660.00, 8660.00)
route 167, node_num 6, cost 1163.792000, nodes: 0(120000.00, 120000.00) 797 515 711 156 0(36872.00, 36872.00)
route 168, node_num 7, cost 1431.374000, nodes: 0(120000.00, 120000.00) 798 268 782 288 744 0(17759.00, 17759.00)
route 169, node_num 10, cost 1521.072000, nodes: 0(120000.00, 120000.00) 804(114583.00, 120000.00) 532 423 472 482 571 194 892(63068.00, 63068.00) 0(16769.00, 16769.00)
route 170, node_num 7, cost 1604.022000, nodes: 0(120000.00, 120000.00) 812(114641.00, 114641.00) 720 366 50 589 0(5427.00, 5427.00)
route 171, node_num 7, cost 1927.324000, nodes: 0(120000.00, 120000.00) 825(97482.00, 115148.00) 11 393 742 712 0(0.00, 0.00)
route 172, node_num 8, cost 1810.354000, nodes: 0(120000.00, 120000.00) 829(89163.00, 105163.00) 599 365 238 457 122 0(6689.00, 6689.00)
route 173, node_num 4, cost 1437.310000, nodes: 0(120000.00, 120000.00) 126 669 0(17335.00, 17335.00)
route 174, node_num 8, cost 1835.778000, nodes: 0(120000.00, 120000.00) 833(110242.00, 114242.00) 401 788 984(51281.00, 58408.00) 686 94 0(0.00, 0.00)
route 175, node_num 6, cost 1794.828000, nodes: 0(120000.00, 120000.00) 834(71318.00, 79520.00) 125 231 380 0(0.00, 0.00)
route 176, node_num 9, cost 1901.186000, nodes: 0(120000.00, 120000.00) 835(84119.00, 84119.00) 709 622 440 377 252 1043(718.00, 16517.00) 0(0.00, 0.00)
route 177, node_num 10, cost 2134.076000, nodes: 0(120000.00, 120000.00) 873(97835.00, 97835.00) 536 162 1181(39147.00, 43086.00) 5 411 1124(0.00, 14208.00) 969(0.00, 14287.00) 0(0.00, 0.00)
route 178, node_num 7, cost 1803.998000, nodes: 0(120000.00, 120000.00) 874(83303.00, 92160.00) 520 770 26 336 0(0.00, 0.00)
route 179, node_num 6, cost 1572.144000, nodes: 0(120000.00, 120000.00) 560 643 476 278 0(7704.00, 7704.00)
route 180, node_num 8, cost 1720.460000, nodes: 0(120000.00, 120000.00) 904(114583.00, 114583.00) 678 735 382 77 813(6846.00, 9736.00) 0(0.00, 0.00)
route 181, node_num 8, cost 1951.320000, nodes: 0(120000.00, 120000.00) 912(114641.00, 114641.00) 683 832(80800.00, 100180.00) 780 337 483 0(0.00, 0.00)
route 182, node_num 7, cost 1632.848000, nodes: 0(120000.00, 120000.00) 932(86549.00, 86549.00) 561 480 320 642 0(3368.00, 3368.00)
route 183, node_num 8, cost 1716.022000, nodes: 0(120000.00, 120000.00) 935(84119.00, 84119.00) 157 727 84 803(44401.00, 46974.00) 71 0(0.00, 0.00)
route 184, node_num 5, cost 1456.672000, nodes: 0(120000.00, 120000.00) 44 129 55 0(15952.00, 15952.00)
route 185, node_num 9, cost 1805.300000, nodes: 0(120000.00, 120000.00) 1004(114583.00, 114825.00) 577 367 266 524 461 972(0.00, 8708.00) 0(0.00, 0.00)
route 186, node_num 6, cost 1749.314000, nodes: 0(120000.00, 120000.00) 1012(114641.00, 119592.00) 371 99 395 0(0.00, 0.00)
route 187, node_num 8, cost 1543.416000, nodes: 0(120000.00, 120000.00) 1025(97482.00, 97482.00) 404 419 98 374 363 0(9756.00, 9756.00)
route 188, node_num 7, cost 2003.414000, nodes: 0(120000.00, 120000.00) 1026(87936.00, 120000.00) 490 329 646 52 0(8963.00, 8963.00)
route 189, node_num 8, cost 1292.060000, nodes: 0(120000.00, 120000.00) 1028(112837.00, 120000.00) 137 593 227 572 575 0(34873.00, 34873.00)
route 190, node_num 9, cost 1764.938000, nodes: 0(120000.00, 120000.00) 1030(107271.00, 120000.00) 550 292 613 608 275 1113(16398.00, 16398.00) 0(6662.00, 6662.00)
route 191, node_num 6, cost 1895.628000, nodes: 0(120000.00, 120000.00) 1032(86549.00, 101951.00) 716 384 271 0(0.00, 0.00)
route 192, node_num 9, cost 1920.520000, nodes: 0(120000.00, 120000.00) 1035(84119.00, 116119.00) 180 235 114 576 244 794 0(14820.00, 14820.00)
route 193, node_num 7, cost 1409.492000, nodes: 0(120000.00, 120000.00) 1036(104529.00, 120000.00) 93 240 73 1093(62418.00, 62418.00) 0(34793.00, 34793.00)
route 194, node_num 8, cost 1785.770000, nodes: 0(120000.00, 120000.00) 1075(81210.00, 109210.00) 449 325 792 612 63 0(20445.00, 20445.00)
route 195, node_num 8, cost 1898.512000, nodes: 0(120000.00, 120000.00) 1097(109074.00, 109074.00) 340 707 601 158 1052(22812.00, 38420.00) 0(0.00, 0.00)
route 196, node_num 4, cost 1121.022000, nodes: 0(120000.00, 120000.00) 726 192 0(39927.00, 39927.00)
route 197, node_num 7, cost 1630.510000, nodes: 0(120000.00, 120000.00) 1112(114641.00, 120000.00) 64 586 199 633 0(8894.00, 8894.00)
route 198, node_num 8, cost 1721.678000, nodes: 0(120000.00, 120000.00) 1125(97482.00, 100459.00) 537 163 407 397 693 0(0.00, 0.00)
route 199, node_num 7, cost 1631.924000, nodes: 0(120000.00, 120000.00) 1130(107271.00, 107271.00) 614 15 214 42 0(3434.00, 3434.00)
route 200, node_num 8, cost 1835.456000, nodes: 0(120000.00, 120000.00) 1131(83199.00, 83199.00) 775 673 957(44215.00, 55319.00) 668 750 0(0.00, 0.00)
route 201, node_num 5, cost 1144.038000, nodes: 0(120000.00, 120000.00) 102 534 479 0(38283.00, 38283.00)
route 202, node_num 7, cost 1612.744000, nodes: 0(120000.00, 120000.00) 1135(84119.00, 84119.00) 610 433 172 331 0(4804.00, 4804.00)
route 203, node_num 8, cost 1706.236000, nodes: 0(120000.00, 120000.00) 1172(109258.00, 120000.00) 516 350 151 774 690 0(8868.00, 8868.00)
route 204, node_num 7, cost 1808.338000, nodes: 0(120000.00, 120000.00) 1173(97835.00, 107002.00) 1 425 765 408 0(0.00, 0.00)
vehicle (route) number: 205
Total cost: 355988.15
355988.15, 12719.97
