Details of the solution:
route 0, node_num 7, cost 2159.122000, nodes: 0(120000.00, 120000.00) 496 601 32 378 951(24920.00, 59143.00) 0(0.00, 0.00)
route 1, node_num 7, cost 1395.366000, nodes: 0(120000.00, 120000.00) 7 715 690 448 487 0(20331.00, 20331.00)
route 2, node_num 7, cost 1503.628000, nodes: 0(120000.00, 120000.00) 8 199 549 283 898(30441.00, 30441.00) 0(12598.00, 12598.00)
route 3, node_num 6, cost 1516.424000, nodes: 0(120000.00, 120000.00) 16 258 243 530 0(11684.00, 11684.00)
route 4, node_num 8, cost 1981.770000, nodes: 0(120000.00, 120000.00) 21 103 87 157 677 1081(15694.00, 37249.00) 0(0.00, 0.00)
route 5, node_num 5, cost 153.440000, nodes: 0(120000.00, 120000.00) 24 111 277 0(109040.00, 109040.00)
route 6, node_num 7, cost 1854.594000, nodes: 0(120000.00, 120000.00) 26 1052(51023.00, 63494.00) 717 129 10 0(0.00, 0.00)
route 7, node_num 6, cost 1516.326000, nodes: 0(120000.00, 120000.00) 27 427 43 1128(44695.00, 44695.00) 0(11691.00, 11691.00)
route 8, node_num 6, cost 1611.820000, nodes: 0(120000.00, 120000.00) 31 447 92 118 0(4870.00, 4870.00)
route 9, node_num 9, cost 2022.202000, nodes: 0(120000.00, 120000.00) 38 992(96402.00, 96402.00) 368 79 491 679 928(8561.00, 33004.00) 0(0.00, 0.00)
route 10, node_num 6, cost 1214.682000, nodes: 0(120000.00, 120000.00) 52 344 184 798 0(33237.00, 33237.00)
route 11, node_num 6, cost 1211.714000, nodes: 0(120000.00, 120000.00) 55 658 509 399 0(33449.00, 33449.00)
route 12, node_num 5, cost 1641.052000, nodes: 0(120000.00, 120000.00) 56 686 274 0(2782.00, 2782.00)
route 13, node_num 4, cost 269.542000, nodes: 0(120000.00, 120000.00) 57 201 0(100747.00, 100747.00)
route 14, node_num 5, cost 1031.968000, nodes: 0(120000.00, 120000.00) 64 438 95 0(46288.00, 46288.00)
route 15, node_num 5, cost 1563.604000, nodes: 0(120000.00, 120000.00) 68 141 489 0(8314.00, 8314.00)
route 16, node_num 6, cost 1580.096000, nodes: 0(120000.00, 120000.00) 80 476 214 34 0(7136.00, 7136.00)
route 17, node_num 5, cost 1219.386000, nodes: 0(120000.00, 120000.00) 86 351 110 0(32901.00, 32901.00)
route 18, node_num 6, cost 1651.930000, nodes: 0(120000.00, 120000.00) 89 132 106 771 0(2005.00, 2005.00)
route 19, node_num 7, cost 1706.852000, nodes: 0(120000.00, 120000.00) 90 235 531 529 1103(7197.00, 9115.00) 0(0.00, 0.00)
route 20, node_num 7, cost 1667.064000, nodes: 0(120000.00, 120000.00) 93 318 586 170 456 0(924.00, 924.00)
route 21, node_num 7, cost 1795.976000, nodes: 0(120000.00, 120000.00) 100 768 315 209 947(40914.00, 49198.00) 0(0.00, 0.00)
route 22, node_num 6, cost 1259.622000, nodes: 0(120000.00, 120000.00) 102 69 761 525 0(30027.00, 30027.00)
route 23, node_num 6, cost 724.430000, nodes: 0(120000.00, 120000.00) 119 187 37 140 0(68255.00, 68255.00)
route 24, node_num 5, cost 841.400000, nodes: 0(120000.00, 120000.00) 123 196 297 0(59900.00, 59900.00)
route 25, node_num 7, cost 1417.486000, nodes: 0(120000.00, 120000.00) 126 84 185 179 721 0(18751.00, 18751.00)
route 26, node_num 7, cost 1252.146000, nodes: 0(120000.00, 120000.00) 131 767 490 628 385 0(30561.00, 30561.00)
route 27, node_num 6, cost 610.540000, nodes: 0(120000.00, 120000.00) 133 640 568 464 0(76390.00, 76390.00)
route 28, node_num 6, cost 1104.152000, nodes: 0(120000.00, 120000.00) 135 453 712 773 0(41132.00, 41132.00)
route 29, node_num 7, cost 1336.370000, nodes: 0(120000.00, 120000.00) 137 653 63 115 42 0(24545.00, 24545.00)
route 30, node_num 7, cost 1543.556000, nodes: 0(120000.00, 120000.00) 139 492 96 182 107 0(9746.00, 9746.00)
route 31, node_num 6, cost 1507.898000, nodes: 0(120000.00, 120000.00) 147 17 795 72 0(12293.00, 12293.00)
route 32, node_num 5, cost 1478.596000, nodes: 0(120000.00, 120000.00) 150 285 165 0(14386.00, 14386.00)
route 33, node_num 6, cost 908.978000, nodes: 0(120000.00, 120000.00) 154 498 336 310 0(55073.00, 55073.00)
route 34, node_num 5, cost 1522.696000, nodes: 0(120000.00, 120000.00) 158 194 964(30570.00, 30570.00) 0(11236.00, 11236.00)
route 35, node_num 7, cost 1940.568000, nodes: 0(120000.00, 120000.00) 160 200 764 589 881(18637.00, 37249.00) 0(0.00, 0.00)
route 36, node_num 6, cost 1449.742000, nodes: 0(120000.00, 120000.00) 166 580 353 380 0(16447.00, 16447.00)
route 37, node_num 7, cost 1399.468000, nodes: 0(120000.00, 120000.00) 171 560 402 365 624 0(20038.00, 20038.00)
route 38, node_num 7, cost 2071.230000, nodes: 0(120000.00, 120000.00) 173 443 1173(51188.00, 79133.00) 413 152 0(0.00, 0.00)
route 39, node_num 7, cost 886.214000, nodes: 0(120000.00, 120000.00) 174 796 156 707 227 0(56699.00, 56699.00)
route 40, node_num 8, cost 1689.240000, nodes: 0(120000.00, 120000.00) 175 2 528 125 83 961(3826.00, 4486.00) 0(0.00, 0.00)
route 41, node_num 7, cost 1650.264000, nodes: 0(120000.00, 120000.00) 178 422 790 360 493 0(2124.00, 2124.00)
route 42, node_num 6, cost 1613.444000, nodes: 0(120000.00, 120000.00) 183 785 649 275 0(4754.00, 4754.00)
route 43, node_num 4, cost 979.286000, nodes: 0(120000.00, 120000.00) 190 388 0(50051.00, 50051.00)
route 44, node_num 5, cost 1580.558000, nodes: 0(120000.00, 120000.00) 193 252 650 0(7103.00, 7103.00)
route 45, node_num 7, cost 1684.634000, nodes: 0(120000.00, 120000.00) 198 720 379 278 1115(31210.00, 31541.00) 0(0.00, 0.00)
route 46, node_num 6, cost 1618.764000, nodes: 0(120000.00, 120000.00) 204 340 88 354 0(4374.00, 4374.00)
route 47, node_num 6, cost 1349.194000, nodes: 0(120000.00, 120000.00) 213 642 548 718 0(23629.00, 23629.00)
route 48, node_num 7, cost 1716.974000, nodes: 0(120000.00, 120000.00) 217 120 747 984(37608.00, 40249.00) 714 0(0.00, 0.00)
route 49, node_num 7, cost 1201.774000, nodes: 0(120000.00, 120000.00) 218 563 685 724 390 0(34159.00, 34159.00)
route 50, node_num 7, cost 1616.384000, nodes: 0(120000.00, 120000.00) 220 554 722 436 224 0(4544.00, 4544.00)
route 51, node_num 5, cost 809.340000, nodes: 0(120000.00, 120000.00) 221 271 53 0(62190.00, 62190.00)
route 52, node_num 7, cost 1760.290000, nodes: 0(120000.00, 120000.00) 222 606 600 197 1011(41809.00, 47544.00) 0(0.00, 0.00)
route 53, node_num 5, cost 1656.550000, nodes: 0(120000.00, 120000.00) 223 45 861(6161.00, 6161.00) 0(1675.00, 1675.00)
route 54, node_num 6, cost 1660.890000, nodes: 0(120000.00, 120000.00) 228 514 630 693 0(1365.00, 1365.00)
route 55, node_num 4, cost 1409.156000, nodes: 0(120000.00, 120000.00) 231 623 0(19346.00, 19346.00)
route 56, node_num 7, cost 1479.674000, nodes: 0(120000.00, 120000.00) 232 334 406 486 192 0(14309.00, 14309.00)
route 57, node_num 5, cost 1592.206000, nodes: 0(120000.00, 120000.00) 239 240 643 0(6271.00, 6271.00)
route 58, node_num 6, cost 1593.466000, nodes: 0(120000.00, 120000.00) 246 664 39 251 0(6181.00, 6181.00)
route 59, node_num 6, cost 1073.170000, nodes: 0(120000.00, 120000.00) 247 116 35 97 0(43345.00, 43345.00)
route 60, node_num 5, cost 718.578000, nodes: 0(120000.00, 120000.00) 255 786 189 0(68673.00, 68673.00)
route 61, node_num 7, cost 1544.284000, nodes: 0(120000.00, 120000.00) 627 259 226 506 661 0(9694.00, 9694.00)
route 62, node_num 8, cost 711.886000, nodes: 0(120000.00, 120000.00) 261 290 249 124 312 783 0(69151.00, 69151.00)
route 63, node_num 6, cost 1069.544000, nodes: 0(120000.00, 120000.00) 267 495 241 306 0(43604.00, 43604.00)
route 64, node_num 5, cost 1068.760000, nodes: 0(120000.00, 120000.00) 268 591 191 0(43660.00, 43660.00)
route 65, node_num 6, cost 1647.730000, nodes: 0(120000.00, 120000.00) 272 186 279 895(16535.00, 16535.00) 0(2305.00, 2305.00)
route 66, node_num 5, cost 1424.416000, nodes: 0(120000.00, 120000.00) 284 161 237 0(18256.00, 18256.00)
route 67, node_num 7, cost 1571.430000, nodes: 0(120000.00, 120000.00) 289 678 749 660 702 0(7755.00, 7755.00)
route 68, node_num 7, cost 1614.438000, nodes: 0(120000.00, 120000.00) 293 700 750 572 164 0(4683.00, 4683.00)
route 69, node_num 7, cost 1582.140000, nodes: 0(120000.00, 120000.00) 294 358 620 632 404 0(6990.00, 6990.00)
route 70, node_num 7, cost 709.506000, nodes: 0(120000.00, 120000.00) 296 142 311 327 286 0(69321.00, 69321.00)
route 71, node_num 4, cost 974.302000, nodes: 0(120000.00, 120000.00) 299 759 0(50407.00, 50407.00)
route 72, node_num 5, cost 1436.750000, nodes: 0(120000.00, 120000.00) 303 372 262 0(17375.00, 17375.00)
route 73, node_num 6, cost 1583.708000, nodes: 0(120000.00, 120000.00) 308 719 264 639 0(6878.00, 6878.00)
route 74, node_num 7, cost 1481.088000, nodes: 0(120000.00, 120000.00) 322 78 570 723 839(63781.00, 63781.00) 0(14208.00, 14208.00)
route 75, node_num 8, cost 781.284000, nodes: 0(120000.00, 120000.00) 326 778 314 324 342 61 0(64194.00, 64194.00)
route 76, node_num 8, cost 1834.294000, nodes: 0(120000.00, 120000.00) 328 776 181 128 656 1111(36523.00, 47544.00) 0(0.00, 0.00)
route 77, node_num 6, cost 1355.004000, nodes: 0(120000.00, 120000.00) 331 567 641 540 0(23214.00, 23214.00)
route 78, node_num 7, cost 1662.038000, nodes: 0(120000.00, 120000.00) 332 250 474 688 848(34377.00, 34377.00) 0(1283.00, 1283.00)
route 79, node_num 6, cost 832.020000, nodes: 0(120000.00, 120000.00) 333 581 384 602 0(60570.00, 60570.00)
route 80, node_num 6, cost 1618.736000, nodes: 0(120000.00, 120000.00) 335 738 202 260 0(4376.00, 4376.00)
route 81, node_num 7, cost 1801.996000, nodes: 0(120000.00, 120000.00) 339 517 500 611 1198(9129.00, 17843.00) 0(0.00, 0.00)
route 82, node_num 5, cost 452.690000, nodes: 0(120000.00, 120000.00) 341 502 469 0(87665.00, 87665.00)
route 83, node_num 6, cost 1614.298000, nodes: 0(120000.00, 120000.00) 348 99 610 401 0(4693.00, 4693.00)
route 84, node_num 8, cost 1771.854000, nodes: 0(120000.00, 120000.00) 1124(78004.00, 102004.00) 669 350 59 48 325 0(17439.00, 17439.00)
route 85, node_num 7, cost 1475.978000, nodes: 0(120000.00, 120000.00) 352 481 287 122 608 0(14573.00, 14573.00)
route 86, node_num 6, cost 1714.272000, nodes: 0(120000.00, 120000.00) 356 316 730 815(29093.00, 31541.00) 0(0.00, 0.00)
route 87, node_num 7, cost 458.374000, nodes: 0(120000.00, 120000.00) 357 458 212 70 634 0(87259.00, 87259.00)
route 88, node_num 7, cost 1647.142000, nodes: 0(120000.00, 120000.00) 362 468 433 244 1123(6861.00, 6861.00) 0(2347.00, 2347.00)
route 89, node_num 6, cost 1366.722000, nodes: 0(120000.00, 120000.00) 367 605 9 416 0(22377.00, 22377.00)
route 90, node_num 5, cost 1664.404000, nodes: 0(120000.00, 120000.00) 377 777 396 0(1114.00, 1114.00)
route 91, node_num 7, cost 1192.072000, nodes: 0(120000.00, 120000.00) 382 657 397 597 77 0(34852.00, 34852.00)
route 92, node_num 5, cost 1228.094000, nodes: 0(120000.00, 120000.00) 386 304 94 0(32279.00, 32279.00)
route 93, node_num 6, cost 1313.116000, nodes: 0(120000.00, 120000.00) 391 522 58 405 0(26206.00, 26206.00)
route 94, node_num 5, cost 1587.768000, nodes: 0(120000.00, 120000.00) 393 510 440 0(6588.00, 6588.00)
route 95, node_num 4, cost 1507.086000, nodes: 0(120000.00, 120000.00) 395 579 0(12351.00, 12351.00)
route 96, node_num 4, cost 1375.976000, nodes: 0(120000.00, 120000.00) 400 505 0(21716.00, 21716.00)
route 97, node_num 4, cost 729.736000, nodes: 0(120000.00, 120000.00) 403 136 0(67876.00, 67876.00)
route 98, node_num 8, cost 1811.586000, nodes: 0(120000.00, 120000.00) 409 145 33 281 176 856(13979.00, 23378.00) 0(0.00, 0.00)
route 99, node_num 5, cost 1497.636000, nodes: 0(120000.00, 120000.00) 411 168 725 0(13026.00, 13026.00)
route 100, node_num 6, cost 1232.308000, nodes: 0(120000.00, 120000.00) 415 646 203 577 0(31978.00, 31978.00)
route 101, node_num 5, cost 1624.042000, nodes: 0(120000.00, 120000.00) 421 625 527 0(3997.00, 3997.00)
route 102, node_num 4, cost 1422.470000, nodes: 0(120000.00, 120000.00) 424 309 0(18395.00, 18395.00)
route 103, node_num 5, cost 1434.244000, nodes: 0(120000.00, 120000.00) 432 373 363 0(17554.00, 17554.00)
route 104, node_num 7, cost 1839.936000, nodes: 0(120000.00, 120000.00) 446 737 574 127 1156(11954.00, 23378.00) 0(0.00, 0.00)
route 105, node_num 5, cost 153.706000, nodes: 0(120000.00, 120000.00) 450 347 455 0(109021.00, 109021.00)
route 106, node_num 6, cost 1277.920000, nodes: 0(120000.00, 120000.00) 454 419 359 733 0(28720.00, 28720.00)
route 107, node_num 6, cost 1199.996000, nodes: 0(120000.00, 120000.00) 465 121 459 130 0(34286.00, 34286.00)
route 108, node_num 7, cost 1311.338000, nodes: 0(120000.00, 120000.00) 472 423 18 763 508 0(26333.00, 26333.00)
route 109, node_num 7, cost 1047.354000, nodes: 0(120000.00, 120000.00) 473 618 636 734 417 0(45189.00, 45189.00)
route 110, node_num 7, cost 1756.636000, nodes: 0(120000.00, 120000.00) 475 791 215 652 811(42070.00, 47544.00) 0(0.00, 0.00)
route 111, node_num 6, cost 1696.114000, nodes: 0(120000.00, 120000.00) 478 533 518 864(18183.00, 19334.00) 0(0.00, 0.00)
route 112, node_num 6, cost 1670.816000, nodes: 0(120000.00, 120000.00) 480 371 376 457 0(656.00, 656.00)
route 113, node_num 8, cost 1743.588000, nodes: 0(120000.00, 120000.00) 482 651 153 674 36 1026(13135.00, 17677.00) 0(0.00, 0.00)
route 114, node_num 6, cost 1744.358000, nodes: 0(120000.00, 120000.00) 485 66 407 1056(18781.00, 23378.00) 0(0.00, 0.00)
route 115, node_num 7, cost 1090.390000, nodes: 0(120000.00, 120000.00) 497 689 711 269 113 0(42115.00, 42115.00)
route 116, node_num 6, cost 1608.894000, nodes: 0(120000.00, 120000.00) 511 408 751 607 0(5079.00, 5079.00)
route 117, node_num 6, cost 1583.946000, nodes: 0(120000.00, 120000.00) 513 629 523 1181(44110.00, 44110.00) 0(6861.00, 6861.00)
route 118, node_num 4, cost 1480.836000, nodes: 0(120000.00, 120000.00) 694 337 0(14226.00, 14226.00)
route 119, node_num 6, cost 1554.532000, nodes: 0(120000.00, 120000.00) 524 366 51 857(11319.00, 11319.00) 0(8962.00, 8962.00)
route 120, node_num 5, cost 988.526000, nodes: 0(120000.00, 120000.00) 532 736 345 0(49391.00, 49391.00)
route 121, node_num 7, cost 1715.266000, nodes: 0(120000.00, 120000.00) 536 617 748 787 981(34730.00, 37249.00) 0(0.00, 0.00)
route 122, node_num 5, cost 1043.462000, nodes: 0(120000.00, 120000.00) 538 22 573 0(45467.00, 45467.00)
route 123, node_num 5, cost 1067.626000, nodes: 0(120000.00, 120000.00) 539 288 108 0(43741.00, 43741.00)
route 124, node_num 8, cost 1461.908000, nodes: 0(120000.00, 120000.00) 541 534 101 248 766 30 0(15578.00, 15578.00)
route 125, node_num 6, cost 821.870000, nodes: 0(120000.00, 120000.00) 543 471 257 387 0(61295.00, 61295.00)
route 126, node_num 7, cost 1359.820000, nodes: 0(120000.00, 120000.00) 544 703 537 20 159 0(22870.00, 22870.00)
route 127, node_num 7, cost 1042.706000, nodes: 0(120000.00, 120000.00) 545 266 65 516 770 0(45521.00, 45521.00)
route 128, node_num 5, cost 1608.250000, nodes: 0(120000.00, 120000.00) 546 54 521 0(5125.00, 5125.00)
route 129, node_num 8, cost 1008.994000, nodes: 0(120000.00, 120000.00) 551 789 109 559 705 361 0(47929.00, 47929.00)
route 130, node_num 7, cost 1853.278000, nodes: 0(120000.00, 120000.00) 553 319 698 463 939(37196.00, 49573.00) 0(0.00, 0.00)
route 131, node_num 4, cost 1437.408000, nodes: 0(120000.00, 120000.00) 555 389 0(17328.00, 17328.00)
route 132, node_num 6, cost 843.010000, nodes: 0(120000.00, 120000.00) 558 195 374 117 0(59785.00, 59785.00)
route 133, node_num 6, cost 1235.080000, nodes: 0(120000.00, 120000.00) 565 298 225 253 0(31780.00, 31780.00)
route 134, node_num 6, cost 1533.252000, nodes: 0(120000.00, 120000.00) 571 547 687 550 0(10482.00, 10482.00)
route 135, node_num 7, cost 1460.732000, nodes: 0(120000.00, 120000.00) 998(102863.00, 102863.00) 576 305 323 479 0(15662.00, 15662.00)
route 136, node_num 5, cost 986.174000, nodes: 0(120000.00, 120000.00) 582 441 520 0(49559.00, 49559.00)
route 137, node_num 5, cost 217.742000, nodes: 0(120000.00, 120000.00) 583 398 462 0(104447.00, 104447.00)
route 138, node_num 6, cost 1495.298000, nodes: 0(120000.00, 120000.00) 585 507 104 945(35996.00, 35996.00) 0(13193.00, 13193.00)
route 139, node_num 6, cost 1621.186000, nodes: 0(120000.00, 120000.00) 587 169 98 263 0(4201.00, 4201.00)
route 140, node_num 7, cost 1628.676000, nodes: 0(120000.00, 120000.00) 592 569 420 180 823(8180.00, 8180.00) 0(3666.00, 3666.00)
route 141, node_num 6, cost 1723.736000, nodes: 0(120000.00, 120000.00) 594 292 742 847(46074.00, 49198.00) 0(0.00, 0.00)
route 142, node_num 5, cost 1556.646000, nodes: 0(120000.00, 120000.00) 595 394 781 0(8811.00, 8811.00)
route 143, node_num 5, cost 1472.128000, nodes: 0(120000.00, 120000.00) 596 799 676 0(14848.00, 14848.00)
route 144, node_num 3, cost 94.528000, nodes: 0(120000.00, 120000.00) 603 0(113248.00, 113248.00)
route 145, node_num 6, cost 1178.002000, nodes: 0(120000.00, 120000.00) 604 40 307 631 0(35857.00, 35857.00)
route 146, node_num 6, cost 595.616000, nodes: 0(120000.00, 120000.00) 612 23 784 14 0(77456.00, 77456.00)
route 147, node_num 5, cost 745.864000, nodes: 0(120000.00, 120000.00) 614 301 561 0(66724.00, 66724.00)
route 148, node_num 5, cost 1462.412000, nodes: 0(120000.00, 120000.00) 615 682 519 0(15542.00, 15542.00)
route 149, node_num 7, cost 1927.282000, nodes: 0(120000.00, 120000.00) 619 665 370 622 884(22447.00, 40110.00) 0(0.00, 0.00)
route 150, node_num 9, cost 1873.942000, nodes: 0(120000.00, 120000.00) 621 1145(88278.00, 93016.00) 535 727 148 429 803(0.00, 9115.00) 0(0.00, 0.00)
route 151, node_num 6, cost 1517.194000, nodes: 0(120000.00, 120000.00) 626 461 155 73 0(11629.00, 11629.00)
route 152, node_num 6, cost 1711.948000, nodes: 0(120000.00, 120000.00) 1121(81946.00, 84228.00) 593 144 172 0(0.00, 0.00)
route 153, node_num 6, cost 1225.616000, nodes: 0(120000.00, 120000.00) 633 273 699 320 0(32456.00, 32456.00)
route 154, node_num 6, cost 1598.968000, nodes: 0(120000.00, 120000.00) 635 729 410 663 0(5788.00, 5788.00)
route 155, node_num 6, cost 861.336000, nodes: 0(120000.00, 120000.00) 659 557 270 670 0(58476.00, 58476.00)
route 156, node_num 6, cost 1594.194000, nodes: 0(120000.00, 120000.00) 662 542 242 50 0(6129.00, 6129.00)
route 157, node_num 7, cost 427.098000, nodes: 0(120000.00, 120000.00) 671 381 467 501 138 0(89493.00, 89493.00)
route 158, node_num 7, cost 1270.962000, nodes: 0(120000.00, 120000.00) 672 645 484 219 1064(48551.00, 48551.00) 0(29217.00, 29217.00)
route 159, node_num 6, cost 986.146000, nodes: 0(120000.00, 120000.00) 673 775 499 578 0(49561.00, 49561.00)
route 160, node_num 4, cost 507.640000, nodes: 0(120000.00, 120000.00) 675 295 0(83740.00, 83740.00)
route 161, node_num 5, cost 1620.948000, nodes: 0(120000.00, 120000.00) 681 236 488 0(4218.00, 4218.00)
route 162, node_num 4, cost 1614.788000, nodes: 0(120000.00, 120000.00) 691 696 0(4658.00, 4658.00)
route 163, node_num 6, cost 1251.222000, nodes: 0(120000.00, 120000.00) 692 655 552 434 0(30627.00, 30627.00)
route 164, node_num 6, cost 1603.420000, nodes: 0(120000.00, 120000.00) 515 444 428 994(39447.00, 39447.00) 0(5470.00, 5470.00)
route 165, node_num 7, cost 1156.708000, nodes: 0(120000.00, 120000.00) 708 4 62 105 317 0(37378.00, 37378.00)
route 166, node_num 6, cost 1394.736000, nodes: 0(120000.00, 120000.00) 713 19 11 254 0(20376.00, 20376.00)
route 167, node_num 6, cost 304.822000, nodes: 0(120000.00, 120000.00) 716 338 445 556 0(98227.00, 98227.00)
route 168, node_num 6, cost 1589.546000, nodes: 0(120000.00, 120000.00) 726 753 163 1057(8818.00, 8818.00) 0(6461.00, 6461.00)
route 169, node_num 5, cost 550.270000, nodes: 0(120000.00, 120000.00) 728 451 343 0(80695.00, 80695.00)
route 170, node_num 7, cost 1167.124000, nodes: 0(120000.00, 120000.00) 731 25 74 234 346 0(36634.00, 36634.00)
route 171, node_num 6, cost 1590.022000, nodes: 0(120000.00, 120000.00) 732 302 349 575 0(6427.00, 6427.00)
route 172, node_num 7, cost 1909.866000, nodes: 0(120000.00, 120000.00) 735 997(46565.00, 62984.00) 188 364 265 0(0.00, 0.00)
route 173, node_num 6, cost 869.582000, nodes: 0(120000.00, 120000.00) 739 44 82 300 0(57887.00, 57887.00)
route 174, node_num 5, cost 1025.864000, nodes: 0(120000.00, 120000.00) 740 754 588 0(46724.00, 46724.00)
route 175, node_num 6, cost 1661.702000, nodes: 0(120000.00, 120000.00) 745 329 29 1061(5793.00, 5793.00) 0(1307.00, 1307.00)
route 176, node_num 5, cost 1614.158000, nodes: 0(120000.00, 120000.00) 755 149 1161(9189.00, 9189.00) 0(4703.00, 4703.00)
route 177, node_num 7, cost 1934.478000, nodes: 0(120000.00, 120000.00) 757 418 238 709 851(40966.00, 59143.00) 0(0.00, 0.00)
route 178, node_num 7, cost 507.612000, nodes: 0(120000.00, 120000.00) 760 46 206 758 12 0(83742.00, 83742.00)
route 179, node_num 5, cost 1226.960000, nodes: 0(120000.00, 120000.00) 762 81 205 0(32360.00, 32360.00)
route 180, node_num 5, cost 208.376000, nodes: 0(120000.00, 120000.00) 765 566 216 0(105116.00, 105116.00)
route 181, node_num 4, cost 1028.790000, nodes: 0(120000.00, 120000.00) 769 3 0(46515.00, 46515.00)
route 182, node_num 6, cost 961.758000, nodes: 0(120000.00, 120000.00) 772 598 313 599 0(51303.00, 51303.00)
route 183, node_num 7, cost 1678.530000, nodes: 0(120000.00, 120000.00) 1130(107152.00, 107152.00) 442 648 504 695 0(105.00, 105.00)
route 184, node_num 8, cost 1858.542000, nodes: 0(120000.00, 120000.00) 779 1 143 392 697 995(1477.00, 14230.00) 0(0.00, 0.00)
route 185, node_num 7, cost 1797.180000, nodes: 0(120000.00, 120000.00) 780 383 800 794 1013(41746.00, 50116.00) 0(0.00, 0.00)
route 186, node_num 6, cost 1133.706000, nodes: 0(120000.00, 120000.00) 774 792 282 654 0(39021.00, 39021.00)
route 187, node_num 6, cost 1551.928000, nodes: 0(120000.00, 120000.00) 793 49 60 211 0(9148.00, 9148.00)
route 188, node_num 8, cost 1931.818000, nodes: 0(120000.00, 120000.00) 797 470 584 114 668 1164(1347.00, 19334.00) 0(0.00, 0.00)
route 189, node_num 7, cost 1529.206000, nodes: 0(120000.00, 120000.00) 821(81946.00, 120000.00) 706 167 609 412 0(48825.00, 48825.00)
route 190, node_num 7, cost 1851.486000, nodes: 0(120000.00, 120000.00) 824(78004.00, 120000.00) 746 208 494 562 0(29747.00, 29747.00)
route 191, node_num 6, cost 1589.546000, nodes: 0(120000.00, 120000.00) 146 526 466 369 0(6461.00, 6461.00)
route 192, node_num 7, cost 1852.494000, nodes: 0(120000.00, 120000.00) 41 162 291 613 877(7702.00, 20023.00) 0(0.00, 0.00)
route 193, node_num 7, cost 981.960000, nodes: 0(120000.00, 120000.00) 845(99812.00, 120000.00) 6 430 71 647 0(70048.00, 70048.00)
route 194, node_num 7, cost 1713.796000, nodes: 0(120000.00, 120000.00) 892(100649.00, 116649.00) 564 452 426 503 0(13586.00, 13586.00)
route 195, node_num 7, cost 1715.518000, nodes: 0(120000.00, 120000.00) 903(111689.00, 120000.00) 91 704 439 207 0(5774.00, 5774.00)
route 196, node_num 8, cost 1615.656000, nodes: 0(120000.00, 120000.00) 921(81946.00, 113946.00) 245 437 67 683 752 0(36596.00, 36596.00)
route 197, node_num 7, cost 1697.472000, nodes: 0(120000.00, 120000.00) 923(116496.00, 120000.00) 788 435 638 741 0(2256.00, 2256.00)
route 198, node_num 8, cost 1599.206000, nodes: 0(120000.00, 120000.00) 924(78004.00, 78004.00) 229 15 112 414 47 0(5771.00, 5771.00)
route 199, node_num 7, cost 1833.692000, nodes: 0(120000.00, 120000.00) 930(107152.00, 118130.00) 355 701 233 667 0(0.00, 0.00)
route 200, node_num 7, cost 1675.296000, nodes: 0(120000.00, 120000.00) 85 483 76 151 956(23714.00, 23714.00) 0(336.00, 336.00)
route 201, node_num 6, cost 1843.814000, nodes: 0(120000.00, 120000.00) 999(70721.00, 82422.00) 512 710 75 0(0.00, 0.00)
route 202, node_num 6, cost 1723.022000, nodes: 0(120000.00, 120000.00) 1045(99812.00, 102885.00) 744 684 616 0(0.00, 0.00)
route 203, node_num 8, cost 1795.430000, nodes: 0(120000.00, 120000.00) 1021(81946.00, 113946.00) 230 680 756 477 782 0(23755.00, 23755.00)
route 204, node_num 7, cost 1987.664000, nodes: 0(120000.00, 120000.00) 1024(78004.00, 110004.00) 449 276 13 28 0(10024.00, 10024.00)
route 205, node_num 7, cost 1792.476000, nodes: 0(120000.00, 120000.00) 1030(107152.00, 120000.00) 431 460 743 1190(52132.00, 52132.00) 0(4814.00, 4814.00)
route 206, node_num 4, cost 1515.108000, nodes: 0(120000.00, 120000.00) 330 177 0(11778.00, 11778.00)
route 207, node_num 7, cost 1651.958000, nodes: 0(120000.00, 120000.00) 1098(102863.00, 102863.00) 321 637 666 256 0(2003.00, 2003.00)
route 208, node_num 4, cost 738.696000, nodes: 0(120000.00, 120000.00) 375 590 0(67236.00, 67236.00)
route 209, node_num 8, cost 1779.092000, nodes: 0(120000.00, 120000.00) 1113(70334.00, 70334.00) 644 5 134 425 913(43038.00, 50116.00) 0(0.00, 0.00)
route 210, node_num 5, cost 866.068000, nodes: 0(120000.00, 120000.00) 1117(97837.00, 97837.00) 210 280 0(58138.00, 58138.00)
vehicle (route) number: 211
Total cost: 353319.70
353319.70, 12641.34
