Details of the solution:
route 0, node_num 6, cost 1396.864000, nodes: 0(120000.00, 120000.00) 4 368 758 780 0(20224.00, 20224.00)
route 1, node_num 4, cost 1252.748000, nodes: 0(120000.00, 120000.00) 6 114 0(30518.00, 30518.00)
route 2, node_num 7, cost 1819.636000, nodes: 0(120000.00, 120000.00) 8 759 222 49 1036(23277.00, 33251.00) 0(0.00, 0.00)
route 3, node_num 5, cost 978.502000, nodes: 0(120000.00, 120000.00) 17 394 385 0(50107.00, 50107.00)
route 4, node_num 7, cost 1074.780000, nodes: 0(120000.00, 120000.00) 18 542 749 319 2 0(43230.00, 43230.00)
route 5, node_num 6, cost 753.242000, nodes: 0(120000.00, 120000.00) 20 206 668 164 0(66197.00, 66197.00)
route 6, node_num 7, cost 1829.156000, nodes: 0(120000.00, 120000.00) 27 422 548 308 1072(32263.00, 42917.00) 0(0.00, 0.00)
route 7, node_num 5, cost 469.378000, nodes: 0(120000.00, 120000.00) 31 472 751 0(86473.00, 86473.00)
route 8, node_num 7, cost 1696.016000, nodes: 0(120000.00, 120000.00) 35 559 202 939(49940.00, 51084.00) 217 0(0.00, 0.00)
route 9, node_num 5, cost 1605.800000, nodes: 0(120000.00, 120000.00) 36 357 67 0(5300.00, 5300.00)
route 10, node_num 5, cost 812.896000, nodes: 0(120000.00, 120000.00) 38 140 629 0(61936.00, 61936.00)
route 11, node_num 6, cost 776.972000, nodes: 0(120000.00, 120000.00) 44 290 622 1064(70863.00, 70863.00) 0(64502.00, 64502.00)
route 12, node_num 5, cost 1400.518000, nodes: 0(120000.00, 120000.00) 52 577 156 0(19963.00, 19963.00)
route 13, node_num 5, cost 1165.038000, nodes: 0(120000.00, 120000.00) 58 513 664 0(36783.00, 36783.00)
route 14, node_num 6, cost 1060.556000, nodes: 0(120000.00, 120000.00) 62 659 347 1158(62285.00, 62285.00) 0(44246.00, 44246.00)
route 15, node_num 7, cost 1368.248000, nodes: 0(120000.00, 120000.00) 64 335 684 73 1031(54933.00, 54933.00) 0(22268.00, 22268.00)
route 16, node_num 5, cost 375.788000, nodes: 0(120000.00, 120000.00) 65 477 203 0(93158.00, 93158.00)
route 17, node_num 6, cost 1564.920000, nodes: 0(120000.00, 120000.00) 70 188 466 675 0(8220.00, 8220.00)
route 18, node_num 7, cost 1615.544000, nodes: 0(120000.00, 120000.00) 78 750 1132(49617.00, 49617.00) 106 119 0(4604.00, 4604.00)
route 19, node_num 7, cost 1610.322000, nodes: 0(120000.00, 120000.00) 80 14 318 476 925(47067.00, 47067.00) 0(4977.00, 4977.00)
route 20, node_num 5, cost 1135.554000, nodes: 0(120000.00, 120000.00) 83 162 700 0(38889.00, 38889.00)
route 21, node_num 8, cost 1590.064000, nodes: 0(120000.00, 120000.00) 86 452 549 1098(52070.00, 52070.00) 572 965(33332.00, 33332.00) 0(6424.00, 6424.00)
route 22, node_num 7, cost 1524.054000, nodes: 0(120000.00, 120000.00) 87 446 854(59270.00, 59270.00) 681 848(35836.00, 35836.00) 0(11139.00, 11139.00)
route 23, node_num 4, cost 366.002000, nodes: 0(120000.00, 120000.00) 88 367 0(93857.00, 93857.00)
route 24, node_num 7, cost 496.272000, nodes: 0(120000.00, 120000.00) 95 516 183 93 231 0(84552.00, 84552.00)
route 25, node_num 5, cost 961.254000, nodes: 0(120000.00, 120000.00) 97 365 200 0(51339.00, 51339.00)
route 26, node_num 4, cost 881.076000, nodes: 0(120000.00, 120000.00) 98 59 0(57066.00, 57066.00)
route 27, node_num 4, cost 987.686000, nodes: 0(120000.00, 120000.00) 102 601 0(49451.00, 49451.00)
route 28, node_num 8, cost 1656.830000, nodes: 0(120000.00, 120000.00) 122 19 71 534 212 1164(8016.00, 8016.00) 0(1655.00, 1655.00)
route 29, node_num 7, cost 780.150000, nodes: 0(120000.00, 120000.00) 124 459 74 593 51 0(64275.00, 64275.00)
route 30, node_num 6, cost 1723.064000, nodes: 0(120000.00, 120000.00) 132 423 483 1035(42696.00, 45772.00) 0(0.00, 0.00)
route 31, node_num 6, cost 1036.756000, nodes: 0(120000.00, 120000.00) 133 159 545 876(72397.00, 72397.00) 0(45946.00, 45946.00)
route 32, node_num 6, cost 1354.626000, nodes: 0(120000.00, 120000.00) 138 552 295 529 0(23241.00, 23241.00)
route 33, node_num 5, cost 1619.534000, nodes: 0(120000.00, 120000.00) 143 369 497 0(4319.00, 4319.00)
route 34, node_num 7, cost 1841.756000, nodes: 0(120000.00, 120000.00) 146 768 3 94 975(26263.00, 37817.00) 0(0.00, 0.00)
route 35, node_num 7, cost 1749.678000, nodes: 0(120000.00, 120000.00) 147 360 250 1055(52718.00, 57695.00) 785 0(0.00, 0.00)
route 36, node_num 5, cost 1999.522000, nodes: 0(120000.00, 120000.00) 148 456 1111(349.00, 23172.00) 0(0.00, 0.00)
route 37, node_num 5, cost 1164.142000, nodes: 0(120000.00, 120000.00) 151 741 378 0(36847.00, 36847.00)
route 38, node_num 7, cost 1904.672000, nodes: 0(120000.00, 120000.00) 154 640 304 410 935(29724.00, 45772.00) 0(0.00, 0.00)
route 39, node_num 6, cost 1143.520000, nodes: 0(120000.00, 120000.00) 158 400 703 313 0(38320.00, 38320.00)
route 40, node_num 6, cost 1541.470000, nodes: 0(120000.00, 120000.00) 168 286 437 232 0(9895.00, 9895.00)
route 41, node_num 8, cost 2050.636000, nodes: 0(120000.00, 120000.00) 173 621 899(47819.00, 47819.00) 541 673 1152(7365.00, 33839.00) 0(0.00, 0.00)
route 42, node_num 5, cost 1133.076000, nodes: 0(120000.00, 120000.00) 174 387 107 0(39066.00, 39066.00)
route 43, node_num 6, cost 1271.718000, nodes: 0(120000.00, 120000.00) 181 349 738 670 0(29163.00, 29163.00)
route 44, node_num 6, cost 648.354000, nodes: 0(120000.00, 120000.00) 185 309 334 591 0(73689.00, 73689.00)
route 45, node_num 6, cost 919.324000, nodes: 0(120000.00, 120000.00) 478 764 560 258 0(54334.00, 54334.00)
route 46, node_num 4, cost 1140.202000, nodes: 0(120000.00, 120000.00) 190 127 0(38557.00, 38557.00)
route 47, node_num 6, cost 1333.892000, nodes: 0(120000.00, 120000.00) 192 169 715 512 0(24722.00, 24722.00)
route 48, node_num 5, cost 1279.348000, nodes: 0(120000.00, 120000.00) 193 383 120 0(28618.00, 28618.00)
route 49, node_num 6, cost 1177.862000, nodes: 0(120000.00, 120000.00) 197 682 278 353 0(35867.00, 35867.00)
route 50, node_num 7, cost 1124.886000, nodes: 0(120000.00, 120000.00) 199 274 688 21 229 0(39651.00, 39651.00)
route 51, node_num 5, cost 650.468000, nodes: 0(120000.00, 120000.00) 205 443 240 0(73538.00, 73538.00)
route 52, node_num 4, cost 1151.360000, nodes: 0(120000.00, 120000.00) 216 131 0(37760.00, 37760.00)
route 53, node_num 5, cost 1304.436000, nodes: 0(120000.00, 120000.00) 218 788 5 0(26826.00, 26826.00)
route 54, node_num 7, cost 934.892000, nodes: 0(120000.00, 120000.00) 219 92 606 47 408 0(53222.00, 53222.00)
route 55, node_num 8, cost 540.974000, nodes: 0(120000.00, 120000.00) 220 89 460 522 361 725 0(81359.00, 81359.00)
route 56, node_num 7, cost 1832.544000, nodes: 0(120000.00, 120000.00) 223 588 766 771 1124(33687.00, 44583.00) 0(0.00, 0.00)
route 57, node_num 6, cost 1141.028000, nodes: 0(120000.00, 120000.00) 225 553 110 28 0(38498.00, 38498.00)
route 58, node_num 9, cost 947.058000, nodes: 0(120000.00, 120000.00) 226 717 268 639 543 271 833(65291.00, 65291.00) 0(52353.00, 52353.00)
route 59, node_num 6, cost 1347.486000, nodes: 0(120000.00, 120000.00) 227 608 564 531 0(23751.00, 23751.00)
route 60, node_num 8, cost 729.218000, nodes: 0(120000.00, 120000.00) 228 551 298 546 323 126 0(67913.00, 67913.00)
route 61, node_num 7, cost 1684.228000, nodes: 0(120000.00, 120000.00) 230 141 475 714 875(37515.00, 37817.00) 0(0.00, 0.00)
route 62, node_num 8, cost 1945.034000, nodes: 0(120000.00, 120000.00) 791 326 187 90 737 1088(17300.00, 36231.00) 0(0.00, 0.00)
route 63, node_num 5, cost 821.226000, nodes: 0(120000.00, 120000.00) 237 745 450 0(61341.00, 61341.00)
route 64, node_num 5, cost 1204.364000, nodes: 0(120000.00, 120000.00) 787 82 239 0(33974.00, 33974.00)
route 65, node_num 4, cost 1266.188000, nodes: 0(120000.00, 120000.00) 247 757 0(29558.00, 29558.00)
route 66, node_num 7, cost 1833.818000, nodes: 0(120000.00, 120000.00) 255 623 302 248 895(43824.00, 54811.00) 0(0.00, 0.00)
route 67, node_num 5, cost 560.028000, nodes: 0(120000.00, 120000.00) 256 129 348 0(79998.00, 79998.00)
route 68, node_num 4, cost 1322.230000, nodes: 0(120000.00, 120000.00) 259 235 0(25555.00, 25555.00)
route 69, node_num 7, cost 757.834000, nodes: 0(120000.00, 120000.00) 260 792 388 180 396 0(65869.00, 65869.00)
route 70, node_num 8, cost 523.264000, nodes: 0(120000.00, 120000.00) 262 451 215 161 795 532 0(82624.00, 82624.00)
route 71, node_num 6, cost 1233.820000, nodes: 0(120000.00, 120000.00) 263 366 528 784 0(31870.00, 31870.00)
route 72, node_num 7, cost 1974.238000, nodes: 0(120000.00, 120000.00) 186 307 561 526 861(22001.00, 43018.00) 0(0.00, 0.00)
route 73, node_num 9, cost 597.758000, nodes: 0(120000.00, 120000.00) 294 718 662 398 293 393 153 0(77303.00, 77303.00)
route 74, node_num 6, cost 1666.336000, nodes: 0(120000.00, 120000.00) 494 50 85 1148(25673.00, 25673.00) 0(976.00, 976.00)
route 75, node_num 4, cost 981.554000, nodes: 0(120000.00, 120000.00) 303 544 0(49889.00, 49889.00)
route 76, node_num 5, cost 1188.922000, nodes: 0(120000.00, 120000.00) 305 736 273 0(35077.00, 35077.00)
route 77, node_num 6, cost 1595.846000, nodes: 0(120000.00, 120000.00) 312 354 783 800 0(6011.00, 6011.00)
route 78, node_num 4, cost 1408.540000, nodes: 0(120000.00, 120000.00) 315 607 0(19390.00, 19390.00)
route 79, node_num 7, cost 1600.956000, nodes: 0(120000.00, 120000.00) 321 523 411 769 863(27925.00, 27925.00) 0(5646.00, 5646.00)
route 80, node_num 6, cost 1582.392000, nodes: 0(120000.00, 120000.00) 974(107295.00, 107295.00) 628 734 467 0(6972.00, 6972.00)
route 81, node_num 8, cost 725.452000, nodes: 0(120000.00, 120000.00) 333 144 570 566 337 311 0(68182.00, 68182.00)
route 82, node_num 4, cost 1206.786000, nodes: 0(120000.00, 120000.00) 571 267 0(33801.00, 33801.00)
route 83, node_num 8, cost 1657.852000, nodes: 0(120000.00, 120000.00) 338 1 654 54 739 988(37813.00, 37813.00) 0(1582.00, 1582.00)
route 84, node_num 6, cost 1555.330000, nodes: 0(120000.00, 120000.00) 339 76 296 743 0(8905.00, 8905.00)
route 85, node_num 7, cost 1740.214000, nodes: 0(120000.00, 120000.00) 350 345 754 11 1033(8637.00, 12938.00) 0(0.00, 0.00)
route 86, node_num 7, cost 1630.188000, nodes: 0(120000.00, 120000.00) 362 486 43 306 416 0(3558.00, 3558.00)
route 87, node_num 4, cost 459.830000, nodes: 0(120000.00, 120000.00) 363 130 0(87155.00, 87155.00)
route 88, node_num 6, cost 1488.942000, nodes: 0(120000.00, 120000.00) 372 211 685 221 0(13647.00, 13647.00)
route 89, node_num 6, cost 874.748000, nodes: 0(120000.00, 120000.00) 374 284 557 32 0(57518.00, 57518.00)
route 90, node_num 7, cost 1574.636000, nodes: 0(120000.00, 120000.00) 376 282 747 214 932(41493.00, 41493.00) 0(7526.00, 7526.00)
route 91, node_num 4, cost 1082.172000, nodes: 0(120000.00, 120000.00) 377 634 0(42702.00, 42702.00)
route 92, node_num 6, cost 1307.096000, nodes: 0(120000.00, 120000.00) 386 265 554 770 0(26636.00, 26636.00)
route 93, node_num 7, cost 1971.452000, nodes: 0(120000.00, 120000.00) 395 898(51200.00, 79200.00) 665 245 327 0(7182.00, 7182.00)
route 94, node_num 7, cost 1543.934000, nodes: 0(120000.00, 120000.00) 397 676 125 389 1106(45957.00, 45957.00) 0(9719.00, 9719.00)
route 95, node_num 5, cost 1595.622000, nodes: 0(120000.00, 120000.00) 405 774 1048(30724.00, 30724.00) 0(6027.00, 6027.00)
route 96, node_num 6, cost 1631.630000, nodes: 0(120000.00, 120000.00) 413 726 505 850(53086.00, 53086.00) 0(3455.00, 3455.00)
route 97, node_num 6, cost 1593.046000, nodes: 0(120000.00, 120000.00) 419 66 633 517 0(6211.00, 6211.00)
route 98, node_num 8, cost 1879.878000, nodes: 0(120000.00, 120000.00) 420 740 711 128 755 1135(31495.00, 45772.00) 0(0.00, 0.00)
route 99, node_num 7, cost 1965.376000, nodes: 0(120000.00, 120000.00) 427 160 276 678 888(15847.00, 36231.00) 0(0.00, 0.00)
route 100, node_num 4, cost 1021.958000, nodes: 0(120000.00, 120000.00) 428 490 0(47003.00, 47003.00)
route 101, node_num 4, cost 1590.274000, nodes: 0(120000.00, 120000.00) 429 157 0(6409.00, 6409.00)
route 102, node_num 6, cost 770.014000, nodes: 0(120000.00, 120000.00) 430 283 100 289 0(64999.00, 64999.00)
route 103, node_num 6, cost 1028.734000, nodes: 0(120000.00, 120000.00) 436 166 236 492 0(46519.00, 46519.00)
route 104, node_num 7, cost 630.476000, nodes: 0(120000.00, 120000.00) 439 364 134 719 479 0(74966.00, 74966.00)
route 105, node_num 4, cost 787.052000, nodes: 0(120000.00, 120000.00) 445 586 0(63782.00, 63782.00)
route 106, node_num 5, cost 1540.238000, nodes: 0(120000.00, 120000.00) 448 177 109 0(9983.00, 9983.00)
route 107, node_num 4, cost 1023.148000, nodes: 0(120000.00, 120000.00) 454 300 0(46918.00, 46918.00)
route 108, node_num 5, cost 1741.096000, nodes: 0(120000.00, 120000.00) 455 281 820(40246.00, 44610.00) 0(0.00, 0.00)
route 109, node_num 5, cost 114.702000, nodes: 0(120000.00, 120000.00) 461 55 609 0(111807.00, 111807.00)
route 110, node_num 7, cost 2252.474000, nodes: 0(120000.00, 120000.00) 761 592 504 583 872(2026.00, 42917.00) 0(0.00, 0.00)
route 111, node_num 6, cost 1581.776000, nodes: 0(120000.00, 120000.00) 464 663 521 824(51599.00, 51599.00) 0(7016.00, 7016.00)
route 112, node_num 4, cost 248.612000, nodes: 0(120000.00, 120000.00) 468 692 0(102242.00, 102242.00)
route 113, node_num 6, cost 1096.326000, nodes: 0(120000.00, 120000.00) 469 285 324 34 0(41691.00, 41691.00)
route 114, node_num 7, cost 806.540000, nodes: 0(120000.00, 120000.00) 471 418 708 403 121 0(62390.00, 62390.00)
route 115, node_num 9, cost 475.454000, nodes: 0(120000.00, 120000.00) 473 317 204 96 636 627 48 0(86039.00, 86039.00)
route 116, node_num 5, cost 1076.908000, nodes: 0(120000.00, 120000.00) 189 170 316 0(43078.00, 43078.00)
route 117, node_num 6, cost 1605.716000, nodes: 0(120000.00, 120000.00) 953(84325.00, 84325.00) 484 643 101 0(5306.00, 5306.00)
route 118, node_num 7, cost 1644.174000, nodes: 0(120000.00, 120000.00) 485 330 382 292 1154(45517.00, 45517.00) 0(2559.00, 2559.00)
route 119, node_num 9, cost 2115.302000, nodes: 0(120000.00, 120000.00) 488 415 862(51714.00, 51714.00) 563 432 496 1136(2158.00, 33251.00) 0(0.00, 0.00)
route 120, node_num 5, cost 726.530000, nodes: 0(120000.00, 120000.00) 498 589 384 0(68105.00, 68105.00)
route 121, node_num 7, cost 1465.478000, nodes: 0(120000.00, 120000.00) 499 77 555 331 799 0(15323.00, 15323.00)
route 122, node_num 4, cost 1157.016000, nodes: 0(120000.00, 120000.00) 510 356 0(37356.00, 37356.00)
route 123, node_num 7, cost 1492.372000, nodes: 0(120000.00, 120000.00) 511 40 762 63 652 0(13402.00, 13402.00)
route 124, node_num 7, cost 1644.048000, nodes: 0(120000.00, 120000.00) 520 352 669 12 1180(37496.00, 37496.00) 0(2568.00, 2568.00)
route 125, node_num 7, cost 1533.378000, nodes: 0(120000.00, 120000.00) 530 61 56 167 832(44440.00, 44440.00) 0(10473.00, 10473.00)
route 126, node_num 7, cost 1766.772000, nodes: 0(120000.00, 120000.00) 953(84325.00, 90523.00) 582 261 207 391 0(0.00, 0.00)
route 127, node_num 7, cost 1164.548000, nodes: 0(120000.00, 120000.00) 535 91 598 515 191 0(36818.00, 36818.00)
route 128, node_num 4, cost 854.378000, nodes: 0(120000.00, 120000.00) 540 658 0(58973.00, 58973.00)
route 129, node_num 6, cost 1516.970000, nodes: 0(120000.00, 120000.00) 113 679 435 1079(50078.00, 50078.00) 0(11645.00, 11645.00)
route 130, node_num 7, cost 1752.100000, nodes: 0(120000.00, 120000.00) 550 426 244 178 811(18022.00, 23172.00) 0(0.00, 0.00)
route 131, node_num 6, cost 1084.286000, nodes: 0(120000.00, 120000.00) 558 351 695 618 0(42551.00, 42551.00)
route 132, node_num 6, cost 1356.278000, nodes: 0(120000.00, 120000.00) 565 103 53 603 0(23123.00, 23123.00)
route 133, node_num 6, cost 1514.016000, nodes: 0(120000.00, 120000.00) 683 172 342 1131(44521.00, 44521.00) 0(11856.00, 11856.00)
route 134, node_num 6, cost 557.354000, nodes: 0(120000.00, 120000.00) 573 165 721 243 0(80189.00, 80189.00)
route 135, node_num 6, cost 933.884000, nodes: 0(120000.00, 120000.00) 576 653 753 182 0(53294.00, 53294.00)
route 136, node_num 7, cost 1915.116000, nodes: 0(120000.00, 120000.00) 578 407 69 575 998(24450.00, 41244.00) 0(0.00, 0.00)
route 137, node_num 6, cost 230.608000, nodes: 0(120000.00, 120000.00) 580 279 39 359 0(103528.00, 103528.00)
route 138, node_num 4, cost 1171.814000, nodes: 0(120000.00, 120000.00) 584 253 0(36299.00, 36299.00)
route 139, node_num 5, cost 1271.480000, nodes: 0(120000.00, 120000.00) 599 42 778 0(29180.00, 29180.00)
route 140, node_num 5, cost 1498.476000, nodes: 0(120000.00, 120000.00) 600 37 329 0(12966.00, 12966.00)
route 141, node_num 7, cost 1977.360000, nodes: 0(120000.00, 120000.00) 605 22 406 602 936(12011.00, 33251.00) 0(0.00, 0.00)
route 142, node_num 7, cost 1385.272000, nodes: 0(120000.00, 120000.00) 611 68 491 587 474 0(21052.00, 21052.00)
route 143, node_num 6, cost 1660.540000, nodes: 0(120000.00, 120000.00) 1153(84325.00, 84325.00) 612 264 514 0(1390.00, 1390.00)
route 144, node_num 8, cost 1938.664000, nodes: 0(120000.00, 120000.00) 613 538 481 392 686 909(16605.00, 35081.00) 0(0.00, 0.00)
route 145, node_num 5, cost 307.538000, nodes: 0(120000.00, 120000.00) 615 23 425 0(98033.00, 98033.00)
route 146, node_num 7, cost 1689.324000, nodes: 0(120000.00, 120000.00) 616 438 691 779 1093(13424.00, 14090.00) 0(0.00, 0.00)
route 147, node_num 8, cost 1035.580000, nodes: 0(120000.00, 120000.00) 617 713 641 13 171 375 0(46030.00, 46030.00)
route 148, node_num 7, cost 1713.278000, nodes: 0(120000.00, 120000.00) 625 772 638 539 884(36988.00, 39365.00) 0(0.00, 0.00)
route 149, node_num 7, cost 1113.084000, nodes: 0(120000.00, 120000.00) 322 412 310 536 694 0(40494.00, 40494.00)
route 150, node_num 6, cost 1144.360000, nodes: 0(120000.00, 120000.00) 631 585 24 152 0(38260.00, 38260.00)
route 151, node_num 6, cost 1623.300000, nodes: 0(120000.00, 120000.00) 637 75 630 179 0(4050.00, 4050.00)
route 152, node_num 6, cost 1563.408000, nodes: 0(120000.00, 120000.00) 642 116 343 817(30057.00, 30057.00) 0(8328.00, 8328.00)
route 153, node_num 7, cost 1571.556000, nodes: 0(120000.00, 120000.00) 644 509 524 666 877(50222.00, 50222.00) 0(7746.00, 7746.00)
route 154, node_num 7, cost 1500.268000, nodes: 0(120000.00, 120000.00) 645 690 614 242 57 0(12838.00, 12838.00)
route 155, node_num 6, cost 1996.680000, nodes: 0(120000.00, 120000.00) 649 672 731 945(3282.00, 25902.00) 0(0.00, 0.00)
route 156, node_num 7, cost 1109.220000, nodes: 0(120000.00, 120000.00) 651 209 417 10 647 0(40770.00, 40770.00)
route 157, node_num 6, cost 455.700000, nodes: 0(120000.00, 120000.00) 656 465 81 501 0(87450.00, 87450.00)
route 158, node_num 8, cost 1580.572000, nodes: 0(120000.00, 120000.00) 660 9 1014(66910.00, 66910.00) 15 30 266 0(7102.00, 7102.00)
route 159, node_num 5, cost 1523.648000, nodes: 0(120000.00, 120000.00) 680 402 701 0(11168.00, 11168.00)
route 160, node_num 4, cost 974.918000, nodes: 0(120000.00, 120000.00) 567 108 0(50363.00, 50363.00)
route 161, node_num 7, cost 1822.310000, nodes: 0(120000.00, 120000.00) 687 547 730 527 1177(32311.00, 42476.00) 0(0.00, 0.00)
route 162, node_num 7, cost 1619.730000, nodes: 0(120000.00, 120000.00) 689 447 176 380 1117(26034.00, 26034.00) 0(4305.00, 4305.00)
route 163, node_num 8, cost 1548.428000, nodes: 0(120000.00, 120000.00) 1123(109240.00, 109240.00) 693 698 776 344 254 0(9398.00, 9398.00)
route 164, node_num 4, cost 1455.272000, nodes: 0(120000.00, 120000.00) 699 139 0(16052.00, 16052.00)
route 165, node_num 7, cost 972.482000, nodes: 0(120000.00, 120000.00) 702 208 434 782 135 0(50537.00, 50537.00)
route 166, node_num 7, cost 414.386000, nodes: 0(120000.00, 120000.00) 707 291 777 507 442 0(90401.00, 90401.00)
route 167, node_num 8, cost 1953.574000, nodes: 0(120000.00, 120000.00) 709 661 525 503 233 835(26231.00, 45772.00) 0(0.00, 0.00)
route 168, node_num 7, cost 1442.014000, nodes: 0(120000.00, 120000.00) 710 104 704 735 462 0(16999.00, 16999.00)
route 169, node_num 6, cost 1147.090000, nodes: 0(120000.00, 120000.00) 712 123 224 597 0(38065.00, 38065.00)
route 170, node_num 8, cost 1571.304000, nodes: 0(120000.00, 120000.00) 716 277 33 401 325 845(33666.00, 33666.00) 0(7764.00, 7764.00)
route 171, node_num 7, cost 995.708000, nodes: 0(120000.00, 120000.00) 723 288 619 379 748 0(48878.00, 48878.00)
route 172, node_num 5, cost 1581.300000, nodes: 0(120000.00, 120000.00) 724 458 99 0(7050.00, 7050.00)
route 173, node_num 8, cost 1980.412000, nodes: 0(120000.00, 120000.00) 727 399 196 249 118 1095(33353.00, 54811.00) 0(0.00, 0.00)
route 174, node_num 7, cost 1654.828000, nodes: 0(120000.00, 120000.00) 729 763 722 657 1125(43888.00, 43888.00) 0(1798.00, 1798.00)
route 175, node_num 7, cost 1666.196000, nodes: 0(120000.00, 120000.00) 733 596 760 746 1198(42230.00, 42230.00) 0(986.00, 986.00)
route 176, node_num 5, cost 1350.174000, nodes: 0(120000.00, 120000.00) 796 25 301 0(23559.00, 23559.00)
route 177, node_num 6, cost 1151.024000, nodes: 0(120000.00, 120000.00) 744 341 297 632 0(37784.00, 37784.00)
route 178, node_num 6, cost 1051.666000, nodes: 0(120000.00, 120000.00) 752 328 635 646 0(44881.00, 44881.00)
route 179, node_num 5, cost 1493.394000, nodes: 0(120000.00, 120000.00) 756 270 213 0(13329.00, 13329.00)
route 180, node_num 3, cost 1043.000000, nodes: 0(120000.00, 120000.00) 797 0(45500.00, 45500.00)
route 181, node_num 8, cost 2089.990000, nodes: 0(120000.00, 120000.00) 765 728 453 794 624 908(24996.00, 54281.00) 0(0.00, 0.00)
route 182, node_num 5, cost 432.726000, nodes: 0(120000.00, 120000.00) 767 195 489 0(89091.00, 89091.00)
route 183, node_num 6, cost 1004.528000, nodes: 0(120000.00, 120000.00) 773 79 72 674 0(48248.00, 48248.00)
route 184, node_num 7, cost 1236.676000, nodes: 0(120000.00, 120000.00) 775 210 424 610 626 0(31666.00, 31666.00)
route 185, node_num 6, cost 877.254000, nodes: 0(120000.00, 120000.00) 781 569 697 574 0(57339.00, 57339.00)
route 186, node_num 6, cost 1653.862000, nodes: 0(120000.00, 120000.00) 786 671 201 444 0(1867.00, 1867.00)
route 187, node_num 7, cost 1691.634000, nodes: 0(120000.00, 120000.00) 246 46 358 482 1075(36986.00, 37817.00) 0(0.00, 0.00)
route 188, node_num 6, cost 1400.742000, nodes: 0(120000.00, 120000.00) 789 137 355 508 0(19947.00, 19947.00)
route 189, node_num 6, cost 428.904000, nodes: 0(120000.00, 120000.00) 150 7 495 487 0(89364.00, 89364.00)
route 190, node_num 7, cost 1631.812000, nodes: 0(120000.00, 120000.00) 793 105 115 142 864(9803.00, 9803.00) 0(3442.00, 3442.00)
route 191, node_num 6, cost 1726.508000, nodes: 0(120000.00, 120000.00) 742 650 45 1121(35905.00, 39227.00) 0(0.00, 0.00)
route 192, node_num 6, cost 1094.814000, nodes: 0(120000.00, 120000.00) 798 556 26 677 0(41799.00, 41799.00)
route 193, node_num 6, cost 1627.864000, nodes: 0(120000.00, 120000.00) 809(82478.00, 82478.00) 238 390 198 0(3724.00, 3724.00)
route 194, node_num 5, cost 1190.098000, nodes: 0(120000.00, 120000.00) 533 136 175 0(34993.00, 34993.00)
route 195, node_num 5, cost 1244.180000, nodes: 0(120000.00, 120000.00) 234 340 470 0(31130.00, 31130.00)
route 196, node_num 8, cost 1715.476000, nodes: 0(120000.00, 120000.00) 857(94699.00, 97233.00) 518 440 502 112 194 0(0.00, 0.00)
route 197, node_num 6, cost 1576.358000, nodes: 0(120000.00, 120000.00) 874(107295.00, 107295.00) 320 732 145 0(7403.00, 7403.00)
route 198, node_num 8, cost 1618.484000, nodes: 0(120000.00, 120000.00) 881(92118.00, 92118.00) 579 590 163 381 1045(30296.00, 30296.00) 0(4394.00, 4394.00)
route 199, node_num 7, cost 1671.922000, nodes: 0(120000.00, 120000.00) 1185(97648.00, 97648.00) 537 29 562 790 0(577.00, 577.00)
route 200, node_num 8, cost 1829.576000, nodes: 0(120000.00, 120000.00) 943(90980.00, 90980.00) 241 519 111 275 1145(15218.00, 25902.00) 0(0.00, 0.00)
route 201, node_num 6, cost 1133.566000, nodes: 0(120000.00, 120000.00) 269 41 370 252 0(39031.00, 39031.00)
route 202, node_num 7, cost 2001.188000, nodes: 0(120000.00, 120000.00) 992(87550.00, 110492.00) 449 720 251 84 0(0.00, 0.00)
route 203, node_num 7, cost 1604.204000, nodes: 0(120000.00, 120000.00) 1009(82478.00, 90478.00) 373 16 257 917(35143.00, 35143.00) 0(13414.00, 13414.00)
route 204, node_num 7, cost 1983.954000, nodes: 0(120000.00, 120000.00) 1011(93324.00, 120000.00) 149 655 117 60 0(4965.00, 4965.00)
route 205, node_num 8, cost 1943.368000, nodes: 0(120000.00, 120000.00) 1016(95738.00, 95738.00) 506 421 280 346 1172(24105.00, 42917.00) 0(0.00, 0.00)
route 206, node_num 6, cost 1635.382000, nodes: 0(120000.00, 120000.00) 1017(94066.00, 94066.00) 314 594 184 0(3187.00, 3187.00)
route 207, node_num 8, cost 1670.592000, nodes: 0(120000.00, 120000.00) 1043(90980.00, 90980.00) 332 667 706 500 1188(36903.00, 36903.00) 0(672.00, 672.00)
route 208, node_num 8, cost 1544.900000, nodes: 0(120000.00, 120000.00) 1044(106638.00, 120000.00) 371 155 457 581 1070(60281.00, 60281.00) 0(23012.00, 23012.00)
route 209, node_num 6, cost 1724.254000, nodes: 0(120000.00, 120000.00) 1053(84325.00, 87486.00) 404 272 705 0(0.00, 0.00)
route 210, node_num 6, cost 1603.084000, nodes: 0(120000.00, 120000.00) 953(84325.00, 84325.00) 336 463 696 0(5494.00, 5494.00)
route 211, node_num 7, cost 1349.782000, nodes: 0(120000.00, 120000.00) 1092(87550.00, 87550.00) 480 648 493 1032(57554.00, 57554.00) 0(23587.00, 23587.00)
route 212, node_num 6, cost 1660.204000, nodes: 0(120000.00, 120000.00) 1116(95738.00, 95738.00) 595 287 299 0(1414.00, 1414.00)
route 213, node_num 6, cost 1695.050000, nodes: 0(120000.00, 120000.00) 1143(90980.00, 120000.00) 568 414 431 0(27945.00, 27945.00)
route 214, node_num 10, cost 1661.912000, nodes: 0(120000.00, 120000.00) 1157(94699.00, 94699.00) 620 1110(64100.00, 64100.00) 441 604 409 433 933(14230.00, 14230.00) 0(1292.00, 1292.00)
vehicle (route) number: 215
Total cost: 348967.41
348967.41, 12629.41
