Details of the solution:
route 0, node_num 6, cost 1604.232000, nodes: 0(120000.00, 120000.00) 3 200 18 338 0(5412.00, 5412.00)
route 1, node_num 7, cost 1458.912000, nodes: 0(120000.00, 120000.00) 10 774 521 24 294 0(15792.00, 15792.00)
route 2, node_num 8, cost 1742.804000, nodes: 0(120000.00, 120000.00) 14 159 126 144 423 1121(24207.00, 28693.00) 0(0.00, 0.00)
route 3, node_num 4, cost 965.496000, nodes: 0(120000.00, 120000.00) 130 520 0(51036.00, 51036.00)
route 4, node_num 6, cost 1500.548000, nodes: 0(120000.00, 120000.00) 41 332 614 1072(50263.00, 50263.00) 0(12818.00, 12818.00)
route 5, node_num 7, cost 1717.338000, nodes: 0(120000.00, 120000.00) 45 15 64 860(49235.00, 51902.00) 495 0(0.00, 0.00)
route 6, node_num 6, cost 1304.324000, nodes: 0(120000.00, 120000.00) 51 63 92 456 0(26834.00, 26834.00)
route 7, node_num 6, cost 1886.822000, nodes: 0(120000.00, 120000.00) 57 477 141 1039(39142.00, 53915.00) 0(0.00, 0.00)
route 8, node_num 8, cost 1715.602000, nodes: 0(120000.00, 120000.00) 70 138 979(62007.00, 64550.00) 712 779 72 0(0.00, 0.00)
route 9, node_num 7, cost 2086.252000, nodes: 0(120000.00, 120000.00) 75 1190(64911.00, 93929.00) 623 644 739 0(0.00, 0.00)
route 10, node_num 7, cost 1289.708000, nodes: 0(120000.00, 120000.00) 76 399 69 349 744 0(27878.00, 27878.00)
route 11, node_num 5, cost 1203.622000, nodes: 0(120000.00, 120000.00) 77 565 56 0(34027.00, 34027.00)
route 12, node_num 5, cost 1662.318000, nodes: 0(120000.00, 120000.00) 79 770 49 0(1263.00, 1263.00)
route 13, node_num 5, cost 1072.260000, nodes: 0(120000.00, 120000.00) 83 81 33 0(43410.00, 43410.00)
route 14, node_num 5, cost 674.450000, nodes: 0(120000.00, 120000.00) 86 34 771 0(71825.00, 71825.00)
route 15, node_num 4, cost 1130.752000, nodes: 0(120000.00, 120000.00) 135 628 0(39232.00, 39232.00)
route 16, node_num 7, cost 1047.088000, nodes: 0(120000.00, 120000.00) 89 508 713 651 664 0(45208.00, 45208.00)
route 17, node_num 6, cost 1820.588000, nodes: 0(120000.00, 120000.00) 102 667 172 925(14085.00, 24127.00) 0(0.00, 0.00)
route 18, node_num 6, cost 1422.302000, nodes: 0(120000.00, 120000.00) 117 266 68 7 0(18407.00, 18407.00)
route 19, node_num 8, cost 1708.812000, nodes: 0(120000.00, 120000.00) 131 522 618 498 393 1118(20366.00, 22424.00) 0(0.00, 0.00)
route 20, node_num 8, cost 786.646000, nodes: 0(120000.00, 120000.00) 132 546 4 254 276 336 0(63811.00, 63811.00)
route 21, node_num 5, cost 971.362000, nodes: 0(120000.00, 120000.00) 87 328 180 0(50617.00, 50617.00)
route 22, node_num 5, cost 1620.836000, nodes: 0(120000.00, 120000.00) 142 27 402 0(4226.00, 4226.00)
route 23, node_num 8, cost 1101.408000, nodes: 0(120000.00, 120000.00) 146 669 689 178 371 419 0(41328.00, 41328.00)
route 24, node_num 8, cost 1180.690000, nodes: 0(120000.00, 120000.00) 150 388 426 50 106 767 0(35665.00, 35665.00)
route 25, node_num 6, cost 1352.302000, nodes: 0(120000.00, 120000.00) 153 307 781 133 0(23407.00, 23407.00)
route 26, node_num 7, cost 1227.646000, nodes: 0(120000.00, 120000.00) 157 725 170 171 791 0(32311.00, 32311.00)
route 27, node_num 8, cost 1147.230000, nodes: 0(120000.00, 120000.00) 158 362 427 293 228 290 0(38055.00, 38055.00)
route 28, node_num 6, cost 1037.974000, nodes: 0(120000.00, 120000.00) 556 748 42 297 0(45859.00, 45859.00)
route 29, node_num 7, cost 1071.644000, nodes: 0(120000.00, 120000.00) 167 327 683 788 511 0(43454.00, 43454.00)
route 30, node_num 7, cost 1263.374000, nodes: 0(120000.00, 120000.00) 173 445 737 724 550 0(29759.00, 29759.00)
route 31, node_num 5, cost 1216.040000, nodes: 0(120000.00, 120000.00) 176 591 745 0(33140.00, 33140.00)
route 32, node_num 7, cost 1740.186000, nodes: 0(120000.00, 120000.00) 183 562 648 505 1075(13226.00, 17525.00) 0(0.00, 0.00)
route 33, node_num 7, cost 1460.592000, nodes: 0(120000.00, 120000.00) 185 9 55 425 720 0(15672.00, 15672.00)
route 34, node_num 8, cost 1245.944000, nodes: 0(120000.00, 120000.00) 187 531 330 342 444 354 0(31004.00, 31004.00)
route 35, node_num 4, cost 775.138000, nodes: 0(120000.00, 120000.00) 568 750 0(64633.00, 64633.00)
route 36, node_num 8, cost 1130.458000, nodes: 0(120000.00, 120000.00) 190 438 704 561 420 569 0(39253.00, 39253.00)
route 37, node_num 5, cost 999.586000, nodes: 0(120000.00, 120000.00) 191 465 578 0(48601.00, 48601.00)
route 38, node_num 5, cost 1309.924000, nodes: 0(120000.00, 120000.00) 192 375 715 0(26434.00, 26434.00)
route 39, node_num 7, cost 1640.828000, nodes: 0(120000.00, 120000.00) 199 292 59 387 323 0(2798.00, 2798.00)
route 40, node_num 5, cost 767.480000, nodes: 0(120000.00, 120000.00) 201 71 459 0(65180.00, 65180.00)
route 41, node_num 8, cost 1444.520000, nodes: 0(120000.00, 120000.00) 212 449 182 288 238 616 0(16820.00, 16820.00)
route 42, node_num 7, cost 1123.038000, nodes: 0(120000.00, 120000.00) 214 656 287 22 642 0(39783.00, 39783.00)
route 43, node_num 8, cost 1768.200000, nodes: 0(120000.00, 120000.00) 218 786 583 60 571 1196(19185.00, 25485.00) 0(0.00, 0.00)
route 44, node_num 4, cost 557.270000, nodes: 0(120000.00, 120000.00) 222 698 0(80195.00, 80195.00)
route 45, node_num 6, cost 1413.566000, nodes: 0(120000.00, 120000.00) 225 184 547 384 0(19031.00, 19031.00)
route 46, node_num 5, cost 567.658000, nodes: 0(120000.00, 120000.00) 230 325 584 0(79453.00, 79453.00)
route 47, node_num 4, cost 915.922000, nodes: 0(120000.00, 120000.00) 231 40 0(54577.00, 54577.00)
route 48, node_num 6, cost 1111.950000, nodes: 0(120000.00, 120000.00) 233 532 454 403 0(40575.00, 40575.00)
route 49, node_num 7, cost 1616.202000, nodes: 0(120000.00, 120000.00) 244 649 450 16 716 0(4557.00, 4557.00)
route 50, node_num 5, cost 1199.128000, nodes: 0(120000.00, 120000.00) 250 210 602 0(34348.00, 34348.00)
route 51, node_num 7, cost 1632.876000, nodes: 0(120000.00, 120000.00) 255 240 302 281 219 0(3366.00, 3366.00)
route 52, node_num 5, cost 1413.202000, nodes: 0(120000.00, 120000.00) 257 567 148 0(19057.00, 19057.00)
route 53, node_num 5, cost 1040.200000, nodes: 0(120000.00, 120000.00) 259 747 248 0(45700.00, 45700.00)
route 54, node_num 8, cost 2068.080000, nodes: 0(120000.00, 120000.00) 260 316 359 448 143 1007(1710.00, 29430.00) 0(0.00, 0.00)
route 55, node_num 7, cost 1579.844000, nodes: 0(120000.00, 120000.00) 261 461 405 404 205 0(7154.00, 7154.00)
route 56, node_num 7, cost 1060.906000, nodes: 0(120000.00, 120000.00) 263 566 299 20 624 0(44221.00, 44221.00)
route 57, node_num 8, cost 250.334000, nodes: 0(120000.00, 120000.00) 265 650 372 500 111 226 0(102119.00, 102119.00)
route 58, node_num 7, cost 853.972000, nodes: 0(120000.00, 120000.00) 272 284 96 422 782 0(59002.00, 59002.00)
route 59, node_num 6, cost 1355.718000, nodes: 0(120000.00, 120000.00) 278 548 637 105 0(23163.00, 23163.00)
route 60, node_num 5, cost 398.720000, nodes: 0(120000.00, 120000.00) 279 558 525 0(91520.00, 91520.00)
route 61, node_num 5, cost 1370.460000, nodes: 0(120000.00, 120000.00) 283 108 43 0(22110.00, 22110.00)
route 62, node_num 7, cost 1388.100000, nodes: 0(120000.00, 120000.00) 285 110 666 601 703 0(20850.00, 20850.00)
route 63, node_num 5, cost 1374.086000, nodes: 0(120000.00, 120000.00) 289 149 162 0(21851.00, 21851.00)
route 64, node_num 7, cost 1519.966000, nodes: 0(120000.00, 120000.00) 296 377 440 367 443 0(11431.00, 11431.00)
route 65, node_num 8, cost 1609.356000, nodes: 0(120000.00, 120000.00) 298 483 421 424 237 78 0(5046.00, 5046.00)
route 66, node_num 5, cost 1660.344000, nodes: 0(120000.00, 120000.00) 300 140 114 0(1404.00, 1404.00)
route 67, node_num 6, cost 1485.540000, nodes: 0(120000.00, 120000.00) 303 370 507 206 0(13890.00, 13890.00)
route 68, node_num 5, cost 1312.318000, nodes: 0(120000.00, 120000.00) 304 657 611 0(26263.00, 26263.00)
route 69, node_num 7, cost 1638.770000, nodes: 0(120000.00, 120000.00) 305 197 512 28 543 0(2945.00, 2945.00)
route 70, node_num 5, cost 1277.304000, nodes: 0(120000.00, 120000.00) 306 446 313 0(28764.00, 28764.00)
route 71, node_num 8, cost 887.572000, nodes: 0(120000.00, 120000.00) 310 625 137 169 382 168 0(56602.00, 56602.00)
route 72, node_num 5, cost 1533.210000, nodes: 0(120000.00, 120000.00) 311 156 8 0(10485.00, 10485.00)
route 73, node_num 5, cost 653.072000, nodes: 0(120000.00, 120000.00) 314 557 220 0(73352.00, 73352.00)
route 74, node_num 7, cost 650.300000, nodes: 0(120000.00, 120000.00) 315 179 344 321 223 0(73550.00, 73550.00)
route 75, node_num 6, cost 1024.520000, nodes: 0(120000.00, 120000.00) 320 291 317 607 0(46820.00, 46820.00)
route 76, node_num 8, cost 1447.922000, nodes: 0(120000.00, 120000.00) 326 514 418 198 410 109 0(16577.00, 16577.00)
route 77, node_num 6, cost 1147.692000, nodes: 0(120000.00, 120000.00) 189 345 343 462 0(38022.00, 38022.00)
route 78, node_num 6, cost 1602.370000, nodes: 0(120000.00, 120000.00) 346 128 655 635 0(5545.00, 5545.00)
route 79, node_num 7, cost 1572.466000, nodes: 0(120000.00, 120000.00) 351 499 227 437 348 0(7681.00, 7681.00)
route 80, node_num 8, cost 1072.904000, nodes: 0(120000.00, 120000.00) 355 524 37 417 246 374 0(43364.00, 43364.00)
route 81, node_num 7, cost 1093.862000, nodes: 0(120000.00, 120000.00) 356 209 286 707 589 0(41867.00, 41867.00)
route 82, node_num 8, cost 991.368000, nodes: 0(120000.00, 120000.00) 357 270 74 80 435 369 0(49188.00, 49188.00)
route 83, node_num 6, cost 1395.338000, nodes: 0(120000.00, 120000.00) 361 434 538 652 0(20333.00, 20333.00)
route 84, node_num 5, cost 1669.234000, nodes: 0(120000.00, 120000.00) 363 271 722 0(769.00, 769.00)
route 85, node_num 5, cost 1146.978000, nodes: 0(120000.00, 120000.00) 764 797 95 0(38073.00, 38073.00)
route 86, node_num 6, cost 1425.550000, nodes: 0(120000.00, 120000.00) 373 799 503 13 0(18175.00, 18175.00)
route 87, node_num 4, cost 478.058000, nodes: 0(120000.00, 120000.00) 559 2 0(85853.00, 85853.00)
route 88, node_num 8, cost 1924.174000, nodes: 0(120000.00, 120000.00) 380 414 275 155 476 919(6273.00, 23714.00) 0(0.00, 0.00)
route 89, node_num 7, cost 1447.782000, nodes: 0(120000.00, 120000.00) 383 360 574 39 579 0(16587.00, 16587.00)
route 90, node_num 5, cost 1297.352000, nodes: 0(120000.00, 120000.00) 389 350 675 0(27332.00, 27332.00)
route 91, node_num 6, cost 1028.902000, nodes: 0(120000.00, 120000.00) 390 273 12 603 0(46507.00, 46507.00)
route 92, node_num 8, cost 1035.426000, nodes: 0(120000.00, 120000.00) 391 44 447 211 539 239 0(46041.00, 46041.00)
route 93, node_num 7, cost 1667.624000, nodes: 0(120000.00, 120000.00) 400 365 213 207 340 0(884.00, 884.00)
route 94, node_num 6, cost 1651.062000, nodes: 0(120000.00, 120000.00) 401 407 740 494 0(2067.00, 2067.00)
route 95, node_num 7, cost 1758.610000, nodes: 0(120000.00, 120000.00) 409 588 103 100 1025(18512.00, 24127.00) 0(0.00, 0.00)
route 96, node_num 8, cost 924.476000, nodes: 0(120000.00, 120000.00) 411 280 680 470 692 47 0(53966.00, 53966.00)
route 97, node_num 6, cost 724.486000, nodes: 0(120000.00, 120000.00) 412 366 488 726 0(68251.00, 68251.00)
route 98, node_num 5, cost 1460.060000, nodes: 0(120000.00, 120000.00) 429 605 705 0(15710.00, 15710.00)
route 99, node_num 8, cost 1250.466000, nodes: 0(120000.00, 120000.00) 430 622 665 216 491 54 0(30681.00, 30681.00)
route 100, node_num 6, cost 721.966000, nodes: 0(120000.00, 120000.00) 431 46 94 11 0(68431.00, 68431.00)
route 101, node_num 6, cost 1489.460000, nodes: 0(120000.00, 120000.00) 432 379 701 193 0(13610.00, 13610.00)
route 102, node_num 5, cost 1371.440000, nodes: 0(120000.00, 120000.00) 433 98 763 0(22040.00, 22040.00)
route 103, node_num 4, cost 1621.578000, nodes: 0(120000.00, 120000.00) 441 515 0(4173.00, 4173.00)
route 104, node_num 7, cost 1426.166000, nodes: 0(120000.00, 120000.00) 442 353 337 730 203 0(18131.00, 18131.00)
route 105, node_num 4, cost 871.948000, nodes: 0(120000.00, 120000.00) 120 711 0(57718.00, 57718.00)
route 106, node_num 5, cost 797.706000, nodes: 0(120000.00, 120000.00) 460 249 464 0(63021.00, 63021.00)
route 107, node_num 5, cost 1429.400000, nodes: 0(120000.00, 120000.00) 468 58 785 0(17900.00, 17900.00)
route 108, node_num 6, cost 1587.614000, nodes: 0(120000.00, 120000.00) 472 277 577 215 0(6599.00, 6599.00)
route 109, node_num 8, cost 1907.836000, nodes: 0(120000.00, 120000.00) 473 301 510 760 741 975(1251.00, 17525.00) 0(0.00, 0.00)
route 110, node_num 7, cost 1468.012000, nodes: 0(120000.00, 120000.00) 475 653 253 334 619 0(15142.00, 15142.00)
route 111, node_num 7, cost 288.162000, nodes: 0(120000.00, 120000.00) 479 630 242 333 124 0(99417.00, 99417.00)
route 112, node_num 6, cost 951.734000, nodes: 0(120000.00, 120000.00) 480 453 335 136 0(52019.00, 52019.00)
route 113, node_num 7, cost 378.224000, nodes: 0(120000.00, 120000.00) 481 229 235 331 753 0(92984.00, 92984.00)
route 114, node_num 6, cost 953.484000, nodes: 0(120000.00, 120000.00) 486 702 593 790 0(51894.00, 51894.00)
route 115, node_num 5, cost 1550.598000, nodes: 0(120000.00, 120000.00) 487 258 587 0(9243.00, 9243.00)
route 116, node_num 6, cost 754.642000, nodes: 0(120000.00, 120000.00) 489 484 485 634 0(66097.00, 66097.00)
route 117, node_num 7, cost 1590.274000, nodes: 0(120000.00, 120000.00) 490 697 439 234 755 0(6409.00, 6409.00)
route 118, node_num 7, cost 1863.442000, nodes: 0(120000.00, 120000.00) 492 196 839(67238.00, 80341.00) 107 595 0(0.00, 0.00)
route 119, node_num 5, cost 1632.316000, nodes: 0(120000.00, 120000.00) 496 245 573 0(3406.00, 3406.00)
route 120, node_num 6, cost 1681.540000, nodes: 0(120000.00, 120000.00) 497 466 53 825(24017.00, 24127.00) 0(0.00, 0.00)
route 121, node_num 5, cost 1130.528000, nodes: 0(120000.00, 120000.00) 501 506 645 0(39248.00, 39248.00)
route 122, node_num 5, cost 1471.120000, nodes: 0(120000.00, 120000.00) 502 749 585 0(14920.00, 14920.00)
route 123, node_num 7, cost 1657.264000, nodes: 0(120000.00, 120000.00) 504 416 243 436 560 0(1624.00, 1624.00)
route 124, node_num 6, cost 1128.666000, nodes: 0(120000.00, 120000.00) 513 84 295 274 0(39381.00, 39381.00)
route 125, node_num 6, cost 1577.912000, nodes: 0(120000.00, 120000.00) 516 493 319 318 0(7292.00, 7292.00)
route 126, node_num 8, cost 1661.982000, nodes: 0(120000.00, 120000.00) 1053(82481.00, 82481.00) 518 769 766 269 709 0(1287.00, 1287.00)
route 127, node_num 6, cost 1615.264000, nodes: 0(120000.00, 120000.00) 526 688 99 186 0(4624.00, 4624.00)
route 128, node_num 4, cost 768.390000, nodes: 0(120000.00, 120000.00) 528 482 0(65115.00, 65115.00)
route 129, node_num 6, cost 640.990000, nodes: 0(120000.00, 120000.00) 529 690 636 789 0(74215.00, 74215.00)
route 130, node_num 4, cost 1241.310000, nodes: 0(120000.00, 120000.00) 530 163 0(31335.00, 31335.00)
route 131, node_num 7, cost 1692.950000, nodes: 0(120000.00, 120000.00) 533 129 626 385 961(31068.00, 31993.00) 0(0.00, 0.00)
route 132, node_num 8, cost 1643.782000, nodes: 0(120000.00, 120000.00) 535 643 639 358 640 1012(48875.00, 48875.00) 0(2587.00, 2587.00)
route 133, node_num 5, cost 1284.570000, nodes: 0(120000.00, 120000.00) 540 685 38 0(28245.00, 28245.00)
route 134, node_num 7, cost 943.768000, nodes: 0(120000.00, 120000.00) 542 312 208 256 670 0(52588.00, 52588.00)
route 135, node_num 7, cost 1531.544000, nodes: 0(120000.00, 120000.00) 549 251 221 457 1019(34318.00, 34318.00) 0(10604.00, 10604.00)
route 136, node_num 4, cost 1151.654000, nodes: 0(120000.00, 120000.00) 551 714 0(37739.00, 37739.00)
route 137, node_num 8, cost 1957.802000, nodes: 0(120000.00, 120000.00) 554 397 455 85 471 910(11957.00, 31800.00) 0(0.00, 0.00)
route 138, node_num 5, cost 401.590000, nodes: 0(120000.00, 120000.00) 555 633 376 0(91315.00, 91315.00)
route 139, node_num 5, cost 1637.804000, nodes: 0(120000.00, 120000.00) 166 759 672 0(3014.00, 3014.00)
route 140, node_num 7, cost 1872.976000, nodes: 0(120000.00, 120000.00) 563 125 6 718 889(26403.00, 40187.00) 0(0.00, 0.00)
route 141, node_num 8, cost 1459.262000, nodes: 0(120000.00, 120000.00) 570 408 478 463 202 654 0(15767.00, 15767.00)
route 142, node_num 5, cost 1512.392000, nodes: 0(120000.00, 120000.00) 582 165 175 0(11972.00, 11972.00)
route 143, node_num 7, cost 2020.102000, nodes: 0(120000.00, 120000.00) 586 1179(43987.00, 68280.00) 82 116 23 0(0.00, 0.00)
route 144, node_num 6, cost 1403.220000, nodes: 0(120000.00, 120000.00) 592 174 523 758 0(19770.00, 19770.00)
route 145, node_num 6, cost 1290.464000, nodes: 0(120000.00, 120000.00) 594 121 733 723 0(27824.00, 27824.00)
route 146, node_num 8, cost 1849.848000, nodes: 0(120000.00, 120000.00) 378 687 61 773 164 823(6260.00, 18392.00) 0(0.00, 0.00)
route 147, node_num 7, cost 1327.270000, nodes: 0(120000.00, 120000.00) 599 386 659 26 91 0(25195.00, 25195.00)
route 148, node_num 7, cost 1638.994000, nodes: 0(120000.00, 120000.00) 606 247 671 112 161 0(2929.00, 2929.00)
route 149, node_num 7, cost 1069.474000, nodes: 0(120000.00, 120000.00) 608 751 765 681 600 0(43609.00, 43609.00)
route 150, node_num 4, cost 885.990000, nodes: 0(120000.00, 120000.00) 541 101 0(56715.00, 56715.00)
route 151, node_num 4, cost 1444.912000, nodes: 0(120000.00, 120000.00) 613 673 0(16792.00, 16792.00)
route 152, node_num 7, cost 1481.368000, nodes: 0(120000.00, 120000.00) 615 52 282 778 352 0(14188.00, 14188.00)
route 153, node_num 7, cost 1506.302000, nodes: 0(120000.00, 120000.00) 621 796 708 147 576 0(12407.00, 12407.00)
route 154, node_num 6, cost 1653.428000, nodes: 0(120000.00, 120000.00) 627 392 768 732 0(1898.00, 1898.00)
route 155, node_num 4, cost 1152.284000, nodes: 0(120000.00, 120000.00) 629 25 0(37694.00, 37694.00)
route 156, node_num 6, cost 1625.638000, nodes: 0(120000.00, 120000.00) 631 610 264 252 0(3883.00, 3883.00)
route 157, node_num 5, cost 1486.786000, nodes: 0(120000.00, 120000.00) 632 787 97 0(13801.00, 13801.00)
route 158, node_num 5, cost 1645.546000, nodes: 0(120000.00, 120000.00) 638 581 694 0(2461.00, 2461.00)
route 159, node_num 7, cost 823.130000, nodes: 0(120000.00, 120000.00) 641 396 341 761 154 0(61205.00, 61205.00)
route 160, node_num 7, cost 2082.332000, nodes: 0(120000.00, 120000.00) 960(66386.00, 95124.00) 597 647 793 398 0(0.00, 0.00)
route 161, node_num 5, cost 1304.646000, nodes: 0(120000.00, 120000.00) 658 596 241 0(26811.00, 26811.00)
route 162, node_num 4, cost 1346.534000, nodes: 0(120000.00, 120000.00) 660 609 0(23819.00, 23819.00)
route 163, node_num 6, cost 1190.476000, nodes: 0(120000.00, 120000.00) 663 160 32 552 0(34966.00, 34966.00)
route 164, node_num 6, cost 1591.394000, nodes: 0(120000.00, 120000.00) 674 1 756 553 0(6329.00, 6329.00)
route 165, node_num 7, cost 1355.438000, nodes: 0(120000.00, 120000.00) 676 17 93 762 118 0(23183.00, 23183.00)
route 166, node_num 7, cost 1454.572000, nodes: 0(120000.00, 120000.00) 677 794 792 699 65 0(16102.00, 16102.00)
route 167, node_num 6, cost 756.224000, nodes: 0(120000.00, 120000.00) 679 777 195 575 0(65984.00, 65984.00)
route 168, node_num 6, cost 1287.762000, nodes: 0(120000.00, 120000.00) 682 776 395 678 0(28017.00, 28017.00)
route 169, node_num 7, cost 1767.052000, nodes: 0(120000.00, 120000.00) 684 1105(61431.00, 67649.00) 113 721 145 0(0.00, 0.00)
route 170, node_num 6, cost 992.894000, nodes: 0(120000.00, 120000.00) 686 406 668 800 0(49079.00, 49079.00)
route 171, node_num 6, cost 1376.256000, nodes: 0(120000.00, 120000.00) 691 236 119 188 0(21696.00, 21696.00)
route 172, node_num 6, cost 1943.508000, nodes: 0(120000.00, 120000.00) 693 580 67 1171(17727.00, 36549.00) 0(0.00, 0.00)
route 173, node_num 7, cost 1548.848000, nodes: 0(120000.00, 120000.00) 696 104 151 66 590 0(9368.00, 9368.00)
route 174, node_num 6, cost 1473.878000, nodes: 0(120000.00, 120000.00) 706 90 139 527 0(14723.00, 14723.00)
route 175, node_num 7, cost 1739.304000, nodes: 0(120000.00, 120000.00) 710 729 123 232 1125(19891.00, 24127.00) 0(0.00, 0.00)
route 176, node_num 6, cost 1429.750000, nodes: 0(120000.00, 120000.00) 717 262 415 458 0(17875.00, 17875.00)
route 177, node_num 7, cost 1402.184000, nodes: 0(120000.00, 120000.00) 719 35 544 519 661 0(19844.00, 19844.00)
route 178, node_num 5, cost 1514.212000, nodes: 0(120000.00, 120000.00) 727 194 620 0(11842.00, 11842.00)
route 179, node_num 7, cost 1676.416000, nodes: 0(120000.00, 120000.00) 728 31 537 48 267 0(256.00, 256.00)
route 180, node_num 7, cost 1211.168000, nodes: 0(120000.00, 120000.00) 731 662 217 451 474 0(33488.00, 33488.00)
route 181, node_num 6, cost 850.374000, nodes: 0(120000.00, 120000.00) 734 735 122 784 0(59259.00, 59259.00)
route 182, node_num 6, cost 1456.084000, nodes: 0(120000.00, 120000.00) 736 224 467 517 0(15994.00, 15994.00)
route 183, node_num 6, cost 1728.678000, nodes: 0(120000.00, 120000.00) 738 646 509 840(19138.00, 22615.00) 0(0.00, 0.00)
route 184, node_num 8, cost 1291.948000, nodes: 0(120000.00, 120000.00) 743 204 545 62 329 469 0(27718.00, 27718.00)
route 185, node_num 5, cost 1593.088000, nodes: 0(120000.00, 120000.00) 752 127 604 0(6208.00, 6208.00)
route 186, node_num 6, cost 1946.448000, nodes: 0(120000.00, 120000.00) 1142(58613.00, 82613.00) 754 783 452 0(4968.00, 4968.00)
route 187, node_num 5, cost 877.142000, nodes: 0(120000.00, 120000.00) 757 394 21 0(57347.00, 57347.00)
route 188, node_num 8, cost 1887.326000, nodes: 0(120000.00, 120000.00) 368 29 73 617 413 871(21740.00, 36549.00) 0(0.00, 0.00)
route 189, node_num 6, cost 909.972000, nodes: 0(120000.00, 120000.00) 780 742 428 134 0(55002.00, 55002.00)
route 190, node_num 7, cost 1706.432000, nodes: 0(120000.00, 120000.00) 795 19 5 598 1161(30105.00, 31993.00) 0(0.00, 0.00)
route 191, node_num 4, cost 1290.156000, nodes: 0(120000.00, 120000.00) 798 152 0(27846.00, 27846.00)
route 192, node_num 7, cost 1650.432000, nodes: 0(120000.00, 120000.00) 812(72845.00, 72845.00) 88 30 36 181 0(2112.00, 2112.00)
route 193, node_num 7, cost 1782.830000, nodes: 0(120000.00, 120000.00) 827(86514.00, 120000.00) 347 324 534 308 0(26141.00, 26141.00)
route 194, node_num 6, cost 841.736000, nodes: 0(120000.00, 120000.00) 868(95394.00, 120000.00) 322 115 536 0(84482.00, 84482.00)
route 195, node_num 5, cost 1081.934000, nodes: 0(120000.00, 120000.00) 746 364 268 0(42719.00, 42719.00)
route 196, node_num 7, cost 1774.724000, nodes: 0(120000.00, 120000.00) 939(67416.00, 74182.00) 695 339 572 381 0(0.00, 0.00)
route 197, node_num 6, cost 1567.734000, nodes: 0(120000.00, 120000.00) 309 612 1047(57013.00, 57013.00) 775 0(8019.00, 8019.00)
route 198, node_num 7, cost 1665.972000, nodes: 0(120000.00, 120000.00) 989(78600.00, 78600.00) 700 772 564 177 0(1002.00, 1002.00)
vehicle (route) number: 199
Total cost: 324705.58
324705.58, 12775.18
