Details of the solution:
route 0, node_num 12, cost 104.568533, nodes: 0(79.69, 79.69) 7 12 14 16 19 18 17 15 192(11.03, 70.74) 13 0(34.84, 34.84)
route 1, node_num 14, cost 99.587855, nodes: 0(79.69, 79.69) 20 24 34 36 39 38 37 35 175(17.19, 37.09) 51 50 49 0(0.00, 0.00)
route 2, node_num 8, cost 38.009427, nodes: 0(79.69, 79.69) 21 22 25 27 28 26 0(41.68, 41.68)
route 3, node_num 10, cost 83.868342, nodes: 0(79.69, 79.69) 23 30 29 32 33 31 52 198(14.93, 19.10) 0(0.00, 0.00)
route 4, node_num 11, cost 55.127409, nodes: 0(79.69, 79.69) 41 40 42 44 45 48 46 47 43 0(24.56, 24.56)
route 5, node_num 12, cost 111.218184, nodes: 0(79.69, 79.69) 59 60 58 56 53 180(17.98, 79.69) 54 55 57 68 0(30.18, 30.18)
route 6, node_num 12, cost 120.260848, nodes: 0(79.69, 79.69) 67 65 63 79 77 80 182(7.16, 49.53) 72 61 64 0(1.80, 1.80)
route 7, node_num 14, cost 136.276835, nodes: 0(79.69, 79.69) 69 74 204(34.67, 50.55) 73 70 71 76 78 81 162(3.04, 43.74) 62 66 0(0.00, 0.00)
route 8, node_num 11, cost 58.757007, nodes: 0(79.69, 79.69) 75 1 2 4 6 10 11 9 8 0(20.93, 20.93)
route 9, node_num 12, cost 76.069565, nodes: 0(79.69, 79.69) 90 87 86 83 82 84 85 88 89 91 0(3.62, 3.62)
route 10, node_num 14, cost 99.631600, nodes: 0(79.69, 79.69) 98 96 95 94 92 93 97 100 99 188(16.29, 36.23) 5 3 0(-0.00, -0.00)
vehicle (route) number: 11
Total cost: 11983.38
12024.43, 630.21
12007.44, 630.97
11983.38, 630.24
13042.46, 457.19
12012.34, 630.01
12013.01, 630.20
12000.57, 630.14
13038.69, 630.23
11983.47, 630.00
11997.75, 630.29
