Details of the solution:
route 0, node_num 14, cost 101.335166, nodes: 0(79.69, 79.69) 11 190(48.64, 70.29) 12 14 16 15 19 18 17 13 23 21 0(-0.00, -0.00)
route 1, node_num 13, cost 87.961003, nodes: 0(79.69, 79.69) 20 22 25 27 33 35 31 52 177(14.59, 32.56) 49 47 0(9.70, 9.70)
route 2, node_num 14, cost 97.960295, nodes: 0(79.69, 79.69) 24 29 32 37 38 39 36 34 131(6.15, 24.42) 30 28 26 0(0.00, 0.00)
route 3, node_num 12, cost 63.473458, nodes: 0(79.69, 79.69) 41 40 44 45 48 51 50 46 43 42 0(16.22, 16.22)
route 4, node_num 13, cost 111.639748, nodes: 0(79.69, 79.69) 59 57 60 58 56 53 180(15.24, 64.95) 54 55 68 69 0(17.76, 17.76)
route 5, node_num 14, cost 137.535753, nodes: 0(79.69, 79.69) 63 141(40.25, 59.62) 80 73 70 71 76 78 81 77 79 183(0.00, 38.47) 0(0.00, 0.00)
route 6, node_num 10, cost 61.623198, nodes: 0(79.69, 79.69) 65 74 62 66 64 72 61 67 0(18.07, 18.07)
route 7, node_num 11, cost 57.222722, nodes: 0(79.69, 79.69) 75 5 3 4 7 10 9 6 8 0(22.47, 22.47)
route 8, node_num 12, cost 76.069565, nodes: 0(79.69, 79.69) 90 87 86 83 82 84 85 88 89 91 0(3.62, 3.62)
route 9, node_num 14, cost 97.537277, nodes: 0(79.69, 79.69) 98 96 95 94 92 93 97 100 99 188(16.29, 34.14) 2 1 0(0.00, 0.00)
vehicle (route) number: 10
Total cost: 10892.36
11912.53, 630.84
11911.41, 631.16
11936.86, 630.42
11912.89, 630.08
11947.39, 630.87
11982.95, 630.50
12048.48, 631.49
12003.55, 519.18
11017.35, 630.57
10892.36, 630.00
