Details of the solution:
route 0, node_num 13, cost 95.171993, nodes: 0(79.69, 79.69) 20 24 29 34 36 39 38 37 35 52 135(3.62, 19.10) 0(0.00, 0.00)
route 1, node_num 13, cost 67.579796, nodes: 0(79.69, 79.69) 21 22 25 27 30 28 26 10 11 9 8 0(12.11, 12.11)
route 2, node_num 12, cost 105.527503, nodes: 0(79.69, 79.69) 23 192(41.19, 79.69) 12 14 16 19 18 17 15 13 0(12.66, 12.66)
route 3, node_num 12, cost 99.323867, nodes: 0(79.69, 79.69) 40 42 44 32 33 31 154(17.46, 44.58) 51 50 49 0(7.49, 7.49)
route 4, node_num 13, cost 105.718855, nodes: 0(79.69, 79.69) 41 200(56.89, 73.23) 59 60 58 56 53 54 55 57 179(0.00, 0.00) 0(0.00, 0.00)
route 5, node_num 11, cost 125.423650, nodes: 0(79.69, 79.69) 63 162(40.25, 65.50) 73 70 71 76 78 81 183(17.99, 38.47) 0(0.00, 0.00)
route 6, node_num 11, cost 118.846585, nodes: 0(79.69, 79.69) 65 74 141(38.60, 79.69) 79 77 80 72 61 66 0(1.93, 1.93)
route 7, node_num 12, cost 74.615433, nodes: 0(79.69, 79.69) 67 62 64 68 69 45 48 46 47 43 0(5.07, 5.07)
route 8, node_num 10, cost 47.785754, nodes: 0(79.69, 79.69) 75 1 2 4 6 7 3 5 0(31.90, 31.90)
route 9, node_num 12, cost 76.844165, nodes: 0(79.69, 79.69) 90 87 86 82 83 84 85 88 89 91 0(2.85, 2.85)
route 10, node_num 12, cost 96.051766, nodes: 0(79.69, 79.69) 98 96 95 94 92 93 97 100 99 146(16.29, 32.65) 0(0.00, 0.00)
vehicle (route) number: 11
Total cost: 12012.89
12026.16, 241.32
12026.69, 240.29
12023.60, 484.43
12029.25, 275.11
12023.60, 347.45
12014.05, 458.94
12023.60, 410.59
12012.89, 423.51
13012.98, 359.89
12023.60, 111.04
