Details of the solution:
route 0, node_num 14, cost 114.499233, nodes: 0(79.69, 79.69) 20 24 29 32 33 31 196(33.16, 67.97) 26 10 11 9 8 0(-0.00, -0.00)
route 1, node_num 12, cost 78.405009, nodes: 0(79.69, 79.69) 21 23 30 28 2 4 6 7 3 5 0(1.28, 1.28)
route 2, node_num 14, cost 100.574865, nodes: 0(79.69, 79.69) 22 25 27 34 36 39 38 37 35 175(16.20, 37.08) 51 50 0(0.00, 0.00)
route 3, node_num 13, cost 66.030308, nodes: 0(79.69, 79.69) 41 40 42 44 45 48 46 43 47 49 52 0(13.66, 13.66)
route 4, node_num 13, cost 138.269919, nodes: 0(79.69, 79.69) 62 64 68 69 183(19.12, 32.15) 79 77 80 119(0.00, 45.55) 72 66 0(-0.00, -0.00)
route 5, node_num 13, cost 127.833696, nodes: 0(79.69, 79.69) 65 63 74 204(37.84, 47.51) 73 70 71 76 78 81 162(0.00, 38.47) 0(0.00, 0.00)
route 6, node_num 13, cost 118.257232, nodes: 0(79.69, 79.69) 67 59 60 58 56 53 159(14.26, 52.83) 54 57 55 61 0(-0.00, -0.00)
route 7, node_num 14, cost 98.822134, nodes: 0(79.69, 79.69) 75 1 98 96 95 94 92 93 97 100 99 188(13.52, 32.65) 0(-0.00, -0.00)
route 8, node_num 12, cost 76.069565, nodes: 0(79.69, 79.69) 90 87 86 83 82 84 85 88 89 91 0(3.62, 3.62)
route 9, node_num 11, cost 101.297916, nodes: 0(79.69, 79.69) 169(48.64, 79.69) 12 14 16 19 18 17 15 13 0(9.44, 9.44)
vehicle (route) number: 10
Total cost: 11020.06
11998.80, 603.09
12018.65, 630.09
12007.20, 630.09
11997.59, 630.03
12029.21, 445.71
12008.03, 630.23
11997.59, 630.56
11020.06, 630.41
12074.22, 168.63
12018.18, 572.07
