Details of the solution:
route 0, node_num 7, cost 104.249109, nodes: 0(62.14, 62.14) 1 66 149(6.48, 62.14) 63 30 0(13.55, 13.55)
route 1, node_num 9, cost 78.204771, nodes: 0(62.14, 62.14) 5 17 84 45 153(15.43, 31.49) 83 60 0(0.00, 0.00)
route 2, node_num 11, cost 120.762874, nodes: 0(62.14, 62.14) 9 105(24.74, 61.40) 65 71 35 168(25.40, 25.40) 20 51 125(3.10, 25.06) 0(0.00, 0.00)
route 3, node_num 10, cost 92.995812, nodes: 0(62.14, 62.14) 18 8 46 36 172(9.36, 62.14) 47 48 82 0(21.93, 21.93)
route 4, node_num 8, cost 57.015619, nodes: 0(62.14, 62.14) 28 3 68 80 77 76 0(5.12, 5.12)
route 5, node_num 10, cost 93.756333, nodes: 0(62.14, 62.14) 31 19 11 192(12.44, 16.49) 7 129(0.00, 62.14) 62 88 0(34.58, 34.58)
route 6, node_num 10, cost 93.380534, nodes: 0(62.14, 62.14) 33 81 34 78 29 102(3.23, 34.47) 24 12 0(0.00, 0.00)
route 7, node_num 8, cost 61.128530, nodes: 0(62.14, 62.14) 53 40 56 72 73 21 0(1.01, 1.01)
route 8, node_num 8, cost 76.355498, nodes: 0(62.14, 62.14) 54 4 204(23.05, 37.26) 25 55 26 0(0.00, 0.00)
route 9, node_num 7, cost 45.864584, nodes: 0(62.14, 62.14) 58 13 95 97 87 0(16.28, 16.28)
route 10, node_num 8, cost 76.928508, nodes: 0(62.14, 62.14) 70 104(31.00, 62.14) 79 50 69 27 0(16.36, 16.36)
route 11, node_num 11, cost 108.460081, nodes: 0(62.14, 62.14) 74 202(31.89, 46.27) 39 67 23 160(7.52, 39.46) 75 22 41 0(0.00, 0.00)
route 12, node_num 5, cost 38.565674, nodes: 0(62.14, 62.14) 89 6 52 0(23.57, 23.57)
route 13, node_num 11, cost 98.616510, nodes: 0(62.14, 62.14) 93 61 16 91 15 178(1.68, 41.33) 42 57 2 0(3.18, 3.18)
route 14, node_num 10, cost 59.824681, nodes: 0(62.14, 62.14) 96 98 100 85 59 92 99 94 0(2.32, 2.32)
route 15, node_num 9, cost 117.797512, nodes: 0(62.14, 62.14) 127(37.40, 62.14) 10 32 90 64 49 151(7.29, 38.21) 0(0.00, 0.00)
route 16, node_num 10, cost 123.690895, nodes: 0(62.14, 62.14) 157(31.78, 53.20) 43 38 86 175(7.61, 62.14) 14 44 37 0(14.40, 14.40)
vehicle (route) number: 17
Total cost: 18447.60
18447.60, 630.01
20518.45, 214.93
20521.65, 412.59
19451.45, 596.20
19475.81, 630.07
18460.25, 473.50
19467.42, 403.08
19492.36, 182.42
19458.95, 507.02
19462.24, 531.00
