Details of the solution:
route 0, node_num 6, cost 82.780179, nodes: 0(62.14, 62.14) 1 66 20 188(4.42, 25.06) 0(0.00, 0.00)
route 1, node_num 9, cost 76.442957, nodes: 0(62.14, 62.14) 6 61 16 86 44 37 198(0.56, 14.87) 0(-0.00, -0.00)
route 2, node_num 10, cost 92.995812, nodes: 0(62.14, 62.14) 18 8 46 36 172(9.36, 62.14) 47 48 82 0(21.93, 21.93)
route 3, node_num 12, cost 107.762728, nodes: 0(62.14, 62.14) 21 140(27.02, 32.54) 39 67 23 202(2.00, 62.14) 75 74 22 41 0(20.03, 20.03)
route 4, node_num 10, cost 83.588610, nodes: 0(62.14, 62.14) 28 68 123(35.30, 62.14) 78 34 3 77 76 0(5.39, 5.39)
route 5, node_num 11, cost 107.460017, nodes: 0(62.14, 62.14) 31 62 150(33.46, 54.84) 19 49 64 11 192(2.52, 26.45) 88 0(0.00, 0.00)
route 6, node_num 8, cost 61.035476, nodes: 0(62.14, 62.14) 53 40 56 72 73 58 0(1.10, 1.10)
route 7, node_num 8, cost 76.355498, nodes: 0(62.14, 62.14) 54 4 204(23.05, 37.26) 25 55 26 0(0.00, 0.00)
route 8, node_num 13, cost 77.020336, nodes: 0(62.14, 62.14) 60 83 45 17 84 5 99 59 114(1.74, 16.62) 95 94 0(-0.00, -0.00)
route 9, node_num 8, cost 72.641168, nodes: 0(62.14, 62.14) 79 29 24 102(15.82, 30.68) 80 12 0(4.36, 4.36)
route 10, node_num 7, cost 58.105429, nodes: 0(62.14, 62.14) 89 7 52 69 27 0(4.03, 4.03)
route 11, node_num 11, cost 61.447491, nodes: 0(62.14, 62.14) 96 93 91 85 98 92 97 87 13 0(0.69, 0.69)
route 12, node_num 9, cost 80.974605, nodes: 0(62.14, 62.14) 127(37.40, 62.14) 10 63 90 32 30 70 0(5.90, 5.90)
route 13, node_num 12, cost 111.479450, nodes: 0(62.14, 62.14) 156(47.27, 58.46) 100 14 38 43 15 178(0.00, 45.80) 42 57 2 0(7.64, 7.64)
route 14, node_num 12, cost 107.280101, nodes: 0(62.14, 62.14) 167(37.08, 43.35) 51 35 65 71 168(0.12, 38.99) 9 81 33 50 0(-0.00, -0.00)
vehicle (route) number: 15
Total cost: 16257.37
17330.61, 630.11
17311.61, 630.11
16272.16, 630.58
17355.20, 630.01
17320.82, 630.04
16281.57, 630.04
16314.05, 630.12
16322.53, 630.70
16257.37, 630.63
16324.18, 437.57
