Details of the solution:
route 0, node_num 11, cost 82.605790, nodes: 0(67.15, 67.15) 1 70 30 146(31.24, 67.15) 3 77 76 12 26 0(20.45, 20.45)
route 1, node_num 16, cost 80.949199, nodes: 0(67.15, 67.15) 6 59 92 98 37 100 91 154(34.54, 48.34) 17 84 5 99 96 94 0(0.00, 0.00)
route 2, node_num 9, cost 109.481767, nodes: 0(67.15, 67.15) 46 36 49 172(3.67, 60.90) 47 19 88 0(14.90, 14.90)
route 3, node_num 13, cost 108.669317, nodes: 0(67.15, 67.15) 21 72 75 56 23 67 161(5.05, 48.73) 39 25 55 54 0(2.17, 2.17)
route 4, node_num 10, cost 80.568171, nodes: 0(67.15, 67.15) 53 40 4 73 74 22 41 116(1.62, 15.03) 0(0.00, 0.00)
route 5, node_num 11, cost 73.660327, nodes: 0(67.15, 67.15) 58 179(51.77, 67.15) 2 57 15 43 42 87 13 0(8.87, 8.87)
route 6, node_num 12, cost 107.595887, nodes: 0(67.15, 67.15) 62 150(39.65, 62.61) 11 64 63 90 32 10 190(7.26, 24.74) 31 0(0.00, 0.00)
route 7, node_num 8, cost 63.015103, nodes: 0(67.15, 67.15) 89 60 83 45 8 18 0(4.13, 4.13)
route 8, node_num 14, cost 108.079178, nodes: 0(67.15, 67.15) 93 61 85 196(33.60, 60.82) 16 86 44 38 14 97 95 135(1.15, 14.87) 0(0.00, 0.00)
route 9, node_num 14, cost 104.677795, nodes: 0(67.15, 67.15) 167(42.09, 51.16) 51 9 34 78 79 29 24 102(0.00, 28.46) 80 68 28 0(0.00, 0.00)
route 10, node_num 9, cost 70.351169, nodes: 0(67.15, 67.15) 194(49.12, 67.15) 82 48 7 52 69 27 0(14.83, 14.83)
route 11, node_num 12, cost 116.358222, nodes: 0(67.15, 67.15) 188(42.09, 67.15) 20 66 65 71 168(23.06, 47.21) 35 81 33 50 0(-0.00, -0.00)
vehicle (route) number: 12
Total cost: 13106.01
15157.52, 630.07
14117.96, 630.31
14108.77, 630.34
14128.71, 630.25
14163.28, 630.25
14150.00, 630.40
14174.25, 446.41
13136.00, 630.01
13106.01, 630.33
14128.43, 631.41
