Details of the solution:
route 0, node_num 9, cost 117.520566, nodes: 0(62.60, 62.60) 1 70 66 149(3.36, 58.29) 63 20 30 0(0.00, 0.00)
route 1, node_num 11, cost 121.032348, nodes: 0(62.60, 62.60) 3 81 9 147(19.85, 26.00) 65 168(0.00, 62.60) 71 35 51 0(10.31, 10.31)
route 2, node_num 9, cost 80.795227, nodes: 0(62.60, 62.60) 89 152(43.60, 62.60) 7 52 50 69 27 0(0.80, 0.80)
route 3, node_num 13, cost 109.486727, nodes: 0(62.60, 62.60) 21 74 75 56 39 161(20.54, 29.22) 67 23 118(-0.00, 38.20) 22 41 0(0.00, 0.00)
route 4, node_num 9, cost 66.924563, nodes: 0(62.60, 62.60) 28 68 80 24 186(25.45, 61.25) 77 76 0(31.48, 31.48)
route 5, node_num 11, cost 118.333910, nodes: 0(62.60, 62.60) 31 10 90 32 170(23.29, 51.71) 64 49 151(11.98, 39.30) 47 0(0.00, 0.00)
route 6, node_num 10, cost 89.373650, nodes: 0(62.60, 62.60) 33 79 78 34 29 102(2.66, 29.43) 12 26 0(0.00, 0.00)
route 7, node_num 10, cost 79.422388, nodes: 0(62.60, 62.60) 53 40 58 15 178(21.33, 38.16) 42 57 2 0(0.00, 0.00)
route 8, node_num 10, cost 106.247691, nodes: 0(62.60, 62.60) 62 11 19 36 172(3.87, 59.35) 48 82 88 0(11.83, 11.83)
route 9, node_num 10, cost 54.944594, nodes: 0(62.60, 62.60) 6 93 59 92 95 97 87 13 0(7.66, 7.66)
route 10, node_num 12, cost 89.720099, nodes: 0(62.60, 62.60) 96 5 61 16 85 91 175(17.64, 62.60) 44 14 37 0(17.84, 17.84)
route 11, node_num 12, cost 101.565179, nodes: 0(62.60, 62.60) 18 173(44.55, 52.03) 8 46 17 84 45 153(-0.00, 31.49) 83 60 0(0.00, 0.00)
route 12, node_num 11, cost 107.010693, nodes: 0(62.60, 62.60) 199(32.24, 61.78) 43 38 86 100 98 99 177(0.00, 14.87) 94 0(0.00, 0.00)
route 13, node_num 9, cost 87.117629, nodes: 0(62.60, 62.60) 204(32.19, 57.88) 25 55 54 4 72 73 0(1.18, 1.18)
vehicle (route) number: 14
Total cost: 15329.50
17337.67, 286.10
16372.91, 253.63
17342.58, 543.84
16368.12, 630.07
16312.76, 631.29
16320.01, 630.02
17358.84, 630.00
16330.94, 633.21
15329.50, 630.32
16342.10, 630.40
