Details of the solution:
route 0, node_num 12, cost 97.339540, nodes: 0(66.28, 66.28) 1 20 32 63 90 10 148(2.83, 33.89) 62 88 31 0(0.00, 0.00)
route 1, node_num 14, cost 70.069251, nodes: 0(66.28, 66.28) 6 96 61 16 196(31.94, 60.31) 91 85 93 99 92 97 95 0(24.58, 24.58)
route 2, node_num 13, cost 122.174727, nodes: 0(66.28, 66.28) 18 194(48.23, 48.23) 48 47 172(24.65, 66.28) 36 49 64 11 19 108(12.16, 26.42) 0(0.00, 0.00)
route 3, node_num 12, cost 106.752361, nodes: 0(66.28, 66.28) 21 56 39 67 23 160(1.64, 42.11) 75 74 22 41 0(0.00, 0.00)
route 4, node_num 6, cost 62.409292, nodes: 0(66.28, 66.28) 26 54 69 27 0(3.87, 3.87)
route 5, node_num 8, cost 56.722246, nodes: 0(66.28, 66.28) 28 68 79 3 77 76 0(9.56, 9.56)
route 6, node_num 14, cost 101.476880, nodes: 0(66.28, 66.28) 50 188(39.31, 48.18) 51 33 81 78 34 29 24 102(-0.00, 26.32) 80 12 0(-0.00, -0.00)
route 7, node_num 10, cost 80.337191, nodes: 0(66.28, 66.28) 53 40 55 25 204(25.25, 39.30) 4 72 73 0(0.00, 0.00)
route 8, node_num 11, cost 81.549265, nodes: 0(66.28, 66.28) 58 179(50.90, 66.28) 2 15 43 42 57 87 13 0(0.11, 0.11)
route 9, node_num 7, cost 62.901259, nodes: 0(66.28, 66.28) 60 83 8 7 52 0(3.38, 3.38)
route 10, node_num 10, cost 93.031393, nodes: 0(66.28, 66.28) 89 5 17 84 45 132(19.10, 66.28) 46 82 0(20.43, 20.43)
route 11, node_num 13, cost 99.546542, nodes: 0(66.28, 66.28) 94 177(51.41, 66.28) 59 98 100 14 38 86 44 175(8.82, 27.21) 37 0(0.00, 0.00)
route 12, node_num 11, cost 127.878004, nodes: 0(66.28, 66.28) 104(41.22, 66.28) 9 35 65 66 168(11.35, 47.88) 71 30 70 0(0.00, 0.00)
vehicle (route) number: 13
Total cost: 14162.19
15202.83, 630.02
15199.99, 630.02
15215.33, 631.91
16237.17, 630.52
14191.29, 630.42
15238.52, 630.38
14162.19, 630.43
14163.02, 631.72
15236.31, 630.20
15275.36, 630.08
