Details of the solution:
route 0, node_num 12, cost 103.678725, nodes: 0(65.17, 65.17) 1 188(39.94, 65.17) 20 66 32 90 63 10 127(13.57, 26.85) 88 0(0.00, 0.00)
route 1, node_num 8, cost 65.094988, nodes: 0(65.17, 65.17) 3 79 81 33 50 69 0(0.08, 0.08)
route 2, node_num 11, cost 72.662860, nodes: 0(65.17, 65.17) 6 52 18 59 92 97 95 177(7.38, 14.87) 94 0(0.00, 0.00)
route 3, node_num 10, cost 89.850759, nodes: 0(65.17, 65.17) 7 192(35.71, 60.39) 11 19 47 48 82 27 0(0.00, 0.00)
route 4, node_num 11, cost 103.212946, nodes: 0(65.17, 65.17) 21 56 39 67 23 118(0.53, 38.57) 41 73 53 0(-0.00, -0.00)
route 5, node_num 10, cost 121.298555, nodes: 0(65.17, 65.17) 31 62 150(36.49, 65.17) 64 49 151(25.12, 52.57) 36 46 0(-0.00, -0.00)
route 6, node_num 10, cost 74.746025, nodes: 0(65.17, 65.17) 40 74 22 139(32.31, 65.17) 75 72 4 26 0(23.28, 23.28)
route 7, node_num 8, cost 80.546817, nodes: 0(65.17, 65.17) 54 55 25 24 123(10.80, 26.18) 12 0(0.00, 0.00)
route 8, node_num 10, cost 72.493880, nodes: 0(65.17, 65.17) 58 179(49.79, 57.11) 2 15 57 42 87 13 0(0.00, 0.00)
route 9, node_num 11, cost 86.501022, nodes: 0(65.17, 65.17) 68 80 102(36.79, 58.12) 29 78 34 77 76 28 0(-0.00, -0.00)
route 10, node_num 11, cost 124.200896, nodes: 0(65.17, 65.17) 70 126(22.14, 59.79) 65 35 71 168(25.04, 46.42) 9 51 30 0(0.00, 0.00)
route 11, node_num 10, cost 87.152991, nodes: 0(65.17, 65.17) 89 60 8 84 17 174(8.59, 30.57) 45 83 0(0.00, 0.00)
route 12, node_num 13, cost 72.699672, nodes: 0(65.17, 65.17) 96 61 16 133(30.99, 40.47) 85 91 100 98 37 93 99 0(1.94, 1.94)
route 13, node_num 10, cost 114.891850, nodes: 0(65.17, 65.17) 199(34.81, 65.17) 43 14 38 86 44 196(11.31, 30.67) 5 0(0.00, 0.00)
vehicle (route) number: 14
Total cost: 15269.03
15274.30, 630.22
16312.33, 630.21
16266.47, 575.75
16293.55, 599.46
16290.21, 630.56
15278.36, 630.85
15269.27, 520.66
16259.64, 630.73
16271.32, 630.89
15269.03, 630.01
