Details of the solution:
route 0, node_num 12, cost 116.081867, nodes: 0(67.12, 67.12) 1 188(41.89, 67.12) 20 66 65 71 35 9 51 167(1.33, 25.06) 0(0.00, 0.00)
route 1, node_num 9, cost 64.073164, nodes: 0(67.12, 67.12) 3 79 81 33 50 76 28 0(3.05, 3.05)
route 2, node_num 11, cost 69.790812, nodes: 0(67.12, 67.12) 6 198(50.84, 67.12) 59 37 100 93 99 5 83 0(13.61, 13.61)
route 3, node_num 11, cost 98.966085, nodes: 0(67.12, 67.12) 8 45 132(33.05, 64.90) 46 36 47 48 82 18 0(0.00, 0.00)
route 4, node_num 13, cost 115.499762, nodes: 0(67.12, 67.12) 21 56 23 67 39 161(6.36, 24.33) 4 25 55 162(0.00, 30.42) 26 0(0.00, 0.00)
route 5, node_num 12, cost 84.478103, nodes: 0(67.12, 67.12) 40 72 74 75 22 41 180(27.17, 44.53) 57 73 53 0(-0.00, -0.00)
route 6, node_num 10, cost 89.577172, nodes: 0(67.12, 67.12) 52 7 190(33.18, 67.12) 10 63 90 32 30 0(11.48, 11.48)
route 7, node_num 10, cost 73.549265, nodes: 0(67.12, 67.12) 58 179(51.74, 58.17) 2 15 43 42 87 13 0(-0.00, -0.00)
route 8, node_num 12, cost 105.551295, nodes: 0(67.12, 67.12) 68 80 54 102(26.74, 67.12) 24 29 34 78 77 12 0(1.95, 1.95)
route 9, node_num 4, cost 24.445635, nodes: 0(67.12, 67.12) 69 27 0(42.67, 42.67)
route 10, node_num 12, cost 118.301893, nodes: 0(67.12, 67.12) 70 31 62 150(27.59, 66.01) 11 64 49 19 192(13.69, 26.45) 88 0(0.00, 0.00)
route 11, node_num 12, cost 87.110988, nodes: 0(67.12, 67.12) 89 60 84 17 61 16 86 196(6.06, 26.05) 85 94 0(0.00, 0.00)
route 12, node_num 12, cost 92.431285, nodes: 0(67.12, 67.12) 96 14 38 44 175(4.77, 30.08) 91 98 92 97 95 0(-0.00, -0.00)
vehicle (route) number: 13
Total cost: 14139.86
14144.90, 630.08
14139.86, 630.10
14180.28, 630.17
14169.06, 630.08
14174.84, 630.26
15181.86, 632.41
14158.15, 632.57
14142.41, 632.04
14195.00, 267.51
14168.56, 630.06
