Details of the solution:
route 0, node_num 12, cost 116.408843, nodes: 0(65.80, 65.80) 1 188(40.57, 52.54) 20 66 65 35 71 168(0.00, 38.64) 9 51 0(0.00, 0.00)
route 1, node_num 11, cost 85.298097, nodes: 0(65.80, 65.80) 3 79 78 34 81 33 146(8.49, 27.99) 50 28 0(0.00, 0.00)
route 2, node_num 11, cost 78.296373, nodes: 0(65.80, 65.80) 6 60 84 17 45 8 83 173(5.55, 18.05) 18 0(-0.00, -0.00)
route 3, node_num 10, cost 81.004098, nodes: 0(65.80, 65.80) 27 70 30 32 90 63 10 127(9.53, 24.74) 0(0.00, 0.00)
route 4, node_num 12, cost 116.634229, nodes: 0(65.80, 65.80) 31 62 150(37.12, 65.80) 11 64 49 36 172(18.75, 40.90) 19 88 0(-0.00, -0.00)
route 5, node_num 13, cost 79.563940, nodes: 0(65.80, 65.80) 40 21 74 22 75 160(30.96, 44.72) 56 4 72 73 53 0(0.00, 0.00)
route 6, node_num 10, cost 96.733430, nodes: 0(65.80, 65.80) 52 7 48 47 46 82 131(1.16, 32.09) 69 0(0.00, 0.00)
route 7, node_num 11, cost 109.752081, nodes: 0(65.80, 65.80) 54 55 25 140(23.69, 30.54) 39 67 23 118(-0.00, 37.11) 41 0(0.00, 0.00)
route 8, node_num 11, cost 75.234242, nodes: 0(65.80, 65.80) 58 179(50.42, 59.85) 2 57 15 43 42 95 94 0(-0.00, -0.00)
route 9, node_num 11, cost 80.411704, nodes: 0(65.80, 65.80) 68 80 102(37.42, 65.80) 24 29 77 76 12 26 0(13.77, 13.77)
route 10, node_num 12, cost 111.537492, nodes: 0(65.80, 65.80) 85 91 14 38 44 196(1.91, 47.65) 16 86 61 5 0(0.00, 0.00)
route 11, node_num 15, cost 70.550754, nodes: 0(65.80, 65.80) 89 96 177(45.03, 65.80) 92 98 37 100 93 99 59 97 87 13 0(16.02, 16.02)
vehicle (route) number: 12
Total cost: 13101.43
14156.77, 630.92
14159.62, 630.29
13101.43, 630.07
15158.02, 630.04
15264.56, 630.20
15193.04, 630.95
15198.54, 630.16
15183.02, 632.46
14197.24, 630.09
14168.48, 630.02
