Details of the solution:
route 0, node_num 12, cost 116.408843, nodes: 0(65.48, 65.48) 1 188(40.25, 52.54) 20 66 65 35 71 168(0.00, 38.64) 9 51 0(0.00, 0.00)
route 1, node_num 12, cost 54.739002, nodes: 0(65.48, 65.48) 6 59 93 98 100 37 92 97 95 94 0(10.74, 10.74)
route 2, node_num 11, cost 119.307397, nodes: 0(65.48, 65.48) 8 46 36 172(12.70, 40.08) 49 64 11 150(0.00, 26.45) 88 0(0.00, 0.00)
route 3, node_num 8, cost 53.336059, nodes: 0(65.48, 65.48) 28 76 77 3 79 50 0(12.14, 12.14)
route 4, node_num 12, cost 92.203148, nodes: 0(65.48, 65.48) 33 81 78 34 29 24 102(1.99, 28.71) 68 80 12 0(0.00, 0.00)
route 5, node_num 14, cost 92.536888, nodes: 0(65.48, 65.48) 40 21 74 75 22 41 180(25.95, 53.01) 15 43 42 87 13 0(0.00, 0.00)
route 6, node_num 10, cost 81.339880, nodes: 0(65.48, 65.48) 54 72 73 2 57 179(0.04, 15.90) 58 53 0(-0.00, -0.00)
route 7, node_num 11, cost 105.304970, nodes: 0(65.48, 65.48) 56 23 67 39 140(4.86, 44.68) 25 55 4 26 0(-0.00, -0.00)
route 8, node_num 10, cost 81.669910, nodes: 0(65.48, 65.48) 62 192(37.98, 65.48) 19 47 48 82 7 52 0(11.31, 11.31)
route 9, node_num 12, cost 83.606441, nodes: 0(65.48, 65.48) 70 30 32 90 63 10 190(9.24, 27.37) 31 69 27 0(-0.00, -0.00)
route 10, node_num 11, cost 72.562215, nodes: 0(65.48, 65.48) 89 60 5 84 17 45 83 173(10.97, 18.05) 18 0(-0.00, -0.00)
route 11, node_num 14, cost 101.628028, nodes: 0(65.48, 65.48) 96 85 196(39.58, 60.86) 91 44 14 38 86 16 61 99 198(-0.00, 14.87) 0(0.00, 0.00)
vehicle (route) number: 12
Total cost: 13054.64
13067.82, 631.69
14098.52, 634.74
13064.44, 633.52
13084.31, 632.29
13087.12, 630.62
14106.69, 630.10
13082.08, 633.12
13054.64, 630.09
14132.11, 630.07
14152.50, 630.13
