Details of the solution:
route 0, node_num 11, cost 120.551830, nodes: 0(79.69, 79.69) 14 153(32.63, 79.69) 78 12 15 16 17 47 53 0(6.20, 6.20)
route 1, node_num 9, cost 103.753063, nodes: 0(79.69, 79.69) 24 19 22 64 116(10.95, 43.99) 56 92 0(8.98, 8.98)
route 2, node_num 13, cost 111.910642, nodes: 0(79.69, 79.69) 42 44 36 37 38 39 43 167(12.03, 45.93) 54 96 81 0(1.68, 1.68)
route 3, node_num 9, cost 99.782191, nodes: 0(79.69, 79.69) 57 178(40.60, 79.69) 25 23 49 20 83 0(19.00, 19.00)
route 4, node_num 9, cost 83.120901, nodes: 0(79.69, 79.69) 65 135(59.02, 62.45) 99 9 13 11 10 0(0.00, 0.00)
route 5, node_num 9, cost 131.862274, nodes: 0(79.69, 79.69) 66 76 63 85 160(15.00, 67.17) 89 51 0(0.00, 0.00)
route 6, node_num 12, cost 136.068151, nodes: 0(79.69, 79.69) 67 120(40.25, 79.69) 32 28 26 31 27 29 34 183(21.53, 38.47) 0(0.00, 0.00)
route 7, node_num 12, cost 131.407551, nodes: 0(79.69, 79.69) 69 194(56.15, 79.69) 60 79 73 3 5 1 127(7.48, 35.66) 61 0(0.00, 0.00)
route 8, node_num 7, cost 65.596143, nodes: 0(79.69, 79.69) 70 88 98 82 90 0(14.09, 14.09)
route 9, node_num 10, cost 117.149324, nodes: 0(79.69, 79.69) 80 95 84 33 30 162(2.30, 39.76) 50 62 0(0.00, 0.00)
route 10, node_num 4, cost 42.166206, nodes: 0(79.69, 79.69) 91 68 0(37.52, 37.52)
route 11, node_num 10, cost 110.066005, nodes: 0(79.69, 79.69) 94 93 71 72 41 35 40 188(2.27, 32.65) 0(-0.00, -0.00)
route 12, node_num 12, cost 95.430146, nodes: 0(79.69, 79.69) 100 192(45.19, 79.69) 4 45 8 7 6 46 2 55 0(18.76, 18.76)
route 13, node_num 10, cost 131.026645, nodes: 0(79.69, 79.69) 156(60.59, 79.69) 87 59 97 75 74 86 112(0.78, 33.02) 0(0.00, 0.00)
route 14, node_num 10, cost 127.307270, nodes: 0(79.69, 79.69) 198(60.59, 79.69) 52 58 77 21 48 18 180(11.30, 39.81) 0(0.00, 0.00)
vehicle (route) number: 15
Total cost: 16607.20
18608.80, 630.56
18662.01, 253.24
16607.20, 630.17
17613.72, 574.37
17549.39, 630.44
17585.78, 581.54
18617.76, 329.87
18598.58, 630.20
17588.68, 630.03
17608.51, 571.17
