Details of the solution:
route 0, node_num 6, cost 72.396160, nodes: 0(79.69, 79.69) 66 64 20 83 0(7.29, 7.29)
route 1, node_num 11, cost 139.706318, nodes: 0(79.69, 79.69) 51 118(41.15, 79.69) 76 85 63 89 180(24.53, 46.00) 22 24 0(0.00, 0.00)
route 2, node_num 12, cost 116.874974, nodes: 0(79.69, 79.69) 57 136(40.60, 79.69) 77 25 23 21 48 18 19 49 0(1.91, 1.91)
route 3, node_num 7, cost 50.859602, nodes: 0(79.69, 79.69) 55 88 98 82 90 0(28.83, 28.83)
route 4, node_num 12, cost 116.829957, nodes: 0(79.69, 79.69) 69 60 79 78 73 153(17.04, 54.18) 12 11 10 53 0(0.00, 0.00)
route 5, node_num 9, cost 82.851372, nodes: 0(79.69, 79.69) 81 125(45.81, 79.69) 42 41 72 54 96 0(30.72, 30.72)
route 6, node_num 7, cost 59.896356, nodes: 0(79.69, 79.69) 91 84 56 92 80 0(19.79, 19.79)
route 7, node_num 3, cost 20.000000, nodes: 0(79.69, 79.69) 68 0(59.69, 59.69)
route 8, node_num 11, cost 131.463308, nodes: 0(79.69, 79.69) 93 71 102(45.05, 61.84) 31 28 26 27 29 204(3.49, 38.47) 0(0.00, 0.00)
route 9, node_num 12, cost 114.167876, nodes: 0(79.69, 79.69) 95 62 50 120(39.25, 79.69) 33 32 30 34 67 94 0(5.96, 5.96)
route 10, node_num 13, cost 101.802875, nodes: 0(79.69, 79.69) 65 99 52 154(41.07, 64.05) 9 13 15 16 17 47 14 0(0.87, 0.87)
route 11, node_num 15, cost 105.104435, nodes: 0(79.69, 79.69) 100 2 192(43.31, 79.69) 4 6 7 8 46 45 5 3 1 70 0(10.96, 10.96)
route 12, node_num 11, cost 123.438459, nodes: 0(79.69, 79.69) 112(46.67, 79.69) 87 59 97 75 58 74 86 114(8.37, 19.10) 0(0.00, 0.00)
route 13, node_num 13, cost 106.317103, nodes: 0(79.69, 79.69) 146(47.04, 58.37) 44 36 35 37 38 39 40 43 188(17.72, 33.02) 61 0(0.00, 0.00)
vehicle (route) number: 14
Total cost: 15341.71
15427.38, 509.45
16443.56, 630.10
15399.89, 539.26
15456.00, 630.05
15443.43, 630.01
15400.51, 630.04
15369.76, 630.25
15420.07, 630.18
16492.64, 630.01
15341.71, 589.42
