Details of the solution:
route 0, node_num 8, cost 113.546893, nodes: 0(79.69, 79.69) 55 79 73 7 46 192(0.62, 34.48) 0(0.00, 0.00)
route 1, node_num 8, cost 130.278691, nodes: 0(79.69, 79.69) 57 59 87 175(20.61, 79.69) 9 97 0(8.50, 8.50)
route 2, node_num 11, cost 128.942536, nodes: 0(79.69, 79.69) 62 204(41.05, 79.69) 32 33 26 28 30 162(28.83, 39.44) 67 0(0.00, 0.00)
route 3, node_num 9, cost 85.729541, nodes: 0(79.69, 79.69) 65 99 52 24 22 20 158(12.99, 19.03) 0(0.00, 0.00)
route 4, node_num 12, cost 111.055076, nodes: 0(79.69, 79.69) 66 116(60.33, 79.69) 19 49 18 23 25 21 48 200(7.02, 19.03) 0(0.00, 0.00)
route 5, node_num 10, cost 88.405967, nodes: 0(79.69, 79.69) 69 53 14 47 78 173(17.75, 31.65) 88 98 0(5.18, 5.18)
route 6, node_num 4, cost 39.942513, nodes: 0(79.69, 79.69) 70 68 0(39.75, 39.75)
route 7, node_num 9, cost 118.161679, nodes: 0(79.69, 79.69) 80 120(41.19, 79.69) 31 29 27 34 50 0(0.03, 0.03)
route 8, node_num 8, cost 73.321335, nodes: 0(79.69, 79.69) 91 84 56 92 94 96 0(6.37, 6.37)
route 9, node_num 9, cost 89.839552, nodes: 0(79.69, 79.69) 93 71 72 41 167(27.22, 50.43) 54 81 0(13.06, 13.06)
route 10, node_num 7, cost 72.349660, nodes: 0(79.69, 79.69) 95 64 83 82 90 0(7.34, 7.34)
route 11, node_num 14, cost 115.186862, nodes: 0(79.69, 79.69) 100 150(45.19, 79.69) 45 4 2 6 8 3 5 1 169(34.66, 35.66) 61 0(0.00, 0.00)
route 12, node_num 12, cost 118.213941, nodes: 0(79.69, 79.69) 112(46.67, 79.69) 13 11 10 12 15 16 17 60 194(17.90, 23.41) 0(0.00, 0.00)
route 13, node_num 9, cost 126.281161, nodes: 0(79.69, 79.69) 118(41.61, 75.33) 76 85 63 89 139(25.67, 38.54) 51 0(0.00, 0.00)
route 14, node_num 13, cost 119.832644, nodes: 0(79.69, 79.69) 146(47.04, 65.22) 42 44 36 37 38 39 43 40 35 104(10.69, 32.65) 0(0.00, 0.00)
route 15, node_num 9, cost 135.949218, nodes: 0(79.69, 79.69) 199(40.79, 77.95) 58 75 77 74 86 156(-0.00, 19.10) 0(0.00, 0.00)
vehicle (route) number: 16
Total cost: 17667.04
19744.95, 330.39
18735.32, 630.05
18723.80, 401.50
18699.26, 178.66
17746.43, 485.70
17721.71, 384.02
18724.81, 79.35
18735.96, 338.52
18748.87, 134.25
17667.04, 612.88
