Details of the solution:
route 0, node_num 11, cost 129.219571, nodes: 0(79.69, 79.69) 135(60.59, 79.69) 99 52 87 59 58 75 97 133(2.59, 33.02) 0(0.00, 0.00)
route 1, node_num 13, cost 103.621871, nodes: 0(79.69, 79.69) 55 100 2 6 7 79 73 78 60 194(0.21, 24.14) 98 0(0.00, 0.00)
route 2, node_num 11, cost 117.730832, nodes: 0(79.69, 79.69) 64 84 85 63 89 76 118(4.81, 42.85) 51 92 0(0.00, 0.00)
route 3, node_num 10, cost 115.251874, nodes: 0(79.69, 79.69) 65 57 136(40.53, 76.09) 77 25 22 20 56 0(0.00, 0.00)
route 4, node_num 12, cost 97.250113, nodes: 0(79.69, 79.69) 66 116(60.33, 77.89) 49 19 18 48 21 23 24 83 0(0.00, 0.00)
route 5, node_num 12, cost 110.477287, nodes: 0(79.69, 79.69) 69 53 14 16 15 13 9 175(18.58, 49.36) 74 86 0(0.00, 0.00)
route 6, node_num 11, cost 95.389734, nodes: 0(79.69, 79.69) 70 192(43.76, 59.46) 4 46 8 45 5 3 1 0(0.00, 0.00)
route 7, node_num 13, cost 125.549106, nodes: 0(79.69, 79.69) 80 162(41.19, 54.35) 28 26 27 29 31 34 120(6.84, 39.53) 50 67 0(0.00, 0.00)
route 8, node_num 4, cost 29.777793, nodes: 0(79.69, 79.69) 82 90 0(49.91, 49.91)
route 9, node_num 11, cost 116.054095, nodes: 0(79.69, 79.69) 91 95 62 141(40.34, 76.70) 33 30 32 94 96 0(-0.00, -0.00)
route 10, node_num 8, cost 71.271143, nodes: 0(79.69, 79.69) 93 71 72 54 81 68 0(8.42, 8.42)
route 11, node_num 9, cost 93.698115, nodes: 0(79.69, 79.69) 198(60.59, 79.69) 10 11 47 17 12 88 0(5.10, 5.10)
route 12, node_num 14, cost 104.342473, nodes: 0(79.69, 79.69) 146(47.04, 71.69) 42 44 43 39 38 37 35 36 40 41 61 0(0.00, 0.00)
vehicle (route) number: 13
Total cost: 14309.63
15357.97, 478.23
14331.62, 632.03
14316.90, 631.21
14335.39, 630.02
14318.17, 630.07
14342.13, 630.23
14316.83, 630.02
14390.44, 542.93
15344.88, 630.54
14309.63, 630.92
