Details of the solution:
route 0, node_num 12, cost 101.968835, nodes: 0(79.69, 79.69) 9 13 11 10 12 14 78 60 194(1.86, 24.14) 98 0(0.00, 0.00)
route 1, node_num 13, cost 122.738578, nodes: 0(79.69, 79.69) 55 2 6 79 73 174(17.59, 60.64) 47 17 16 15 53 0(0.00, 0.00)
route 2, node_num 10, cost 108.998269, nodes: 0(79.69, 79.69) 64 51 118(39.93, 69.24) 76 89 63 85 84 0(-0.00, -0.00)
route 3, node_num 12, cost 117.962450, nodes: 0(79.69, 79.69) 65 52 57 136(35.13, 54.38) 77 25 23 24 83 200(0.00, 19.03) 0(0.00, 0.00)
route 4, node_num 5, cost 39.711116, nodes: 0(79.69, 79.69) 69 88 90 0(39.98, 39.98)
route 5, node_num 10, cost 82.797897, nodes: 0(79.69, 79.69) 81 54 188(42.32, 57.15) 42 44 43 61 68 0(11.72, 11.72)
route 6, node_num 13, cost 123.781880, nodes: 0(79.69, 79.69) 82 133(46.49, 71.47) 87 59 97 75 58 74 86 99 198(0.00, 19.10) 0(0.00, 0.00)
route 7, node_num 11, cost 110.917273, nodes: 0(79.69, 79.69) 92 50 30 32 33 204(8.12, 39.35) 62 95 91 0(0.00, 0.00)
route 8, node_num 12, cost 126.511340, nodes: 0(79.69, 79.69) 94 205(29.33, 76.15) 27 26 28 29 31 34 67 80 0(-0.00, -0.00)
route 9, node_num 13, cost 101.914061, nodes: 0(79.69, 79.69) 100 192(45.19, 79.69) 4 7 8 46 45 5 3 1 70 0(12.28, 12.28)
route 10, node_num 14, cost 110.283281, nodes: 0(79.69, 79.69) 146(47.04, 77.63) 40 36 35 37 38 39 41 72 71 93 96 0(-0.00, -0.00)
route 11, node_num 13, cost 112.051001, nodes: 0(79.69, 79.69) 179(60.66, 73.66) 22 21 48 18 19 49 20 56 116(0.00, 19.36) 66 0(-0.00, -0.00)
vehicle (route) number: 12
Total cost: 13259.64
14307.35, 631.94
13275.08, 631.27
14334.43, 630.06
13259.64, 631.12
13316.40, 630.01
14289.37, 631.56
14337.16, 630.14
14344.61, 631.42
14295.30, 631.80
14325.94, 630.03
