StringID	Type	x	y	Delivery	Pickup	ReadyTime	DueDate	ServiceTime
D0	d	35.0	35.0	0.0	0.0	0.0	230.0	0.0
S0	f	35.0	35.0	0.0	0.0	0.0	230.0	0.0
S1	f	61.0	37.0	0.0	0.0	0.0	230.0	0.0
S2	f	74.0	39.0	0.0	0.0	0.0	230.0	0.0
S3	f	47.0	57.0	0.0	0.0	0.0	230.0	0.0
S4	f	57.0	65.0	0.0	0.0	0.0	230.0	0.0
S5	f	29.0	59.0	0.0	0.0	0.0	230.0	0.0
S6	f	34.0	71.0	0.0	0.0	0.0	230.0	0.0
S7	f	22.0	58.0	0.0	0.0	0.0	230.0	0.0
S8	f	7.0	61.0	0.0	0.0	0.0	230.0	0.0
S9	f	18.0	41.0	0.0	0.0	0.0	230.0	0.0
S10	f	5.0	39.0	0.0	0.0	0.0	230.0	0.0
S11	f	14.0	20.0	0.0	0.0	0.0	230.0	0.0
S12	f	0.0	26.0	0.0	0.0	0.0	230.0	0.0
S13	f	24.0	25.0	0.0	0.0	0.0	230.0	0.0
S14	f	26.0	6.0	0.0	0.0	0.0	230.0	0.0
S15	f	34.0	20.0	0.0	0.0	0.0	230.0	0.0
S16	f	41.0	5.0	0.0	0.0	0.0	230.0	0.0
S17	f	50.0	9.0	0.0	0.0	0.0	230.0	0.0
S18	f	61.0	14.0	0.0	0.0	0.0	230.0	0.0
S19	f	62.0	21.0	0.0	0.0	0.0	230.0	0.0
S20	f	74.0	30.0	0.0	0.0	0.0	230.0	0.0
C1	c	41.0	49.0	8.36734693877551	1.6326530612244898	36.0	46.0	10.0
C2	c	35.0	17.0	3.4	3.6	0.0	202.0	10.0
C3	c	55.0	45.0	10.636363636363637	2.3636363636363633	0.0	197.0	10.0
C4	c	55.0	20.0	6.909090909090909	12.09090909090909	107.0	117.0	10.0
C5	c	15.0	30.0	13.0	13.0	0.0	199.0	10.0
C6	c	25.0	30.0	2.5	0.5	0.0	208.0	10.0
C7	c	20.0	50.0	2.0	3.0	88.0	98.0	10.0
C8	c	10.0	43.0	2.0930232558139537	6.906976744186046	27.0	37.0	10.0
C9	c	55.0	60.0	14.666666666666666	1.333333333333334	0.0	187.0	10.0
C10	c	30.0	60.0	8.0	8.0	0.0	194.0	10.0
C11	c	20.0	65.0	3.6923076923076925	8.307692307692307	0.0	186.0	10.0
C12	c	50.0	35.0	13.299999999999999	5.700000000000001	177.0	187.0	10.0
C13	c	30.0	25.0	19.166666666666668	3.833333333333332	0.0	208.0	10.0
C14	c	15.0	10.0	13.333333333333332	6.666666666666668	0.0	187.0	10.0
C15	c	30.0	5.0	1.3333333333333333	6.666666666666667	114.0	124.0	10.0
C16	c	10.0	20.0	9.5	9.5	71.0	81.0	10.0
C17	c	5.0	30.0	0.3333333333333333	1.6666666666666667	73.0	83.0	10.0
C18	c	20.0	40.0	6.0	6.0	0.0	204.0	10.0
C19	c	15.0	60.0	4.25	12.75	0.0	187.0	10.0
C20	c	45.0	65.0	6.230769230769231	2.769230769230769	159.0	169.0	10.0
C21	c	45.0	20.0	4.888888888888888	6.111111111111112	0.0	201.0	10.0
C22	c	45.0	10.0	4.0	14.0	0.0	193.0	10.0
C23	c	55.0	5.0	2.6363636363636362	26.363636363636363	0.0	183.0	10.0
C24	c	65.0	35.0	1.6153846153846154	1.3846153846153846	0.0	190.0	10.0
C25	c	65.0	20.0	1.8461538461538463	4.153846153846153	0.0	186.0	10.0
C26	c	45.0	30.0	11.333333333333332	5.666666666666668	0.0	208.0	10.0
C27	c	35.0	40.0	14.0	2.0	173.0	183.0	10.0
C28	c	41.0	37.0	14.439024390243903	1.5609756097560972	0.0	213.0	10.0
C29	c	64.0	42.0	5.90625	3.09375	117.0	127.0	10.0
C30	c	40.0	60.0	14.0	7.0	163.0	173.0	10.0
C31	c	31.0	52.0	16.096153846153847	10.903846153846153	0.0	202.0	10.0
C32	c	35.0	69.0	11.666666666666668	11.333333333333332	0.0	186.0	10.0
C33	c	53.0	52.0	10.79245283018868	0.2075471698113205	0.0	195.0	10.0
C34	c	65.0	55.0	11.846153846153847	2.1538461538461533	0.0	183.0	10.0
C35	c	63.0	65.0	7.753846153846154	0.24615384615384617	0.0	178.0	10.0
C36	c	2.0	60.0	0.16666666666666666	4.833333333333333	78.0	88.0	10.0
C37	c	20.0	20.0	8.0	0.0	188.0	198.0	10.0
C38	c	5.0	5.0	16.0	0.0	63.0	73.0	10.0
C39	c	60.0	12.0	6.2	24.8	50.0	60.0	10.0
C40	c	40.0	25.0	5.625	3.375	34.0	44.0	10.0
C41	c	42.0	7.0	0.8333333333333333	4.166666666666667	181.0	191.0	10.0
C42	c	24.0	12.0	2.5	2.5	147.0	157.0	10.0
C43	c	23.0	3.0	0.9130434782608695	6.086956521739131	0.0	185.0	10.0
C44	c	11.0	14.0	14.142857142857142	3.8571428571428577	171.0	181.0	10.0
C45	c	6.0	38.0	2.526315789473684	13.473684210526315	0.0	190.0	10.0
C46	c	2.0	48.0	0.041666666666666664	0.9583333333333334	50.0	60.0	10.0
C47	c	8.0	56.0	3.8571428571428568	23.142857142857142	0.0	185.0	10.0
C48	c	13.0	52.0	9.0	27.0	0.0	192.0	10.0
C49	c	6.0	68.0	2.647058823529412	27.352941176470587	0.0	176.0	10.0
C50	c	47.0	47.0	13.0	0.0	0.0	203.0	10.0
C51	c	49.0	58.0	8.448275862068966	1.5517241379310338	0.0	193.0	10.0
C52	c	27.0	43.0	5.651162790697675	3.3488372093023253	111.0	121.0	10.0
C53	c	37.0	31.0	11.72972972972973	2.27027027027027	0.0	215.0	10.0
C54	c	57.0	29.0	9.157894736842106	8.842105263157894	88.0	98.0	10.0
C55	c	63.0	23.0	0.7301587301587301	1.2698412698412698	0.0	189.0	10.0
C56	c	53.0	12.0	1.358490566037736	4.6415094339622645	58.0	68.0	10.0
C57	c	32.0	12.0	2.625	4.375	186.0	196.0	10.0
C58	c	36.0	26.0	13.0	5.0	0.0	210.0	10.0
C59	c	21.0	24.0	24.5	3.5	0.0	202.0	10.0
C60	c	17.0	34.0	1.5	1.5	0.0	201.0	10.0
C61	c	12.0	24.0	6.5	6.5	29.0	39.0	10.0
C62	c	24.0	58.0	7.862068965517241	11.137931034482758	0.0	194.0	10.0
C63	c	27.0	69.0	3.9130434782608696	6.086956521739131	0.0	185.0	10.0
C64	c	15.0	77.0	1.7532467532467533	7.246753246753247	111.0	121.0	10.0
C65	c	62.0	77.0	16.103896103896105	3.896103896103895	68.0	78.0	10.0
C66	c	49.0	73.0	16.78082191780822	8.219178082191782	66.0	76.0	10.0
C67	c	67.0	5.0	1.8656716417910446	23.134328358208954	0.0	176.0	10.0
C68	c	56.0	39.0	25.07142857142857	10.92857142857143	57.0	67.0	10.0
C69	c	37.0	47.0	4.723404255319149	1.2765957446808507	151.0	161.0	10.0
C70	c	37.0	56.0	3.3035714285714284	1.6964285714285716	0.0	198.0	10.0
C71	c	57.0	68.0	12.573529411764707	2.4264705882352935	117.0	127.0	10.0
C72	c	47.0	16.0	8.51063829787234	16.48936170212766	111.0	121.0	10.0
C73	c	44.0	17.0	3.477272727272727	5.522727272727273	136.0	146.0	10.0
C74	c	46.0	13.0	2.260869565217391	5.739130434782609	0.0	195.0	10.0
C75	c	49.0	11.0	4.040816326530612	13.959183673469388	0.0	192.0	10.0
C76	c	49.0	42.0	11.142857142857142	1.8571428571428577	183.0	193.0	10.0
C77	c	53.0	43.0	11.358490566037737	2.6415094339622627	150.0	160.0	10.0
C78	c	61.0	52.0	2.5573770491803276	0.4426229508196724	94.0	104.0	10.0
C79	c	57.0	48.0	19.36842105263158	3.6315789473684212	90.0	100.0	10.0
C80	c	56.0	37.0	3.9642857142857144	2.0357142857142856	0.0	198.0	10.0
C81	c	55.0	54.0	25.527272727272727	0.47272727272727266	0.0	192.0	10.0
C82	c	15.0	47.0	5.1063829787234045	10.893617021276595	169.0	179.0	10.0
C83	c	14.0	37.0	4.162162162162162	6.837837837837838	0.0	198.0	10.0
C84	c	11.0	31.0	2.4838709677419355	4.516129032258064	96.0	106.0	10.0
C85	c	16.0	22.0	29.81818181818182	11.18181818181818	93.0	103.0	10.0
C86	c	4.0	18.0	7.777777777777778	27.22222222222222	99.0	109.0	10.0
C87	c	28.0	18.0	16.714285714285715	9.285714285714285	166.0	176.0	10.0
C88	c	26.0	52.0	4.5	4.5	166.0	176.0	10.0
C89	c	26.0	35.0	11.142857142857142	3.8571428571428577	45.0	55.0	10.0
C90	c	31.0	67.0	1.3880597014925373	1.6119402985074627	69.0	79.0	10.0
C91	c	15.0	19.0	0.7894736842105263	0.21052631578947367	87.0	97.0	10.0
C92	c	22.0	22.0	2.0	0.0	124.0	134.0	10.0
C93	c	18.0	24.0	16.5	5.5	0.0	199.0	10.0
C94	c	26.0	27.0	26.0	1.0	0.0	207.0	10.0
C95	c	25.0	24.0	19.2	0.8000000000000007	0.0	205.0	10.0
C96	c	22.0	27.0	8.962962962962962	2.037037037037038	28.0	38.0	10.0
C97	c	25.0	21.0	10.08	1.92	0.0	202.0	10.0
C98	c	19.0	21.0	9.047619047619047	0.9523809523809526	0.0	198.0	10.0
C99	c	20.0	26.0	6.923076923076923	2.0769230769230766	138.0	148.0	10.0
C100	c	18.0	18.0	17.0	0.0	0.0	195.0	10.0

Q Vehicle fuel tank capacity /62.14/
C Vehicle load capacity /200.0/
r fuel consumption rate /1.0/
g inverse refueling rate /0.48/
v average Velocity /1.0/
