Details of the solution:
route 0, node_num 6, cost 1368.906000, nodes: 0(120000.00, 120000.00) 6 820 586 260 0(22221.00, 22221.00)
route 1, node_num 5, cost 560.644000, nodes: 0(120000.00, 120000.00) 266 942 65 0(79954.00, 79954.00)
route 2, node_num 6, cost 1084.160000, nodes: 0(120000.00, 120000.00) 8 725 22 301 0(42560.00, 42560.00)
route 3, node_num 8, cost 1715.742000, nodes: 0(120000.00, 120000.00) 16 85 439 276 856 1090(44765.00, 47318.00) 0(0.00, 0.00)
route 4, node_num 4, cost 652.946000, nodes: 0(120000.00, 120000.00) 296 312 0(73361.00, 73361.00)
route 5, node_num 8, cost 1175.972000, nodes: 0(120000.00, 120000.00) 27 843 69 761 934 1015(67543.00, 67543.00) 0(36002.00, 36002.00)
route 6, node_num 4, cost 981.638000, nodes: 0(120000.00, 120000.00) 31 976 0(49883.00, 49883.00)
route 7, node_num 6, cost 867.356000, nodes: 0(120000.00, 120000.00) 38 522 618 994 0(58046.00, 58046.00)
route 8, node_num 6, cost 837.564000, nodes: 0(120000.00, 120000.00) 247 769 110 943 0(60174.00, 60174.00)
route 9, node_num 5, cost 1130.822000, nodes: 0(120000.00, 120000.00) 52 689 448 0(39227.00, 39227.00)
route 10, node_num 5, cost 842.492000, nodes: 0(120000.00, 120000.00) 55 77 404 0(59822.00, 59822.00)
route 11, node_num 4, cost 245.112000, nodes: 0(120000.00, 120000.00) 398 201 0(102492.00, 102492.00)
route 12, node_num 4, cost 395.738000, nodes: 0(120000.00, 120000.00) 206 342 0(91733.00, 91733.00)
route 13, node_num 6, cost 975.632000, nodes: 0(120000.00, 120000.00) 446 569 103 153 0(50312.00, 50312.00)
route 14, node_num 6, cost 1376.480000, nodes: 0(120000.00, 120000.00) 84 623 273 503 0(21680.00, 21680.00)
route 15, node_num 7, cost 1593.228000, nodes: 0(120000.00, 120000.00) 178 86 997 315 30 0(6198.00, 6198.00)
route 16, node_num 6, cost 1549.366000, nodes: 0(120000.00, 120000.00) 89 883 179 751 0(9331.00, 9331.00)
route 17, node_num 7, cost 1551.942000, nodes: 0(120000.00, 120000.00) 294 620 750 51 1057(11504.00, 11504.00) 0(9147.00, 9147.00)
route 18, node_num 5, cost 915.068000, nodes: 0(120000.00, 120000.00) 524 190 345 0(54638.00, 54638.00)
route 19, node_num 7, cost 686.840000, nodes: 0(120000.00, 120000.00) 551 655 939 993 98 0(70940.00, 70940.00)
route 20, node_num 6, cost 586.754000, nodes: 0(120000.00, 120000.00) 441 846 115 42 0(78089.00, 78089.00)
route 21, node_num 3, cost 271.992000, nodes: 0(120000.00, 120000.00) 469 0(100572.00, 100572.00)
route 22, node_num 8, cost 1732.640000, nodes: 0(120000.00, 120000.00) 582 355 652 701 176 1056(19618.00, 23378.00) 0(0.00, 0.00)
route 23, node_num 6, cost 1067.052000, nodes: 0(120000.00, 120000.00) 126 386 272 74 0(43782.00, 43782.00)
route 24, node_num 6, cost 876.820000, nodes: 0(120000.00, 120000.00) 267 678 406 164 0(57370.00, 57370.00)
route 25, node_num 6, cost 1370.516000, nodes: 0(120000.00, 120000.00) 788 704 96 234 0(22106.00, 22106.00)
route 26, node_num 7, cost 1705.998000, nodes: 0(120000.00, 120000.00) 1017(97837.00, 99694.00) 80 318 181 365 0(0.00, 0.00)
route 27, node_num 7, cost 1407.238000, nodes: 0(120000.00, 120000.00) 174 991 795 845 952 0(19483.00, 19483.00)
route 28, node_num 6, cost 1466.556000, nodes: 0(120000.00, 120000.00) 139 918 616 888 0(15246.00, 15246.00)
route 29, node_num 8, cost 1624.210000, nodes: 0(120000.00, 120000.00) 1021(81946.00, 113946.00) 245 437 756 194 787 0(35985.00, 35985.00)
route 30, node_num 6, cost 1208.116000, nodes: 0(120000.00, 120000.00) 146 298 258 401 0(33706.00, 33706.00)
route 31, node_num 6, cost 1213.800000, nodes: 0(120000.00, 120000.00) 147 812 810 76 0(33300.00, 33300.00)
route 32, node_num 7, cost 1516.536000, nodes: 0(120000.00, 120000.00) 594 519 433 244 1028(44680.00, 44680.00) 0(11676.00, 11676.00)
route 33, node_num 3, cost 226.282000, nodes: 0(120000.00, 120000.00) 532 0(103837.00, 103837.00)
route 34, node_num 7, cost 1444.730000, nodes: 0(120000.00, 120000.00) 158 615 617 508 361 0(16805.00, 16805.00)
route 35, node_num 3, cost 488.390000, nodes: 0(120000.00, 120000.00) 804 0(85115.00, 85115.00)
route 36, node_num 7, cost 951.216000, nodes: 0(120000.00, 120000.00) 46 168 815 908 886 0(52056.00, 52056.00)
route 37, node_num 7, cost 945.350000, nodes: 0(120000.00, 120000.00) 963 657 161 237 932 0(52475.00, 52475.00)
route 38, node_num 6, cost 1176.322000, nodes: 0(120000.00, 120000.00) 173 121 438 130 0(35977.00, 35977.00)
route 39, node_num 4, cost 319.858000, nodes: 0(120000.00, 120000.00) 445 221 0(97153.00, 97153.00)
route 40, node_num 4, cost 147.854000, nodes: 0(120000.00, 120000.00) 327 286 0(109439.00, 109439.00)
route 41, node_num 8, cost 1042.160000, nodes: 0(120000.00, 120000.00) 789 472 19 946 763 643 0(45560.00, 45560.00)
route 42, node_num 5, cost 1215.956000, nodes: 0(120000.00, 120000.00) 587 193 170 0(33146.00, 33146.00)
route 43, node_num 8, cost 1663.844000, nodes: 0(120000.00, 120000.00) 195 239 567 529 679 1128(34158.00, 34158.00) 0(1154.00, 1154.00)
route 44, node_num 5, cost 847.910000, nodes: 0(120000.00, 120000.00) 196 970 384 0(59435.00, 59435.00)
route 45, node_num 7, cost 1663.858000, nodes: 0(120000.00, 120000.00) 198 143 909 279 1044(43344.00, 43344.00) 0(1153.00, 1153.00)
route 46, node_num 5, cost 1449.182000, nodes: 0(120000.00, 120000.00) 204 339 187 0(16487.00, 16487.00)
route 47, node_num 4, cost 960.694000, nodes: 0(120000.00, 120000.00) 213 17 0(51379.00, 51379.00)
route 48, node_num 3, cost 50.750000, nodes: 0(120000.00, 120000.00) 277 0(116375.00, 116375.00)
route 49, node_num 5, cost 642.166000, nodes: 0(120000.00, 120000.00) 218 419 705 0(74131.00, 74131.00)
route 50, node_num 8, cost 1529.640000, nodes: 0(120000.00, 120000.00) 533 220 726 998 50 1167(32153.00, 32153.00) 0(10740.00, 10740.00)
route 51, node_num 6, cost 1236.550000, nodes: 0(120000.00, 120000.00) 222 1 818 106 0(31675.00, 31675.00)
route 52, node_num 5, cost 572.236000, nodes: 0(120000.00, 120000.00) 473 930 817 0(79126.00, 79126.00)
route 53, node_num 6, cost 1533.154000, nodes: 0(120000.00, 120000.00) 131 874 476 639 0(10489.00, 10489.00)
route 54, node_num 6, cost 1562.092000, nodes: 0(120000.00, 120000.00) 478 572 785 995 0(8422.00, 8422.00)
route 55, node_num 6, cost 1485.106000, nodes: 0(120000.00, 120000.00) 235 163 420 157 0(13921.00, 13921.00)
route 56, node_num 6, cost 1340.878000, nodes: 0(120000.00, 120000.00) 811 259 506 53 0(24223.00, 24223.00)
route 57, node_num 3, cost 155.792000, nodes: 0(120000.00, 120000.00) 829 0(108872.00, 108872.00)
route 58, node_num 3, cost 225.246000, nodes: 0(120000.00, 120000.00) 261 0(103911.00, 103911.00)
route 59, node_num 3, cost 118.734000, nodes: 0(120000.00, 120000.00) 882 0(111519.00, 111519.00)
route 60, node_num 4, cost 711.074000, nodes: 0(120000.00, 120000.00) 535 956 0(69209.00, 69209.00)
route 61, node_num 7, cost 1001.476000, nodes: 0(120000.00, 120000.00) 268 430 901 540 414 0(48466.00, 48466.00)
route 62, node_num 7, cost 882.014000, nodes: 0(120000.00, 120000.00) 280 936 72 844 61 0(56999.00, 56999.00)
route 63, node_num 8, cost 1552.096000, nodes: 0(120000.00, 120000.00) 68 141 969 748 73 1028(42140.00, 42140.00) 0(9136.00, 9136.00)
route 64, node_num 6, cost 1459.472000, nodes: 0(120000.00, 120000.00) 284 334 319 857 0(15752.00, 15752.00)
route 65, node_num 7, cost 1671.614000, nodes: 0(120000.00, 120000.00) 1045(99812.00, 99812.00) 285 186 466 526 0(599.00, 599.00)
route 66, node_num 6, cost 916.636000, nodes: 0(120000.00, 120000.00) 288 335 353 559 0(54526.00, 54526.00)
route 67, node_num 7, cost 2083.396000, nodes: 0(120000.00, 120000.00) 289 293 527 897 1134(12600.00, 41414.00) 0(0.00, 0.00)
route 68, node_num 6, cost 1281.714000, nodes: 0(120000.00, 120000.00) 154 554 722 307 0(28449.00, 28449.00)
route 69, node_num 3, cost 305.900000, nodes: 0(120000.00, 120000.00) 733 0(98150.00, 98150.00)
route 70, node_num 5, cost 1494.794000, nodes: 0(120000.00, 120000.00) 303 872 676 0(13229.00, 13229.00)
route 71, node_num 5, cost 259.812000, nodes: 0(120000.00, 120000.00) 583 311 808 0(101442.00, 101442.00)
route 72, node_num 7, cost 1232.042000, nodes: 0(120000.00, 120000.00) 321 664 39 650 577 0(31997.00, 31997.00)
route 73, node_num 6, cost 639.842000, nodes: 0(120000.00, 120000.00) 326 140 634 212 0(74297.00, 74297.00)
route 74, node_num 6, cost 618.226000, nodes: 0(120000.00, 120000.00) 612 910 977 354 0(75841.00, 75841.00)
route 75, node_num 7, cost 1515.374000, nodes: 0(120000.00, 120000.00) 543 686 825 881 456 0(11759.00, 11759.00)
route 76, node_num 5, cost 861.462000, nodes: 0(120000.00, 120000.00) 776 313 641 0(58467.00, 58467.00)
route 77, node_num 6, cost 842.268000, nodes: 0(120000.00, 120000.00) 64 340 37 758 0(59838.00, 59838.00)
route 78, node_num 6, cost 1110.172000, nodes: 0(120000.00, 120000.00) 973 471 538 902 0(40702.00, 40702.00)
route 79, node_num 4, cost 98.364000, nodes: 0(120000.00, 120000.00) 347 455 0(112974.00, 112974.00)
route 80, node_num 7, cost 1604.806000, nodes: 0(120000.00, 120000.00) 546 483 264 151 1156(28749.00, 28749.00) 0(5371.00, 5371.00)
route 81, node_num 7, cost 1604.708000, nodes: 0(120000.00, 120000.00) 621 356 145 624 75 0(5378.00, 5378.00)
route 82, node_num 8, cost 482.930000, nodes: 0(120000.00, 120000.00) 357 23 70 938 458 381 0(85505.00, 85505.00)
route 83, node_num 6, cost 1631.798000, nodes: 0(120000.00, 120000.00) 744 610 426 197 0(3443.00, 3443.00)
route 84, node_num 5, cost 891.156000, nodes: 0(120000.00, 120000.00) 367 819 597 0(56346.00, 56346.00)
route 85, node_num 7, cost 1731.142000, nodes: 0(120000.00, 120000.00) 1145(99812.00, 103465.00) 368 988 743 369 0(0.00, 0.00)
route 86, node_num 8, cost 1664.208000, nodes: 0(120000.00, 120000.00) 377 753 629 11 1083(42143.00, 42143.00) 192 0(1128.00, 1128.00)
route 87, node_num 5, cost 790.846000, nodes: 0(120000.00, 120000.00) 879 108 413 0(63511.00, 63511.00)
route 88, node_num 6, cost 623.462000, nodes: 0(120000.00, 120000.00) 544 557 375 88 0(75467.00, 75467.00)
route 89, node_num 6, cost 1127.336000, nodes: 0(120000.00, 120000.00) 391 394 389 385 0(39476.00, 39476.00)
route 90, node_num 7, cost 1379.028000, nodes: 0(120000.00, 120000.00) 393 515 542 782 1081(58747.00, 58747.00) 0(21498.00, 21498.00)
route 91, node_num 6, cost 1049.734000, nodes: 0(120000.00, 120000.00) 382 935 489 122 0(45019.00, 45019.00)
route 92, node_num 6, cost 1393.056000, nodes: 0(120000.00, 120000.00) 400 894 60 207 0(20496.00, 20496.00)
route 93, node_num 8, cost 1878.632000, nodes: 0(120000.00, 120000.00) 772 402 601 960 83 1128(18816.00, 33004.00) 0(0.00, 0.00)
route 94, node_num 7, cost 963.382000, nodes: 0(120000.00, 120000.00) 465 685 702 499 346 0(51187.00, 51187.00)
route 95, node_num 7, cost 1078.574000, nodes: 0(120000.00, 120000.00) 415 860 807 379 949 0(42959.00, 42959.00)
route 96, node_num 7, cost 1113.770000, nodes: 0(120000.00, 120000.00) 740 754 727 766 113 0(40445.00, 40445.00)
route 97, node_num 7, cost 1265.614000, nodes: 0(120000.00, 120000.00) 422 627 20 95 916 0(29599.00, 29599.00)
route 98, node_num 5, cost 1374.310000, nodes: 0(120000.00, 120000.00) 982 574 839 0(21835.00, 21835.00)
route 99, node_num 7, cost 1097.754000, nodes: 0(120000.00, 120000.00) 591 606 600 58 416 0(41589.00, 41589.00)
route 100, node_num 6, cost 1321.964000, nodes: 0(120000.00, 120000.00) 432 373 875 525 0(25574.00, 25574.00)
route 101, node_num 6, cost 1279.488000, nodes: 0(120000.00, 120000.00) 912 864 666 165 0(28608.00, 28608.00)
route 102, node_num 3, cost 355.908000, nodes: 0(120000.00, 120000.00) 295 0(94578.00, 94578.00)
route 103, node_num 7, cost 1479.366000, nodes: 0(120000.00, 120000.00) 442 648 214 363 256 0(14331.00, 14331.00)
route 104, node_num 7, cost 909.090000, nodes: 0(120000.00, 120000.00) 760 505 351 434 271 0(55065.00, 55065.00)
route 105, node_num 5, cost 924.770000, nodes: 0(120000.00, 120000.00) 713 18 254 0(53945.00, 53945.00)
route 106, node_num 8, cost 1790.432000, nodes: 0(120000.00, 120000.00) 449 746 325 794 622 1084(32222.00, 40110.00) 0(0.00, 0.00)
route 107, node_num 3, cost 114.310000, nodes: 0(120000.00, 120000.00) 450 0(111835.00, 111835.00)
route 108, node_num 8, cost 1606.458000, nodes: 0(120000.00, 120000.00) 454 481 609 180 523 1022(44997.00, 44997.00) 0(5253.00, 5253.00)
route 109, node_num 8, cost 1647.688000, nodes: 0(120000.00, 120000.00) 183 850 831 849 911 1164(21642.00, 21642.00) 0(2308.00, 2308.00)
route 110, node_num 5, cost 430.290000, nodes: 0(120000.00, 120000.00) 360 336 300 0(89265.00, 89265.00)
route 111, node_num 7, cost 1560.286000, nodes: 0(120000.00, 120000.00) 232 407 444 155 752 0(8551.00, 8551.00)
route 112, node_num 5, cost 1496.894000, nodes: 0(120000.00, 120000.00) 395 99 185 0(13079.00, 13079.00)
route 113, node_num 8, cost 1664.278000, nodes: 0(120000.00, 120000.00) 482 706 67 477 66 1123(5637.00, 5637.00) 0(1123.00, 1123.00)
route 114, node_num 8, cost 1709.904000, nodes: 0(120000.00, 120000.00) 485 700 962 866 484 1194(31841.00, 33977.00) 0(0.00, 0.00)
route 115, node_num 7, cost 1200.458000, nodes: 0(120000.00, 120000.00) 362 925 688 399 647 0(34253.00, 34253.00)
route 116, node_num 7, cost 1019.172000, nodes: 0(120000.00, 120000.00) 497 786 47 71 317 0(47202.00, 47202.00)
route 117, node_num 8, cost 1825.292000, nodes: 0(120000.00, 120000.00) 502 966 429 989 944 1190(36940.00, 47318.00) 0(0.00, 0.00)
route 118, node_num 7, cost 1505.826000, nodes: 0(120000.00, 120000.00) 715 500 283 251 1140(45587.00, 45587.00) 0(12441.00, 12441.00)
route 119, node_num 5, cost 1546.272000, nodes: 0(120000.00, 120000.00) 511 408 996 0(9552.00, 9552.00)
route 120, node_num 5, cost 1493.352000, nodes: 0(120000.00, 120000.00) 513 78 687 0(13332.00, 13332.00)
route 121, node_num 5, cost 665.644000, nodes: 0(120000.00, 120000.00) 241 851 306 0(72454.00, 72454.00)
route 122, node_num 7, cost 841.974000, nodes: 0(120000.00, 120000.00) 21 93 858 961 674 0(59859.00, 59859.00)
route 123, node_num 5, cost 585.760000, nodes: 0(120000.00, 120000.00) 453 906 117 0(78160.00, 78160.00)
route 124, node_num 5, cost 814.296000, nodes: 0(120000.00, 120000.00) 536 509 3 0(61836.00, 61836.00)
route 125, node_num 8, cost 1213.352000, nodes: 0(120000.00, 120000.00) 539 40 887 287 550 921 0(33332.00, 33332.00)
route 126, node_num 6, cost 1544.410000, nodes: 0(120000.00, 120000.00) 541 832 828 980 0(9685.00, 9685.00)
route 127, node_num 3, cost 113.694000, nodes: 0(120000.00, 120000.00) 837 0(111879.00, 111879.00)
route 128, node_num 3, cost 136.808000, nodes: 0(120000.00, 120000.00) 464 0(110228.00, 110228.00)
route 129, node_num 6, cost 792.176000, nodes: 0(120000.00, 120000.00) 545 813 958 749 0(63416.00, 63416.00)
route 130, node_num 7, cost 1417.934000, nodes: 0(120000.00, 120000.00) 102 348 252 607 263 0(18719.00, 18719.00)
route 131, node_num 8, cost 1720.250000, nodes: 0(120000.00, 120000.00) 332 948 202 452 900 1177(17148.00, 20023.00) 0(0.00, 0.00)
route 132, node_num 6, cost 1150.170000, nodes: 0(120000.00, 120000.00) 553 904 580 371 0(37845.00, 37845.00)
route 133, node_num 8, cost 1336.888000, nodes: 0(120000.00, 120000.00) 24 383 799 802 530 852 0(24508.00, 24508.00)
route 134, node_num 4, cost 446.558000, nodes: 0(120000.00, 120000.00) 778 968 0(88103.00, 88103.00)
route 135, node_num 5, cost 1539.818000, nodes: 0(120000.00, 120000.00) 564 710 79 0(10013.00, 10013.00)
route 136, node_num 6, cost 1041.334000, nodes: 0(120000.00, 120000.00) 565 732 188 836 0(45619.00, 45619.00)
route 137, node_num 6, cost 1095.192000, nodes: 0(120000.00, 120000.00) 496 304 62 10 0(41772.00, 41772.00)
route 138, node_num 6, cost 1154.342000, nodes: 0(120000.00, 120000.00) 571 250 150 320 0(37547.00, 37547.00)
route 139, node_num 3, cost 212.856000, nodes: 0(120000.00, 120000.00) 338 0(104796.00, 104796.00)
route 140, node_num 8, cost 1592.220000, nodes: 0(120000.00, 120000.00) 566 585 747 104 54 1092(28461.00, 28461.00) 0(6270.00, 6270.00)
route 141, node_num 6, cost 1006.880000, nodes: 0(120000.00, 120000.00) 708 344 711 397 0(48080.00, 48080.00)
route 142, node_num 6, cost 919.814000, nodes: 0(120000.00, 120000.00) 290 736 1000 457 0(54299.00, 54299.00)
route 143, node_num 8, cost 1730.386000, nodes: 0(120000.00, 120000.00) 595 461 92 292 730 1115(27942.00, 31541.00) 0(0.00, 0.00)
route 144, node_num 6, cost 1200.248000, nodes: 0(120000.00, 120000.00) 175 596 302 364 0(34268.00, 34268.00)
route 145, node_num 6, cost 1069.320000, nodes: 0(120000.00, 120000.00) 626 468 447 660 0(43620.00, 43620.00)
route 146, node_num 7, cost 1569.232000, nodes: 0(120000.00, 120000.00) 1121(81946.00, 120000.00) 593 862 428 668 0(45966.00, 45966.00)
route 147, node_num 7, cost 1522.066000, nodes: 0(120000.00, 120000.00) 136 950 637 895 638 0(11281.00, 11281.00)
route 148, node_num 6, cost 506.422000, nodes: 0(120000.00, 120000.00) 869 985 297 314 0(83827.00, 83827.00)
route 149, node_num 8, cost 1796.970000, nodes: 0(120000.00, 120000.00) 614 2 801 805 613 1192(13836.00, 22191.00) 0(0.00, 0.00)
route 150, node_num 7, cost 1625.204000, nodes: 0(120000.00, 120000.00) 735 49 349 693 1198(21757.00, 21757.00) 0(3914.00, 3914.00)
route 151, node_num 3, cost 185.206000, nodes: 0(120000.00, 120000.00) 498 0(106771.00, 106771.00)
route 152, node_num 8, cost 1726.340000, nodes: 0(120000.00, 120000.00) 1077(102343.00, 105653.00) 112 625 474 941 656 0(0.00, 0.00)
route 153, node_num 6, cost 946.932000, nodes: 0(120000.00, 120000.00) 867 806 933 487 0(52362.00, 52362.00)
route 154, node_num 7, cost 1134.000000, nodes: 0(120000.00, 120000.00) 759 81 548 718 269 0(39000.00, 39000.00)
route 155, node_num 7, cost 1687.532000, nodes: 0(120000.00, 120000.00) 640 149 923 29 1161(3948.00, 4486.00) 0(0.00, 0.00)
route 156, node_num 5, cost 1229.438000, nodes: 0(120000.00, 120000.00) 847 488 34 0(32183.00, 32183.00)
route 157, node_num 7, cost 1057.000000, nodes: 0(120000.00, 120000.00) 646 116 87 127 663 0(44500.00, 44500.00)
route 158, node_num 6, cost 1273.090000, nodes: 0(120000.00, 120000.00) 955 352 777 376 0(29065.00, 29065.00)
route 159, node_num 6, cost 900.340000, nodes: 0(120000.00, 120000.00) 133 653 957 590 0(55690.00, 55690.00)
route 160, node_num 6, cost 565.684000, nodes: 0(120000.00, 120000.00) 659 675 459 514 0(79594.00, 79594.00)
route 161, node_num 3, cost 246.806000, nodes: 0(120000.00, 120000.00) 568 0(102371.00, 102371.00)
route 162, node_num 7, cost 1777.286000, nodes: 0(120000.00, 120000.00) 669 350 521 871 1195(7281.00, 14230.00) 0(0.00, 0.00)
route 163, node_num 6, cost 1567.594000, nodes: 0(120000.00, 120000.00) 986 316 281 491 0(8029.00, 8029.00)
route 164, node_num 7, cost 987.686000, nodes: 0(120000.00, 120000.00) 673 423 240 945 783 0(49451.00, 49451.00)
route 165, node_num 7, cost 1441.062000, nodes: 0(120000.00, 120000.00) 681 91 835 771 265 0(17067.00, 17067.00)
route 166, node_num 6, cost 799.120000, nodes: 0(120000.00, 120000.00) 282 775 605 578 0(62920.00, 62920.00)
route 167, node_num 6, cost 1676.766000, nodes: 0(120000.00, 120000.00) 691 696 243 770 0(231.00, 231.00)
route 168, node_num 5, cost 948.528000, nodes: 0(120000.00, 120000.00) 692 388 144 0(52248.00, 52248.00)
route 169, node_num 7, cost 1047.354000, nodes: 0(120000.00, 120000.00) 333 56 528 552 721 0(45189.00, 45189.00)
route 170, node_num 6, cost 1231.370000, nodes: 0(120000.00, 120000.00) 703 443 262 211 0(32045.00, 32045.00)
route 171, node_num 7, cost 961.520000, nodes: 0(120000.00, 120000.00) 731 142 654 493 275 0(51320.00, 51320.00)
route 172, node_num 6, cost 1314.040000, nodes: 0(120000.00, 120000.00) 411 576 137 842 0(26140.00, 26140.00)
route 173, node_num 5, cost 304.430000, nodes: 0(120000.00, 120000.00) 716 561 310 0(98255.00, 98255.00)
route 174, node_num 8, cost 1654.842000, nodes: 0(120000.00, 120000.00) 1130(107152.00, 107152.00) 558 223 45 215 107 0(1797.00, 1797.00)
route 175, node_num 6, cost 570.290000, nodes: 0(120000.00, 120000.00) 728 343 451 919 0(79265.00, 79265.00)
route 176, node_num 8, cost 1658.538000, nodes: 0(120000.00, 120000.00) 100 329 33 32 667 1103(10648.00, 10648.00) 0(1533.00, 1533.00)
route 177, node_num 6, cost 1685.684000, nodes: 0(120000.00, 120000.00) 619 435 800 1013(49710.00, 50116.00) 0(0.00, 0.00)
route 178, node_num 5, cost 1049.538000, nodes: 0(120000.00, 120000.00) 255 940 978 0(45033.00, 45033.00)
route 179, node_num 7, cost 913.836000, nodes: 0(120000.00, 120000.00) 739 734 636 417 599 0(54726.00, 54726.00)
route 180, node_num 5, cost 1106.378000, nodes: 0(120000.00, 120000.00) 409 510 588 0(40973.00, 40973.00)
route 181, node_num 8, cost 1581.048000, nodes: 0(120000.00, 120000.00) 951 177 677 868 589 1181(44317.00, 44317.00) 0(7068.00, 7068.00)
route 182, node_num 5, cost 602.728000, nodes: 0(120000.00, 120000.00) 745 9 798 0(76948.00, 76948.00)
route 183, node_num 8, cost 1783.782000, nodes: 0(120000.00, 120000.00) 755 26 128 1122(33653.00, 41066.00) 712 773 0(0.00, 0.00)
route 184, node_num 8, cost 1686.706000, nodes: 0(120000.00, 120000.00) 757 534 330 41 209 1047(48719.00, 49198.00) 0(0.00, 0.00)
route 185, node_num 6, cost 920.024000, nodes: 0(120000.00, 120000.00) 217 490 257 573 0(54284.00, 54284.00)
route 186, node_num 5, cost 740.502000, nodes: 0(120000.00, 120000.00) 762 63 324 0(67107.00, 67107.00)
route 187, node_num 7, cost 218.596000, nodes: 0(120000.00, 120000.00) 765 841 12 189 216 0(104386.00, 104386.00)
route 188, node_num 6, cost 1520.904000, nodes: 0(120000.00, 120000.00) 767 990 560 834 0(11364.00, 11364.00)
route 189, node_num 7, cost 1852.368000, nodes: 0(120000.00, 120000.00) 418 512 709 378 1115(19229.00, 31541.00) 0(0.00, 0.00)
route 190, node_num 6, cost 1095.010000, nodes: 0(120000.00, 120000.00) 328 579 516 920 0(41785.00, 41785.00)
route 191, node_num 3, cost 387.002000, nodes: 0(120000.00, 120000.00) 359 0(92357.00, 92357.00)
route 192, node_num 7, cost 1041.922000, nodes: 0(120000.00, 120000.00) 774 495 929 486 36 0(45577.00, 45577.00)
route 193, node_num 7, cost 1420.174000, nodes: 0(120000.00, 120000.00) 119 305 816 697 661 0(18559.00, 18559.00)
route 194, node_num 7, cost 1514.534000, nodes: 0(120000.00, 120000.00) 779 892 781 479 1195(26049.00, 26049.00) 0(11819.00, 11819.00)
route 195, node_num 6, cost 404.880000, nodes: 0(120000.00, 120000.00) 784 964 14 138 0(91080.00, 91080.00)
route 196, node_num 8, cost 1678.432000, nodes: 0(120000.00, 120000.00) 120 132 5 236 425 1013(50228.00, 50228.00) 0(112.00, 112.00)
route 197, node_num 6, cost 1420.608000, nodes: 0(120000.00, 120000.00) 792 421 200 274 0(18528.00, 18528.00)
route 198, node_num 6, cost 1570.604000, nodes: 0(120000.00, 120000.00) 238 924 742 278 0(7814.00, 7814.00)
route 199, node_num 7, cost 1576.526000, nodes: 0(120000.00, 120000.00) 797 470 584 412 219 0(7391.00, 7391.00)
route 200, node_num 6, cost 1647.520000, nodes: 0(120000.00, 120000.00) 308 719 937 226 0(2320.00, 2320.00)
route 201, node_num 6, cost 902.776000, nodes: 0(120000.00, 120000.00) 341 246 833 203 0(55516.00, 55516.00)
route 202, node_num 6, cost 1547.252000, nodes: 0(120000.00, 120000.00) 814 167 358 649 0(9482.00, 9482.00)
route 203, node_num 6, cost 872.074000, nodes: 0(120000.00, 120000.00) 822 210 642 724 0(57709.00, 57709.00)
route 204, node_num 6, cost 1535.408000, nodes: 0(120000.00, 120000.00) 823 877 854 224 0(10328.00, 10328.00)
route 205, node_num 5, cost 287.084000, nodes: 0(120000.00, 120000.00) 838 967 467 0(99494.00, 99494.00)
route 206, node_num 8, cost 680.330000, nodes: 0(120000.00, 120000.00) 671 830 796 270 156 670 0(71405.00, 71405.00)
route 207, node_num 6, cost 482.930000, nodes: 0(120000.00, 120000.00) 7 403 853 602 0(85505.00, 85505.00)
route 208, node_num 7, cost 1671.866000, nodes: 0(120000.00, 120000.00) 475 644 915 134 1148(33675.00, 33675.00) 0(581.00, 581.00)
route 209, node_num 7, cost 1431.374000, nodes: 0(120000.00, 120000.00) 848 322 570 698 1003(26874.00, 26874.00) 0(17759.00, 17759.00)
route 210, node_num 7, cost 1029.056000, nodes: 0(120000.00, 120000.00) 855 387 809 225 979 0(46496.00, 46496.00)
route 211, node_num 8, cost 1621.074000, nodes: 0(120000.00, 120000.00) 682 861 683 723 463 1139(53782.00, 53782.00) 0(4209.00, 4209.00)
route 212, node_num 6, cost 776.244000, nodes: 0(120000.00, 120000.00) 228 581 25 374 0(64554.00, 64554.00)
route 213, node_num 4, cost 161.532000, nodes: 0(120000.00, 120000.00) 556 501 0(108462.00, 108462.00)
route 214, node_num 5, cost 1115.534000, nodes: 0(120000.00, 120000.00) 231 729 97 0(40319.00, 40319.00)
route 215, node_num 8, cost 1320.046000, nodes: 0(120000.00, 120000.00) 876 884 592 959 905 608 0(25711.00, 25711.00)
route 216, node_num 6, cost 1558.788000, nodes: 0(120000.00, 120000.00) 878 680 974 114 0(8658.00, 8658.00)
route 217, node_num 7, cost 1161.146000, nodes: 0(120000.00, 120000.00) 249 880 396 152 632 0(37061.00, 37061.00)
route 218, node_num 7, cost 1514.450000, nodes: 0(120000.00, 120000.00) 885 870 803 323 227 0(11825.00, 11825.00)
route 219, node_num 6, cost 1674.008000, nodes: 0(120000.00, 120000.00) 889 926 504 182 0(428.00, 428.00)
route 220, node_num 5, cost 141.190000, nodes: 0(120000.00, 120000.00) 891 603 462 0(109915.00, 109915.00)
route 221, node_num 5, cost 953.988000, nodes: 0(120000.00, 120000.00) 537 630 405 0(51858.00, 51858.00)
route 222, node_num 7, cost 1486.604000, nodes: 0(120000.00, 120000.00) 893 981 821 707 865 0(13814.00, 13814.00)
route 223, node_num 6, cost 955.668000, nodes: 0(120000.00, 120000.00) 899 299 410 628 0(51738.00, 51738.00)
route 224, node_num 4, cost 146.062000, nodes: 0(120000.00, 120000.00) 907 824 0(109567.00, 109567.00)
route 225, node_num 6, cost 1193.444000, nodes: 0(120000.00, 120000.00) 633 172 520 983 0(34754.00, 34754.00)
route 226, node_num 5, cost 664.188000, nodes: 0(120000.00, 120000.00) 913 826 82 0(72558.00, 72558.00)
route 227, node_num 7, cost 1566.418000, nodes: 0(120000.00, 120000.00) 123 914 720 575 59 0(8113.00, 8113.00)
route 228, node_num 7, cost 1340.178000, nodes: 0(120000.00, 120000.00) 987 555 148 764 105 0(24273.00, 24273.00)
route 229, node_num 7, cost 1299.634000, nodes: 0(120000.00, 120000.00) 171 953 859 191 390 0(27169.00, 27169.00)
route 230, node_num 6, cost 1420.314000, nodes: 0(120000.00, 120000.00) 928 372 665 370 0(18549.00, 18549.00)
route 231, node_num 7, cost 1051.876000, nodes: 0(120000.00, 120000.00) 672 931 645 518 366 0(44866.00, 44866.00)
route 232, node_num 7, cost 1325.240000, nodes: 0(120000.00, 120000.00) 480 768 717 129 184 0(25340.00, 25340.00)
route 233, node_num 7, cost 1522.458000, nodes: 0(120000.00, 120000.00) 1124(78004.00, 106004.00) 507 972 208 392 0(39253.00, 39253.00)
route 234, node_num 7, cost 1263.542000, nodes: 0(120000.00, 120000.00) 135 793 780 903 984 0(29747.00, 29747.00)
route 235, node_num 3, cost 195.930000, nodes: 0(120000.00, 120000.00) 109 0(106005.00, 106005.00)
route 236, node_num 5, cost 1144.388000, nodes: 0(120000.00, 120000.00) 954 492 169 0(38258.00, 38258.00)
route 237, node_num 6, cost 1137.738000, nodes: 0(120000.00, 120000.00) 651 604 840 631 0(38733.00, 38733.00)
route 238, node_num 6, cost 1137.948000, nodes: 0(120000.00, 120000.00) 57 971 790 714 0(38718.00, 38718.00)
route 239, node_num 7, cost 1043.196000, nodes: 0(120000.00, 120000.00) 898 927 611 159 873 0(45486.00, 45486.00)
route 240, node_num 7, cost 1667.148000, nodes: 0(120000.00, 120000.00) 662 427 43 118 248 0(918.00, 918.00)
route 241, node_num 8, cost 1735.132000, nodes: 0(120000.00, 120000.00) 917 162 291 684 125 1177(16085.00, 20023.00) 0(0.00, 0.00)
route 242, node_num 6, cost 1411.186000, nodes: 0(120000.00, 120000.00) 992 690 699 965 0(19201.00, 19201.00)
route 243, node_num 6, cost 1127.490000, nodes: 0(120000.00, 120000.00) 999 547 738 94 0(39465.00, 39465.00)
route 244, node_num 6, cost 1411.354000, nodes: 0(120000.00, 120000.00) 166 896 90 1157(21546.00, 21546.00) 0(19189.00, 19189.00)
route 245, node_num 5, cost 1489.614000, nodes: 0(120000.00, 120000.00) 694 337 695 0(13599.00, 13599.00)
route 246, node_num 6, cost 1493.576000, nodes: 0(120000.00, 120000.00) 424 531 440 309 0(13316.00, 13316.00)
route 247, node_num 8, cost 1695.078000, nodes: 0(120000.00, 120000.00) 1023(116496.00, 117573.00) 517 199 549 28 741 0(0.00, 0.00)
route 248, node_num 8, cost 1775.354000, nodes: 0(120000.00, 120000.00) 1024(78004.00, 84815.00) 635 13 494 827 562 0(0.00, 0.00)
route 249, node_num 7, cost 1819.846000, nodes: 0(120000.00, 120000.00) 101 431 460 233 1011(37555.00, 47544.00) 0(0.00, 0.00)
route 250, node_num 3, cost 168.826000, nodes: 0(120000.00, 120000.00) 124 0(107941.00, 107941.00)
route 251, node_num 6, cost 931.644000, nodes: 0(120000.00, 120000.00) 863 4 44 205 0(53454.00, 53454.00)
route 252, node_num 7, cost 1641.528000, nodes: 0(120000.00, 120000.00) 1007(76524.00, 76524.00) 230 890 436 947 0(2748.00, 2748.00)
route 253, node_num 6, cost 1115.324000, nodes: 0(120000.00, 120000.00) 737 975 922 242 0(40334.00, 40334.00)
route 254, node_num 5, cost 1125.964000, nodes: 0(120000.00, 120000.00) 563 331 35 0(39574.00, 39574.00)
route 255, node_num 3, cost 124.768000, nodes: 0(120000.00, 120000.00) 111 0(111088.00, 111088.00)
route 256, node_num 5, cost 833.882000, nodes: 0(120000.00, 120000.00) 598 380 658 0(60437.00, 60437.00)
route 257, node_num 6, cost 1595.300000, nodes: 0(120000.00, 120000.00) 1113(70334.00, 70334.00) 229 15 1061(10536.00, 10536.00) 0(6050.00, 6050.00)
route 258, node_num 8, cost 1750.602000, nodes: 0(120000.00, 120000.00) 1117(97837.00, 97837.00) 160 1179(63188.00, 83188.00) 791 48 253 0(14957.00, 14957.00)
vehicle (route) number: 259
Total cost: 369338.23
441108.51, 16238.27
439896.86, 16296.25
437789.43, 16245.41
419247.12, 16200.91
416696.34, 16221.20
394649.10, 16200.19
405339.70, 16242.39
389867.51, 16214.44
375626.81, 16203.29
369338.23, 16263.30
