Details of the solution:
route 0, node_num 8, cost 907.186000, nodes: 0(120000.00, 120000.00) 7 25 22 110 115 42 0(55201.00, 55201.00)
route 1, node_num 8, cost 1382.934000, nodes: 0(120000.00, 120000.00) 8 188 63 20 95 318(30186.00, 30186.00) 0(21219.00, 21219.00)
route 2, node_num 7, cost 1151.136000, nodes: 0(120000.00, 120000.00) 24 64 137 58 98 0(37776.00, 37776.00)
route 3, node_num 8, cost 1564.248000, nodes: 0(120000.00, 120000.00) 27 94 92 155 73 228(41272.00, 41272.00) 0(8268.00, 8268.00)
route 4, node_num 8, cost 1683.276000, nodes: 0(120000.00, 120000.00) 38 26 181 172 129 345(22569.00, 22803.00) 0(0.00, 0.00)
route 5, node_num 7, cost 1483.132000, nodes: 0(120000.00, 120000.00) 40 167 51 66 223(18576.00, 18576.00) 0(14062.00, 14062.00)
route 6, node_num 8, cost 983.528000, nodes: 0(120000.00, 120000.00) 44 4 81 47 71 267(71161.00, 71161.00) 0(49748.00, 49748.00)
route 7, node_num 7, cost 1497.244000, nodes: 0(120000.00, 120000.00) 55 132 186 134 113 0(13054.00, 13054.00)
route 8, node_num 5, cost 445.466000, nodes: 0(120000.00, 120000.00) 57 142 124 0(88181.00, 88181.00)
route 9, node_num 7, cost 1332.996000, nodes: 0(120000.00, 120000.00) 68 90 163 11 122 0(24786.00, 24786.00)
route 10, node_num 8, cost 1464.106000, nodes: 0(120000.00, 120000.00) 89 91 15 151 34 203(24536.00, 24536.00) 0(15421.00, 15421.00)
route 11, node_num 8, cost 1706.068000, nodes: 0(120000.00, 120000.00) 100 29 33 125 83 328(31142.00, 33004.00) 0(0.00, 0.00)
route 12, node_num 6, cost 1292.340000, nodes: 0(120000.00, 120000.00) 101 193 148 170 0(27690.00, 27690.00)
route 13, node_num 7, cost 1081.612000, nodes: 0(120000.00, 120000.00) 102 31 62 10 105 0(42742.00, 42742.00)
route 14, node_num 5, cost 239.666000, nodes: 0(120000.00, 120000.00) 109 189 12 0(102881.00, 102881.00)
route 15, node_num 7, cost 835.772000, nodes: 0(120000.00, 120000.00) 119 46 82 117 111 0(60302.00, 60302.00)
route 16, node_num 7, cost 1663.788000, nodes: 0(120000.00, 120000.00) 123 199 49 54 28 0(1158.00, 1158.00)
route 17, node_num 8, cost 1435.196000, nodes: 0(120000.00, 120000.00) 126 80 99 185 50 361(21972.00, 21972.00) 0(17486.00, 17486.00)
route 18, node_num 8, cost 1108.254000, nodes: 0(120000.00, 120000.00) 131 6 87 179 165 292(63030.00, 63030.00) 0(40839.00, 40839.00)
route 19, node_num 7, cost 1081.472000, nodes: 0(120000.00, 120000.00) 133 86 39 121 130 0(42752.00, 42752.00)
route 20, node_num 7, cost 1028.804000, nodes: 0(120000.00, 120000.00) 135 196 168 72 61 0(46514.00, 46514.00)
route 21, node_num 6, cost 1105.342000, nodes: 0(120000.00, 120000.00) 136 56 60 76 0(41047.00, 41047.00)
route 22, node_num 9, cost 1351.742000, nodes: 0(120000.00, 120000.00) 146 320(75143.00, 75143.00) 1 106 104 48 59 0(23447.00, 23447.00)
route 23, node_num 6, cost 775.740000, nodes: 0(120000.00, 120000.00) 147 17 169 88 0(64590.00, 64590.00)
route 24, node_num 8, cost 1403.136000, nodes: 0(120000.00, 120000.00) 150 177 43 157 152 261(24262.00, 24262.00) 0(19776.00, 19776.00)
route 25, node_num 7, cost 1147.496000, nodes: 0(120000.00, 120000.00) 161 190 184 74 192 0(38036.00, 38036.00)
route 26, node_num 6, cost 1161.272000, nodes: 0(120000.00, 120000.00) 166 103 144 9 0(37052.00, 37052.00)
route 27, node_num 7, cost 1250.382000, nodes: 0(120000.00, 120000.00) 171 120 96 127 97 0(30687.00, 30687.00)
route 28, node_num 7, cost 823.256000, nodes: 0(120000.00, 120000.00) 174 173 187 37 53 0(61196.00, 61196.00)
route 29, node_num 7, cost 834.806000, nodes: 0(120000.00, 120000.00) 175 65 3 77 164 0(60371.00, 60371.00)
route 30, node_num 6, cost 1011.360000, nodes: 0(120000.00, 120000.00) 178 139 116 153 0(47760.00, 47760.00)
route 31, node_num 5, cost 937.146000, nodes: 0(120000.00, 120000.00) 195 2 35 0(53061.00, 53061.00)
route 32, node_num 7, cost 1641.556000, nodes: 0(120000.00, 120000.00) 207(76524.00, 76524.00) 183 67 78 114 0(2746.00, 2746.00)
route 33, node_num 8, cost 768.222000, nodes: 0(120000.00, 120000.00) 218(110448.00, 120000.00) 23 140 156 70 14 0(74679.00, 74679.00)
route 34, node_num 8, cost 1400.210000, nodes: 0(120000.00, 120000.00) 221(81946.00, 81946.00) 141 158 194 180 323(24499.00, 24499.00) 0(19985.00, 19985.00)
route 35, node_num 8, cost 1508.192000, nodes: 0(120000.00, 120000.00) 226(109219.00, 109219.00) 21 93 108 200 75 0(12272.00, 12272.00)
route 36, node_num 8, cost 1468.488000, nodes: 0(120000.00, 120000.00) 230(107152.00, 120000.00) 16 85 13 182 107 0(27956.00, 27956.00)
route 37, node_num 9, cost 1446.452000, nodes: 0(120000.00, 120000.00) 245(99812.00, 99812.00) 52 69 112 191 159 330(32711.00, 32711.00) 0(16682.00, 16682.00)
route 38, node_num 6, cost 1538.306000, nodes: 0(120000.00, 120000.00) 277(102343.00, 120000.00) 84 145 79 0(27778.00, 27778.00)
route 39, node_num 9, cost 1821.008000, nodes: 0(120000.00, 120000.00) 324(78004.00, 78004.00) 198 143 5 45 176 256(13306.00, 23378.00) 0(0.00, 0.00)
route 40, node_num 8, cost 974.302000, nodes: 0(120000.00, 120000.00) 326(109219.00, 120000.00) 154 19 18 36 138 0(61188.00, 61188.00)
route 41, node_num 9, cost 1799.588000, nodes: 0(120000.00, 120000.00) 337(68823.00, 68823.00) 41 162 32 197 311(37450.00, 37450.00) 303(573.00, 9115.00) 0(0.00, 0.00)
route 42, node_num 9, cost 1819.132000, nodes: 0(120000.00, 120000.00) 377(102343.00, 102343.00) 160 149 128 118 30 392(12253.00, 22191.00) 0(0.00, 0.00)
vehicle (route) number: 43
Total cost: 66255.36
67810.62, 1800.03
68126.88, 1800.42
67732.27, 1801.19
68643.99, 1801.10
67125.94, 1768.51
66255.36, 1801.78
67292.15, 1800.03
66977.22, 1801.58
67525.15, 1801.90
67565.71, 1801.54
