Details of the solution:
route 0, node_num 6, cost 1385.916000, nodes: 0(120000.00, 120000.00) 8 49 59 375(59856.00, 59856.00) 0(21006.00, 21006.00)
route 1, node_num 8, cost 1346.310000, nodes: 0(120000.00, 120000.00) 21 142 166 152 40 248(54729.00, 54729.00) 0(23835.00, 23835.00)
route 2, node_num 8, cost 1256.080000, nodes: 0(120000.00, 120000.00) 30 62 74 184 161 326(62403.00, 62403.00) 0(30280.00, 30280.00)
route 3, node_num 8, cost 1320.592000, nodes: 0(120000.00, 120000.00) 36 113 31 10 144 260(48391.00, 48391.00) 0(25672.00, 25672.00)
route 4, node_num 7, cost 1095.430000, nodes: 0(120000.00, 120000.00) 38 126 4 6 171 0(41755.00, 41755.00)
route 5, node_num 8, cost 1942.402000, nodes: 0(120000.00, 120000.00) 41 177 43 92 118 334(32261.00, 51004.00) 0(0.00, 0.00)
route 6, node_num 6, cost 1090.740000, nodes: 0(120000.00, 120000.00) 56 139 2 187 0(42090.00, 42090.00)
route 7, node_num 3, cost 243.642000, nodes: 0(120000.00, 120000.00) 57 0(102597.00, 102597.00)
route 8, node_num 7, cost 1839.866000, nodes: 0(120000.00, 120000.00) 79 160 198 134 314(33331.00, 44750.00) 0(0.00, 0.00)
route 9, node_num 7, cost 1098.874000, nodes: 0(120000.00, 120000.00) 81 87 127 35 71 0(41509.00, 41509.00)
route 10, node_num 7, cost 1863.344000, nodes: 0(120000.00, 120000.00) 83 176 32 45 263(41373.00, 54469.00) 0(0.00, 0.00)
route 11, node_num 8, cost 1502.368000, nodes: 0(120000.00, 120000.00) 103 90 141 183 122 360(35407.00, 35407.00) 0(12688.00, 12688.00)
route 12, node_num 8, cost 1218.056000, nodes: 0(120000.00, 120000.00) 105 129 172 47 116 243(49513.00, 49513.00) 0(32996.00, 32996.00)
route 13, node_num 5, cost 922.572000, nodes: 0(120000.00, 120000.00) 108 102 3 0(54102.00, 54102.00)
route 14, node_num 8, cost 974.708000, nodes: 0(120000.00, 120000.00) 109 272(106380.00, 120000.00) 17 169 88 37 0(63998.00, 63998.00)
route 15, node_num 8, cost 848.736000, nodes: 0(120000.00, 120000.00) 111 304(114472.00, 114472.00) 98 25 44 9 0(59376.00, 59376.00)
route 16, node_num 6, cost 1191.764000, nodes: 0(120000.00, 120000.00) 112 34 165 117 0(34874.00, 34874.00)
route 17, node_num 8, cost 740.460000, nodes: 0(120000.00, 120000.00) 133 174 53 119 130 355(83865.00, 83865.00) 0(67110.00, 67110.00)
route 18, node_num 6, cost 481.908000, nodes: 0(120000.00, 120000.00) 138 23 70 14 0(85578.00, 85578.00)
route 19, node_num 6, cost 872.998000, nodes: 0(120000.00, 120000.00) 153 93 131 65 0(57643.00, 57643.00)
route 20, node_num 6, cost 1239.560000, nodes: 0(120000.00, 120000.00) 154 19 192 27 0(31460.00, 31460.00)
route 21, node_num 6, cost 659.904000, nodes: 0(120000.00, 120000.00) 175 147 82 42 0(72864.00, 72864.00)
route 22, node_num 7, cost 1556.576000, nodes: 0(120000.00, 120000.00) 186 132 120 151 202(52559.00, 52559.00) 0(8816.00, 8816.00)
route 23, node_num 8, cost 559.818000, nodes: 0(120000.00, 120000.00) 189 12 123 135 124 313(89749.00, 89749.00) 0(80013.00, 80013.00)
route 24, node_num 6, cost 1323.028000, nodes: 0(120000.00, 120000.00) 191 179 96 7 0(25498.00, 25498.00)
route 25, node_num 8, cost 1257.032000, nodes: 0(120000.00, 120000.00) 204(114583.00, 120000.00) 136 58 60 159 219(60379.00, 60379.00) 0(35629.00, 35629.00)
route 26, node_num 8, cost 1155.336000, nodes: 0(120000.00, 120000.00) 212(114641.00, 120000.00) 196 22 146 28 372(51543.00, 51543.00) 0(42835.00, 42835.00)
route 27, node_num 9, cost 1282.890000, nodes: 0(120000.00, 120000.00) 225(97482.00, 120000.00) 164 190 50 68 77 264(71066.00, 71066.00) 0(50883.00, 50883.00)
route 28, node_num 7, cost 1405.250000, nodes: 0(120000.00, 120000.00) 226(87936.00, 120000.00) 148 84 97 343(68206.00, 68206.00) 0(51689.00, 51689.00)
route 29, node_num 9, cost 864.416000, nodes: 0(120000.00, 120000.00) 228(112837.00, 120000.00) 61 140 46 72 156 227(79841.00, 79841.00) 0(65419.00, 65419.00)
route 30, node_num 8, cost 1918.994000, nodes: 0(120000.00, 120000.00) 229(89163.00, 105163.00) 15 128 5 13 278(43195.00, 44266.00) 0(0.00, 0.00)
route 31, node_num 8, cost 803.082000, nodes: 0(120000.00, 120000.00) 230(107271.00, 107271.00) 195 110 178 115 333(72392.00, 72392.00) 0(62637.00, 62637.00)
route 32, node_num 9, cost 1654.660000, nodes: 0(120000.00, 120000.00) 231(83199.00, 83199.00) 91 85 143 182 106 214(46560.00, 46560.00) 0(1810.00, 1810.00)
route 33, node_num 8, cost 1258.754000, nodes: 0(120000.00, 120000.00) 233(110242.00, 110242.00) 168 64 39 188 63 0(30089.00, 30089.00)
route 34, node_num 9, cost 1496.502000, nodes: 0(120000.00, 120000.00) 235(84119.00, 120000.00) 157 155 73 114 158 213(58724.00, 58724.00) 0(48988.00, 48988.00)
route 35, node_num 9, cost 1442.252000, nodes: 0(120000.00, 120000.00) 273(97835.00, 97835.00) 1 89 76 199 86 319(41732.00, 41732.00) 0(16982.00, 16982.00)
route 36, node_num 8, cost 1589.700000, nodes: 0(120000.00, 120000.00) 274(83303.00, 83303.00) 185 99 197 80 262(51035.00, 51035.00) 0(6450.00, 6450.00)
route 37, node_num 7, cost 1472.016000, nodes: 0(120000.00, 120000.00) 283(90546.00, 120000.00) 107 69 52 209(79187.00, 79187.00) 0(44310.00, 44310.00)
route 38, node_num 9, cost 1507.198000, nodes: 0(120000.00, 120000.00) 312(114641.00, 114641.00) 18 24 193 101 200 391(19384.00, 19384.00) 0(12343.00, 12343.00)
route 39, node_num 9, cost 1817.746000, nodes: 0(120000.00, 120000.00) 325(97482.00, 97482.00) 11 16 54 104 48 275(29011.00, 38850.00) 0(0.00, 0.00)
route 40, node_num 9, cost 1063.048000, nodes: 0(120000.00, 120000.00) 328(112837.00, 120000.00) 137 95 20 121 173 255(67986.00, 67986.00) 0(51231.00, 51231.00)
route 41, node_num 10, cost 1722.840000, nodes: 0(120000.00, 120000.00) 330(107271.00, 107271.00) 220(93296.00, 93296.00) 125 149 247(56234.00, 56234.00) 150 55 364(17123.00, 20183.00) 0(0.00, 0.00)
route 42, node_num 9, cost 1597.134000, nodes: 0(120000.00, 120000.00) 331(83199.00, 83199.00) 145 100 170 75 94 291(12960.00, 12960.00) 0(5919.00, 5919.00)
route 43, node_num 7, cost 1412.740000, nodes: 0(120000.00, 120000.00) 332(86549.00, 86549.00) 167 51 66 268(60162.00, 60162.00) 0(19090.00, 19090.00)
route 44, node_num 9, cost 1662.416000, nodes: 0(120000.00, 120000.00) 335(84119.00, 84119.00) 180 163 78 67 194 292(47555.00, 47555.00) 0(1256.00, 1256.00)
route 45, node_num 9, cost 1797.348000, nodes: 0(120000.00, 120000.00) 373(97835.00, 97835.00) 181 162 26 29 33 318(43453.00, 51835.00) 0(0.00, 0.00)
vehicle (route) number: 46
Total cost: 72557.01
76211.82, 1800.51
72557.01, 1801.73
74719.72, 1801.02
74746.38, 1800.01
73186.07, 1800.05
73952.18, 1800.02
76443.12, 1801.48
76953.53, 1801.21
73326.54, 1800.21
74914.76, 1800.62
