Details of the solution:
route 0, node_num 6, cost 898.772000, nodes: 0(120000.00, 120000.00) 3 71 81 126 0(55802.00, 55802.00)
route 1, node_num 6, cost 890.302000, nodes: 0(120000.00, 120000.00) 4 6 2 139 0(56407.00, 56407.00)
route 2, node_num 6, cost 1001.322000, nodes: 0(120000.00, 120000.00) 12 109 189 138 0(48477.00, 48477.00)
route 3, node_num 8, cost 1724.170000, nodes: 0(120000.00, 120000.00) 16 91 54 85 13 375(18461.00, 21616.00) 0(0.00, 0.00)
route 4, node_num 7, cost 1295.784000, nodes: 0(120000.00, 120000.00) 18 146 22 17 169 0(27444.00, 27444.00)
route 5, node_num 7, cost 1202.362000, nodes: 0(120000.00, 120000.00) 21 101 30 172 74 0(34117.00, 34117.00)
route 6, node_num 7, cost 1059.114000, nodes: 0(120000.00, 120000.00) 24 7 42 123 135 0(44349.00, 44349.00)
route 7, node_num 7, cost 1648.724000, nodes: 0(120000.00, 120000.00) 34 89 60 8 237(21066.00, 21066.00) 0(2234.00, 2234.00)
route 8, node_num 7, cost 494.298000, nodes: 0(120000.00, 120000.00) 36 164 55 77 356(94120.00, 94120.00) 0(84693.00, 84693.00)
route 9, node_num 6, cost 1196.146000, nodes: 0(120000.00, 120000.00) 40 66 51 340(56648.00, 56648.00) 0(34561.00, 34561.00)
route 10, node_num 7, cost 1141.224000, nodes: 0(120000.00, 120000.00) 47 127 112 87 35 0(38484.00, 38484.00)
route 11, node_num 7, cost 1738.058000, nodes: 0(120000.00, 120000.00) 64 121 316(56433.00, 60580.00) 20 39 0(0.00, 0.00)
route 12, node_num 8, cost 911.092000, nodes: 0(120000.00, 120000.00) 65 25 98 136 9 337(73754.00, 73754.00) 0(54922.00, 54922.00)
route 13, node_num 7, cost 1829.156000, nodes: 0(120000.00, 120000.00) 78 162 128 129 366(20142.00, 30796.00) 0(0.00, 0.00)
route 14, node_num 7, cost 1516.158000, nodes: 0(120000.00, 120000.00) 80 107 132 69 266(42499.00, 42499.00) 0(11703.00, 11703.00)
route 15, node_num 8, cost 1757.140000, nodes: 0(120000.00, 120000.00) 84 182 143 134 198 387(12982.00, 18492.00) 0(0.00, 0.00)
route 16, node_num 6, cost 1222.396000, nodes: 0(120000.00, 120000.00) 90 73 183 167 0(32686.00, 32686.00)
route 17, node_num 6, cost 1074.962000, nodes: 0(120000.00, 120000.00) 113 27 75 94 0(43217.00, 43217.00)
route 18, node_num 7, cost 764.946000, nodes: 0(120000.00, 120000.00) 108 190 318(90276.00, 90276.00) 161 102 0(65361.00, 65361.00)
route 19, node_num 7, cost 1049.440000, nodes: 0(120000.00, 120000.00) 105 184 10 62 31 0(45040.00, 45040.00)
route 20, node_num 7, cost 1542.996000, nodes: 0(120000.00, 120000.00) 118 41 100 148 150 0(9786.00, 9786.00)
route 21, node_num 7, cost 736.456000, nodes: 0(120000.00, 120000.00) 122 103 68 152 166 0(67396.00, 67396.00)
route 22, node_num 6, cost 1084.146000, nodes: 0(120000.00, 120000.00) 131 56 110 38 0(42561.00, 42561.00)
route 23, node_num 5, cost 1142.064000, nodes: 0(120000.00, 120000.00) 133 140 14 0(38424.00, 38424.00)
route 24, node_num 8, cost 1194.802000, nodes: 0(120000.00, 120000.00) 142 220(88719.00, 88719.00) 70 61 23 57 0(34657.00, 34657.00)
route 25, node_num 5, cost 1100.554000, nodes: 0(120000.00, 120000.00) 144 50 124 0(41389.00, 41389.00)
route 26, node_num 6, cost 599.480000, nodes: 0(120000.00, 120000.00) 153 93 192 19 0(77180.00, 77180.00)
route 27, node_num 6, cost 1615.838000, nodes: 0(120000.00, 120000.00) 181 33 149 197 0(4583.00, 4583.00)
route 28, node_num 9, cost 1681.974000, nodes: 0(120000.00, 120000.00) 157 83 26 125 145 380(17043.00, 17043.00) 352(11005.00, 11146.00) 0(0.00, 0.00)
route 29, node_num 6, cost 1267.336000, nodes: 0(120000.00, 120000.00) 165 191 58 44 0(29476.00, 29476.00)
route 30, node_num 10, cost 1759.002000, nodes: 0(120000.00, 120000.00) 170 193 45 5 202(47509.00, 47509.00) 186 258(35202.00, 35202.00) 252(5503.00, 11146.00) 0(0.00, 0.00)
route 31, node_num 7, cost 1515.402000, nodes: 0(120000.00, 120000.00) 171 151 120 15 52 0(11757.00, 11757.00)
route 32, node_num 7, cost 1342.698000, nodes: 0(120000.00, 120000.00) 175 46 37 53 88 0(24093.00, 24093.00)
route 33, node_num 7, cost 1470.294000, nodes: 0(120000.00, 120000.00) 177 92 43 200 155 0(14979.00, 14979.00)
route 34, node_num 5, cost 1034.642000, nodes: 0(120000.00, 120000.00) 178 147 117 0(46097.00, 46097.00)
route 35, node_num 8, cost 1709.106000, nodes: 0(120000.00, 120000.00) 179 96 76 106 1 274(32486.00, 34565.00) 0(0.00, 0.00)
route 36, node_num 6, cost 991.214000, nodes: 0(120000.00, 120000.00) 180 114 158 11 0(49199.00, 49199.00)
route 37, node_num 9, cost 1666.168000, nodes: 0(120000.00, 120000.00) 185 79 29 176 32 262(53232.00, 53232.00) 377(29752.00, 29752.00) 0(988.00, 988.00)
route 38, node_num 8, cost 1481.284000, nodes: 0(120000.00, 120000.00) 187 173 130 119 235(45722.00, 45722.00) 335(45722.00, 45722.00) 0(14194.00, 14194.00)
route 39, node_num 7, cost 1916.124000, nodes: 0(120000.00, 120000.00) 188 48 59 104 275(4750.00, 21616.00) 0(0.00, 0.00)
route 40, node_num 6, cost 1349.992000, nodes: 0(120000.00, 120000.00) 194 67 141 163 0(23572.00, 23572.00)
route 41, node_num 6, cost 1322.846000, nodes: 0(120000.00, 120000.00) 195 63 115 82 0(25511.00, 25511.00)
route 42, node_num 7, cost 1538.334000, nodes: 0(120000.00, 120000.00) 249(86720.00, 86720.00) 99 160 97 116 0(10119.00, 10119.00)
route 43, node_num 8, cost 1657.628000, nodes: 0(120000.00, 120000.00) 287(101577.00, 101577.00) 86 28 49 199 212(28216.00, 28216.00) 0(1598.00, 1598.00)
route 44, node_num 8, cost 1653.554000, nodes: 0(120000.00, 120000.00) 311(72171.00, 72171.00) 159 137 95 168 196 0(1889.00, 1889.00)
route 45, node_num 7, cost 1470.602000, nodes: 0(120000.00, 120000.00) 154 156 72 174 111 0(14957.00, 14957.00)
vehicle (route) number: 46
Total cost: 74060.10
74771.90, 1800.22
76297.35, 1800.91
76555.23, 1801.15
74060.10, 1800.92
76354.71, 1801.90
77112.34, 1801.58
75295.34, 1800.06
75777.75, 1801.01
75706.66, 1614.84
75251.66, 1800.68
