Details of the solution:
route 0, node_num 7, cost 1651.160000, nodes: 0(120000.00, 120000.00) 10 127 66 105 118 0(2060.00, 2060.00)
route 1, node_num 8, cost 1724.926000, nodes: 0(120000.00, 120000.00) 14 159 183 112 23 284(39585.00, 42794.00) 0(0.00, 0.00)
route 2, node_num 7, cost 1167.530000, nodes: 0(120000.00, 120000.00) 40 87 197 16 54 0(36605.00, 36605.00)
route 3, node_num 7, cost 1239.154000, nodes: 0(120000.00, 120000.00) 41 191 24 67 60 0(31489.00, 31489.00)
route 4, node_num 6, cost 1284.108000, nodes: 0(120000.00, 120000.00) 44 184 84 114 0(28278.00, 28278.00)
route 5, node_num 8, cost 1821.862000, nodes: 0(120000.00, 120000.00) 45 1 6 107 172 394(22263.00, 32396.00) 0(0.00, 0.00)
route 6, node_num 5, cost 250.474000, nodes: 0(120000.00, 120000.00) 46 111 124 0(102109.00, 102109.00)
route 7, node_num 7, cost 1429.918000, nodes: 0(120000.00, 120000.00) 51 63 92 43 145 0(17863.00, 17863.00)
route 8, node_num 7, cost 948.584000, nodes: 0(120000.00, 120000.00) 57 148 163 20 36 0(52244.00, 52244.00)
route 9, node_num 7, cost 1260.980000, nodes: 0(120000.00, 120000.00) 70 138 162 68 7 0(29930.00, 29930.00)
route 10, node_num 7, cost 1003.940000, nodes: 0(120000.00, 120000.00) 71 386(92680.00, 92680.00) 101 130 122 0(48290.00, 48290.00)
route 11, node_num 8, cost 1201.550000, nodes: 0(120000.00, 120000.00) 75 27 15 55 65 396(59660.00, 59660.00) 0(34175.00, 34175.00)
route 12, node_num 6, cost 477.890000, nodes: 0(120000.00, 120000.00) 76 52 134 2 0(85865.00, 85865.00)
route 13, node_num 5, cost 1409.604000, nodes: 0(120000.00, 120000.00) 77 108 42 0(19314.00, 19314.00)
route 14, node_num 6, cost 1575.644000, nodes: 0(120000.00, 120000.00) 79 117 97 116 0(7454.00, 7454.00)
route 15, node_num 6, cost 1057.812000, nodes: 0(120000.00, 120000.00) 83 170 25 38 0(44442.00, 44442.00)
route 16, node_num 7, cost 1099.294000, nodes: 0(120000.00, 120000.00) 89 121 21 95 91 0(41479.00, 41479.00)
route 17, node_num 6, cost 1362.676000, nodes: 0(120000.00, 120000.00) 94 31 152 78 0(22666.00, 22666.00)
route 18, node_num 6, cost 1540.154000, nodes: 0(120000.00, 120000.00) 98 56 22 154 0(9989.00, 9989.00)
route 19, node_num 7, cost 1366.694000, nodes: 0(120000.00, 120000.00) 103 82 126 186 292(45136.00, 45136.00) 0(22379.00, 22379.00)
route 20, node_num 5, cost 679.504000, nodes: 0(120000.00, 120000.00) 132 131 11 0(71464.00, 71464.00)
route 21, node_num 8, cost 1657.544000, nodes: 0(120000.00, 120000.00) 135 142 29 73 48 368(30841.00, 30841.00) 0(1604.00, 1604.00)
route 22, node_num 7, cost 1644.734000, nodes: 0(120000.00, 120000.00) 140 156 99 279(62496.00, 120000.00) 72 0(60023.00, 60023.00)
route 23, node_num 7, cost 1545.012000, nodes: 0(120000.00, 120000.00) 144 8 128 177 325(33769.00, 33769.00) 0(9642.00, 9642.00)
route 24, node_num 8, cost 1004.248000, nodes: 0(120000.00, 120000.00) 146 182 155 169 168 267(62946.00, 62946.00) 0(48268.00, 48268.00)
route 25, node_num 8, cost 1630.524000, nodes: 0(120000.00, 120000.00) 149 200 113 3 109 334(31849.00, 31849.00) 0(3534.00, 3534.00)
route 26, node_num 7, cost 1210.048000, nodes: 0(120000.00, 120000.00) 150 372(84140.00, 92140.00) 110 171 4 0(41568.00, 41568.00)
route 27, node_num 9, cost 1857.002000, nodes: 0(120000.00, 120000.00) 153 85 53 141 125 239(39845.00, 39845.00) 225(11484.00, 24127.00) 0(0.00, 0.00)
route 28, node_num 5, cost 842.044000, nodes: 0(120000.00, 120000.00) 158 35 93 0(59854.00, 59854.00)
route 29, node_num 8, cost 1684.382000, nodes: 0(120000.00, 120000.00) 166 58 194 151 123 294(32083.00, 32396.00) 0(0.00, 0.00)
route 30, node_num 7, cost 875.014000, nodes: 0(120000.00, 120000.00) 167 120 62 188 50 0(57499.00, 57499.00)
route 31, node_num 6, cost 924.308000, nodes: 0(120000.00, 120000.00) 173 69 178 198 0(53978.00, 53978.00)
route 32, node_num 8, cost 1381.982000, nodes: 0(120000.00, 120000.00) 174 9 165 100 64 271(57836.00, 57836.00) 0(21287.00, 21287.00)
route 33, node_num 8, cost 968.534000, nodes: 0(120000.00, 120000.00) 175 81 33 139 133 164 0(50819.00, 50819.00)
route 34, node_num 6, cost 1287.160000, nodes: 0(120000.00, 120000.00) 176 102 49 143 0(28060.00, 28060.00)
route 35, node_num 6, cost 632.478000, nodes: 0(120000.00, 120000.00) 179 34 136 37 0(74823.00, 74823.00)
route 36, node_num 7, cost 1578.192000, nodes: 0(120000.00, 120000.00) 185 104 61 28 13 0(7272.00, 7272.00)
route 37, node_num 8, cost 1257.802000, nodes: 0(120000.00, 120000.00) 189 19 289(73440.00, 85440.00) 5 30 193 0(42157.00, 42157.00)
route 38, node_num 7, cost 790.776000, nodes: 0(120000.00, 120000.00) 190 219(94561.00, 120000.00) 90 137 195 0(88955.00, 88955.00)
route 39, node_num 8, cost 1149.722000, nodes: 0(120000.00, 120000.00) 192 59 12 119 80 181 0(37877.00, 37877.00)
route 40, node_num 7, cost 741.482000, nodes: 0(120000.00, 120000.00) 199 74 39 147 375(84562.00, 84562.00) 0(67037.00, 67037.00)
route 41, node_num 10, cost 1041.124000, nodes: 0(120000.00, 120000.00) 251(106137.00, 106137.00) 86 160 96 26 32 47 308(59960.00, 59960.00) 0(45634.00, 45634.00)
route 42, node_num 7, cost 988.834000, nodes: 0(120000.00, 120000.00) 268(95394.00, 95394.00) 187 196 115 106 0(49369.00, 49369.00)
route 43, node_num 7, cost 1497.384000, nodes: 0(120000.00, 120000.00) 312(72845.00, 72845.00) 88 129 18 161 0(13044.00, 13044.00)
route 44, node_num 6, cost 975.926000, nodes: 0(120000.00, 120000.00) 314(102551.00, 102551.00) 157 17 180 0(50291.00, 50291.00)
vehicle (route) number: 45
Total cost: 68219.71
69648.58, 1801.56
69691.81, 1801.10
70628.11, 1266.48
68776.16, 1800.61
69460.44, 1801.94
70635.11, 1800.21
69914.95, 1800.56
70285.04, 1189.66
68219.71, 1801.52
69842.69, 1801.11
