Details of the solution:
route 0, node_num 8, cost 805.588000, nodes: 0(120000.00, 120000.00) 4 377 198 379 235 438(79577.00, 79577.00) 0(62458.00, 62458.00)
route 1, node_num 7, cost 1035.160000, nodes: 0(120000.00, 120000.00) 8 300 120 107 271 0(46060.00, 46060.00)
route 2, node_num 6, cost 839.090000, nodes: 0(120000.00, 120000.00) 17 208 24 135 0(60065.00, 60065.00)
route 3, node_num 6, cost 649.628000, nodes: 0(120000.00, 120000.00) 18 20 26 164 0(73598.00, 73598.00)
route 4, node_num 6, cost 1191.904000, nodes: 0(120000.00, 120000.00) 21 154 82 239 0(34864.00, 34864.00)
route 5, node_num 7, cost 1435.070000, nodes: 0(120000.00, 120000.00) 27 176 380 252 517(39224.00, 39224.00) 0(17495.00, 17495.00)
route 6, node_num 7, cost 687.302000, nodes: 0(120000.00, 120000.00) 31 288 348 121 200 0(70907.00, 70907.00)
route 7, node_num 6, cost 1127.028000, nodes: 0(120000.00, 120000.00) 35 123 224 29 0(39498.00, 39498.00)
route 8, node_num 8, cost 1587.670000, nodes: 0(120000.00, 120000.00) 36 382 555(59194.00, 59194.00) 211 217 411(29767.00, 29767.00) 0(6595.00, 6595.00)
route 9, node_num 8, cost 1397.844000, nodes: 0(120000.00, 120000.00) 38 354 87 19 278 478(48415.00, 48415.00) 0(20154.00, 20154.00)
route 10, node_num 5, cost 1320.480000, nodes: 0(120000.00, 120000.00) 44 42 40 0(25680.00, 25680.00)
route 11, node_num 7, cost 1477.280000, nodes: 0(120000.00, 120000.00) 52 314 389 213 406(50718.00, 50718.00) 0(14480.00, 14480.00)
route 12, node_num 6, cost 821.338000, nodes: 0(120000.00, 120000.00) 55 351 268 147 0(61333.00, 61333.00)
route 13, node_num 6, cost 1184.204000, nodes: 0(120000.00, 120000.00) 58 139 5 10 0(35414.00, 35414.00)
route 14, node_num 7, cost 991.690000, nodes: 0(120000.00, 120000.00) 59 151 41 370 538(66284.00, 66284.00) 0(49165.00, 49165.00)
route 15, node_num 8, cost 1530.718000, nodes: 0(120000.00, 120000.00) 62 339 66 112 194 514(48279.00, 48279.00) 0(10663.00, 10663.00)
route 16, node_num 7, cost 1234.632000, nodes: 0(120000.00, 120000.00) 64 113 156 84 533(44750.00, 44750.00) 0(31812.00, 31812.00)
route 17, node_num 8, cost 607.544000, nodes: 0(120000.00, 120000.00) 65 92 150 161 242 396 0(76604.00, 76604.00)
route 18, node_num 6, cost 1594.320000, nodes: 0(120000.00, 120000.00) 70 286 318 425(48210.00, 48210.00) 0(6120.00, 6120.00)
route 19, node_num 7, cost 1583.176000, nodes: 0(120000.00, 120000.00) 80 327 69 342 532(40883.00, 40883.00) 0(6916.00, 6916.00)
route 20, node_num 8, cost 511.952000, nodes: 0(120000.00, 120000.00) 89 23 361 311 195 81 0(83432.00, 83432.00)
route 21, node_num 8, cost 778.078000, nodes: 0(120000.00, 120000.00) 97 83 68 347 57 243 0(64423.00, 64423.00)
route 22, node_num 7, cost 930.244000, nodes: 0(120000.00, 120000.00) 102 236 166 171 493(67644.00, 67644.00) 0(53554.00, 53554.00)
route 23, node_num 7, cost 1560.916000, nodes: 0(120000.00, 120000.00) 122 50 46 292 554(51464.00, 51464.00) 0(8506.00, 8506.00)
route 24, node_num 8, cost 973.994000, nodes: 0(120000.00, 120000.00) 124 341 297 13 353 593(64519.00, 64519.00) 0(50429.00, 50429.00)
route 25, node_num 7, cost 1458.492000, nodes: 0(120000.00, 120000.00) 133 287 276 325 484(55187.00, 55187.00) 0(15822.00, 15822.00)
route 26, node_num 6, cost 1213.282000, nodes: 0(120000.00, 120000.00) 138 43 136 306 0(33337.00, 33337.00)
route 27, node_num 6, cost 1412.110000, nodes: 0(120000.00, 120000.00) 143 75 61 179 0(19135.00, 19135.00)
route 28, node_num 7, cost 1256.108000, nodes: 0(120000.00, 120000.00) 149 25 378 163 257 0(30278.00, 30278.00)
route 29, node_num 8, cost 728.140000, nodes: 0(120000.00, 120000.00) 158 237 79 365 384 126 0(67990.00, 67990.00)
route 30, node_num 7, cost 1302.280000, nodes: 0(120000.00, 120000.00) 174 1 202 296 488(63211.00, 63211.00) 0(26980.00, 26980.00)
route 31, node_num 5, cost 1489.124000, nodes: 0(120000.00, 120000.00) 177 270 28 0(13634.00, 13634.00)
route 32, node_num 7, cost 593.866000, nodes: 0(120000.00, 120000.00) 181 309 74 142 398 0(77581.00, 77581.00)
route 33, node_num 6, cost 1135.708000, nodes: 0(120000.00, 120000.00) 185 140 355 175 0(38878.00, 38878.00)
route 34, node_num 7, cost 1120.112000, nodes: 0(120000.00, 120000.00) 190 127 244 178 402(64119.00, 64119.00) 0(39992.00, 39992.00)
route 35, node_num 7, cost 1310.582000, nodes: 0(120000.00, 120000.00) 192 76 184 101 409(61468.00, 61468.00) 0(26387.00, 26387.00)
route 36, node_num 7, cost 1445.318000, nodes: 0(120000.00, 120000.00) 193 14 125 155 506(53001.00, 53001.00) 0(16763.00, 16763.00)
route 37, node_num 6, cost 1048.026000, nodes: 0(120000.00, 120000.00) 199 98 131 258 0(45141.00, 45141.00)
route 38, node_num 8, cost 1015.924000, nodes: 0(120000.00, 120000.00) 206 360 108 152 110 481(70546.00, 70546.00) 0(47434.00, 47434.00)
route 39, node_num 7, cost 1181.012000, nodes: 0(120000.00, 120000.00) 219 284 285 324 180 0(35642.00, 35642.00)
route 40, node_num 6, cost 455.588000, nodes: 0(120000.00, 120000.00) 220 183 93 231 0(87458.00, 87458.00)
route 41, node_num 8, cost 995.750000, nodes: 0(120000.00, 120000.00) 225 356 313 191 496(61455.00, 61455.00) 513(59964.00, 59964.00) 0(48875.00, 48875.00)
route 42, node_num 6, cost 367.570000, nodes: 0(120000.00, 120000.00) 226 364 393 240 0(93745.00, 93745.00)
route 43, node_num 8, cost 923.594000, nodes: 0(120000.00, 120000.00) 227 368 91 375 273 153 0(54029.00, 54029.00)
route 44, node_num 8, cost 1058.162000, nodes: 0(120000.00, 120000.00) 228 283 298 266 30 289 0(44417.00, 44417.00)
route 45, node_num 8, cost 1867.726000, nodes: 0(120000.00, 120000.00) 230 3 308 128 346 572(29508.00, 42917.00) 0(0.00, 0.00)
route 46, node_num 7, cost 1689.870000, nodes: 0(120000.00, 120000.00) 246 157 307 233 535(45067.00, 45772.00) 0(0.00, 0.00)
route 47, node_num 6, cost 1072.666000, nodes: 0(120000.00, 120000.00) 247 274 345 323 0(43381.00, 43381.00)
route 48, node_num 6, cost 699.426000, nodes: 0(120000.00, 120000.00) 256 129 95 203 0(70041.00, 70041.00)
route 49, node_num 7, cost 1365.210000, nodes: 0(120000.00, 120000.00) 259 53 103 12 480(57413.00, 57413.00) 0(22485.00, 22485.00)
route 50, node_num 8, cost 1306.018000, nodes: 0(120000.00, 120000.00) 260 394 9 214 73 431(59378.00, 59378.00) 0(26713.00, 26713.00)
route 51, node_num 5, cost 507.808000, nodes: 0(120000.00, 120000.00) 262 215 388 0(83728.00, 83728.00)
route 52, node_num 8, cost 1090.796000, nodes: 0(120000.00, 120000.00) 265 189 251 170 254 558(60125.00, 60125.00) 0(42086.00, 42086.00)
route 53, node_num 6, cost 952.532000, nodes: 0(120000.00, 120000.00) 269 210 319 209 0(51962.00, 51962.00)
route 54, node_num 4, cost 133.308000, nodes: 0(120000.00, 120000.00) 279 359 0(110478.00, 110478.00)
route 55, node_num 7, cost 1988.336000, nodes: 0(120000.00, 120000.00) 290 148 22 49 436(11227.00, 33251.00) 0(0.00, 0.00)
route 56, node_num 8, cost 432.446000, nodes: 0(120000.00, 120000.00) 291 317 204 96 48 39 0(89111.00, 89111.00)
route 57, node_num 7, cost 546.420000, nodes: 0(120000.00, 120000.00) 294 88 367 334 293 0(80970.00, 80970.00)
route 58, node_num 6, cost 1121.652000, nodes: 0(120000.00, 120000.00) 303 146 387 100 0(39882.00, 39882.00)
route 59, node_num 8, cost 1321.250000, nodes: 0(120000.00, 120000.00) 305 6 37 221 212 464(31986.00, 31986.00) 0(25625.00, 25625.00)
route 60, node_num 6, cost 1393.392000, nodes: 0(120000.00, 120000.00) 315 132 99 580(55400.00, 55400.00) 0(20472.00, 20472.00)
route 61, node_num 6, cost 1216.712000, nodes: 0(120000.00, 120000.00) 321 77 137 145 0(33092.00, 33092.00)
route 62, node_num 6, cost 1234.688000, nodes: 0(120000.00, 120000.00) 322 218 340 301 0(31808.00, 31808.00)
route 63, node_num 7, cost 1697.710000, nodes: 0(120000.00, 120000.00) 330 277 33 381 445(24637.00, 25902.00) 0(0.00, 0.00)
route 64, node_num 7, cost 437.416000, nodes: 0(120000.00, 120000.00) 333 144 165 337 47 0(88756.00, 88756.00)
route 65, node_num 7, cost 1559.978000, nodes: 0(120000.00, 120000.00) 335 116 392 45 521(47800.00, 47800.00) 0(8573.00, 8573.00)
route 66, node_num 7, cost 1099.154000, nodes: 0(120000.00, 120000.00) 338 349 159 329 299 0(41489.00, 41489.00)
route 67, node_num 6, cost 1144.962000, nodes: 0(120000.00, 120000.00) 350 253 229 2 0(38217.00, 38217.00)
route 68, node_num 6, cost 1594.390000, nodes: 0(120000.00, 120000.00) 357 280 358 454(49073.00, 49073.00) 0(6115.00, 6115.00)
route 69, node_num 7, cost 1237.670000, nodes: 0(120000.00, 120000.00) 363 169 188 232 452(65434.00, 65434.00) 0(31595.00, 31595.00)
route 70, node_num 6, cost 1013.180000, nodes: 0(120000.00, 120000.00) 372 114 310 67 0(47630.00, 47630.00)
route 71, node_num 6, cost 850.094000, nodes: 0(120000.00, 120000.00) 374 104 385 7 0(59279.00, 59279.00)
route 72, node_num 7, cost 974.848000, nodes: 0(120000.00, 120000.00) 386 216 383 119 32 0(50368.00, 50368.00)
route 73, node_num 6, cost 1129.590000, nodes: 0(120000.00, 120000.00) 397 162 15 106 0(39315.00, 39315.00)
route 74, node_num 7, cost 1700.944000, nodes: 0(120000.00, 120000.00) 399 390 302 118 495(53315.00, 54811.00) 0(0.00, 0.00)
route 75, node_num 7, cost 1437.604000, nodes: 0(120000.00, 120000.00) 400 172 245 167 432(51281.00, 51281.00) 0(17314.00, 17314.00)
route 76, node_num 7, cost 1873.410000, nodes: 0(120000.00, 120000.00) 416(95738.00, 119738.00) 352 141 160 476(36636.00, 36636.00) 0(10185.00, 10185.00)
route 77, node_num 8, cost 1831.522000, nodes: 0(120000.00, 120000.00) 443(90980.00, 110980.00) 373 16 187 275 536(42428.00, 42428.00) 0(9177.00, 9177.00)
route 78, node_num 7, cost 1484.252000, nodes: 0(120000.00, 120000.00) 444(106638.00, 106638.00) 371 369 34 556(33860.00, 33860.00) 0(13982.00, 13982.00)
route 79, node_num 8, cost 1775.074000, nodes: 0(120000.00, 120000.00) 453(84325.00, 84325.00) 250 117 272 391 576(19660.00, 26451.00) 0(0.00, 0.00)
route 80, node_num 8, cost 1578.108000, nodes: 0(120000.00, 120000.00) 457(94699.00, 94699.00) 78 376 86 109 316 0(7278.00, 7278.00)
route 81, node_num 8, cost 1003.058000, nodes: 0(120000.00, 120000.00) 474(107295.00, 120000.00) 312 263 267 85 448(85755.00, 85755.00) 0(61058.00, 61058.00)
route 82, node_num 8, cost 1346.282000, nodes: 0(120000.00, 120000.00) 485(97648.00, 97648.00) 105 173 71 63 548(48534.00, 48534.00) 0(23837.00, 23837.00)
route 83, node_num 8, cost 1566.992000, nodes: 0(120000.00, 120000.00) 509(82478.00, 82478.00) 332 261 54 343 417(29801.00, 29801.00) 0(8072.00, 8072.00)
route 84, node_num 7, cost 925.862000, nodes: 0(120000.00, 120000.00) 511(93324.00, 93324.00) 197 234 328 182 0(53867.00, 53867.00)
route 85, node_num 6, cost 1460.172000, nodes: 0(120000.00, 120000.00) 516(95738.00, 120000.00) 168 201 421(79191.00, 79191.00) 0(39964.00, 39964.00)
route 86, node_num 8, cost 1687.266000, nodes: 0(120000.00, 120000.00) 543(90980.00, 90980.00) 238 264 111 90 477(41957.00, 42476.00) 0(0.00, 0.00)
route 87, node_num 6, cost 1402.660000, nodes: 0(120000.00, 120000.00) 544(106638.00, 106638.00) 223 281 520(64420.00, 64420.00) 0(19810.00, 19810.00)
route 88, node_num 8, cost 1665.762000, nodes: 0(120000.00, 120000.00) 553(84325.00, 84325.00) 336 304 241 222 502(25144.00, 25144.00) 0(1017.00, 1017.00)
route 89, node_num 8, cost 1533.714000, nodes: 0(120000.00, 120000.00) 557(94699.00, 94699.00) 395 282 56 344 433(23387.00, 23387.00) 0(10449.00, 10449.00)
route 90, node_num 6, cost 534.898000, nodes: 0(120000.00, 120000.00) 564(110411.00, 120000.00) 205 130 72 0(91382.00, 91382.00)
route 91, node_num 8, cost 1598.478000, nodes: 0(120000.00, 120000.00) 569(79763.00, 87763.00) 255 115 331 94 575(51640.00, 51640.00) 0(13823.00, 13823.00)
route 92, node_num 8, cost 1059.310000, nodes: 0(120000.00, 120000.00) 574(107295.00, 120000.00) 320 366 295 51 134 0(57040.00, 57040.00)
route 93, node_num 9, cost 1833.398000, nodes: 0(120000.00, 120000.00) 585(97648.00, 97648.00) 362 326 207 249 11 545(14945.00, 25902.00) 0(0.00, 0.00)
route 94, node_num 9, cost 1716.134000, nodes: 0(120000.00, 120000.00) 590(82075.00, 82075.00) 186 447(58815.00, 82815.00) 196 248 60 472(64336.00, 64336.00) 0(21419.00, 21419.00)
vehicle (route) number: 95
Total cost: 141561.75
141778.27, 5401.63
142092.11, 5405.69
142823.45, 5411.02
144889.61, 5405.50
141962.27, 5412.85
142634.65, 5400.74
144514.09, 5407.18
142474.98, 5410.24
142209.34, 5402.10
141561.75, 5406.69
