Details of the solution:
route 0, node_num 7, cost 1540.938000, nodes: 0(120000.00, 120000.00) 10 127 227 348 241 0(9933.00, 9933.00)
route 1, node_num 7, cost 1653.288000, nodes: 0(120000.00, 120000.00) 14 159 23 49 143 0(1908.00, 1908.00)
route 2, node_num 6, cost 846.930000, nodes: 0(120000.00, 120000.00) 41 191 350 338 0(59505.00, 59505.00)
route 3, node_num 6, cost 441.126000, nodes: 0(120000.00, 120000.00) 46 204 40 331 0(88491.00, 88491.00)
route 4, node_num 7, cost 1263.556000, nodes: 0(120000.00, 120000.00) 51 92 63 334 382 0(29746.00, 29746.00)
route 5, node_num 7, cost 991.340000, nodes: 0(120000.00, 120000.00) 57 148 163 221 155 0(49190.00, 49190.00)
route 6, node_num 7, cost 1156.064000, nodes: 0(120000.00, 120000.00) 70 162 353 301 7 0(37424.00, 37424.00)
route 7, node_num 8, cost 1784.174000, nodes: 0(120000.00, 120000.00) 71 58 85 107 490(47834.00, 55275.00) 308 0(0.00, 0.00)
route 8, node_num 7, cost 742.028000, nodes: 0(120000.00, 120000.00) 75 305 139 133 369 0(66998.00, 66998.00)
route 9, node_num 6, cost 661.388000, nodes: 0(120000.00, 120000.00) 76 263 258 282 0(72758.00, 72758.00)
route 10, node_num 6, cost 1596.308000, nodes: 0(120000.00, 120000.00) 79 117 8 144 0(5978.00, 5978.00)
route 11, node_num 6, cost 743.862000, nodes: 0(120000.00, 120000.00) 83 35 276 336 0(66867.00, 66867.00)
route 12, node_num 5, cost 814.170000, nodes: 0(120000.00, 120000.00) 89 394 2 0(61845.00, 61845.00)
route 13, node_num 8, cost 968.198000, nodes: 0(120000.00, 120000.00) 90 399 208 341 198 352 0(50843.00, 50843.00)
route 14, node_num 6, cost 1243.732000, nodes: 0(120000.00, 120000.00) 98 56 42 297 0(31162.00, 31162.00)
route 15, node_num 5, cost 666.582000, nodes: 0(120000.00, 120000.00) 132 314 180 0(72387.00, 72387.00)
route 16, node_num 7, cost 1114.806000, nodes: 0(120000.00, 120000.00) 135 59 15 218 381 0(40371.00, 40371.00)
route 17, node_num 7, cost 1687.042000, nodes: 0(120000.00, 120000.00) 140 260 99 479(59474.00, 120000.00) 72 0(60023.00, 60023.00)
route 18, node_num 8, cost 904.190000, nodes: 0(120000.00, 120000.00) 146 182 115 119 80 181 0(55415.00, 55415.00)
route 19, node_num 7, cost 1304.800000, nodes: 0(120000.00, 120000.00) 150 224 100 64 60 0(26800.00, 26800.00)
route 20, node_num 6, cost 1301.538000, nodes: 0(120000.00, 120000.00) 153 307 12 216 0(27033.00, 27033.00)
route 21, node_num 5, cost 694.624000, nodes: 0(120000.00, 120000.00) 158 131 93 0(70384.00, 70384.00)
route 22, node_num 7, cost 1705.648000, nodes: 0(120000.00, 120000.00) 166 245 213 582(45676.00, 47508.00) 281 0(0.00, 0.00)
route 23, node_num 8, cost 922.628000, nodes: 0(120000.00, 120000.00) 167 81 175 234 329 118 0(54098.00, 54098.00)
route 24, node_num 6, cost 654.570000, nodes: 0(120000.00, 120000.00) 173 312 344 396 0(73245.00, 73245.00)
route 25, node_num 8, cost 1486.562000, nodes: 0(120000.00, 120000.00) 185 104 151 28 398 547(54554.00, 54554.00) 0(13817.00, 13817.00)
route 26, node_num 8, cost 951.356000, nodes: 0(120000.00, 120000.00) 187 196 330 342 188 50 0(52046.00, 52046.00)
route 27, node_num 7, cost 1010.828000, nodes: 0(120000.00, 120000.00) 189 375 292 30 193 0(47798.00, 47798.00)
route 28, node_num 7, cost 1327.914000, nodes: 0(120000.00, 120000.00) 192 236 5 232 340 0(25149.00, 25149.00)
route 29, node_num 8, cost 1136.730000, nodes: 0(120000.00, 120000.00) 201 365 27 55 393 219 0(38805.00, 38805.00)
route 30, node_num 8, cost 1525.454000, nodes: 0(120000.00, 120000.00) 212 392 339 302 48 267 0(11039.00, 11039.00)
route 31, node_num 5, cost 373.408000, nodes: 0(120000.00, 120000.00) 222 279 333 0(93328.00, 93328.00)
route 32, node_num 8, cost 1270.290000, nodes: 0(120000.00, 120000.00) 225 108 253 295 274 288 0(29265.00, 29265.00)
route 33, node_num 5, cost 491.848000, nodes: 0(120000.00, 120000.00) 229 94 11 0(84868.00, 84868.00)
route 34, node_num 8, cost 976.290000, nodes: 0(120000.00, 120000.00) 230 283 286 22 487(82885.00, 120000.00) 154 0(87380.00, 87380.00)
route 35, node_num 6, cost 1118.698000, nodes: 0(120000.00, 120000.00) 231 296 364 38 0(40093.00, 40093.00)
route 36, node_num 6, cost 984.186000, nodes: 0(120000.00, 120000.00) 233 262 25 254 0(49701.00, 49701.00)
route 37, node_num 6, cost 840.434000, nodes: 0(120000.00, 120000.00) 235 250 33 327 0(59969.00, 59969.00)
route 38, node_num 7, cost 169.540000, nodes: 0(120000.00, 120000.00) 242 265 372 124 226 0(107890.00, 107890.00)
route 39, node_num 6, cost 1490.020000, nodes: 0(120000.00, 120000.00) 243 156 97 116 0(13570.00, 13570.00)
route 40, node_num 9, cost 1341.466000, nodes: 0(120000.00, 120000.00) 244 45 174 67 203 354 496(49666.00, 49666.00) 0(24181.00, 24181.00)
route 41, node_num 7, cost 1040.676000, nodes: 0(120000.00, 120000.00) 255 176 347 299 20 0(45666.00, 45666.00)
route 42, node_num 8, cost 1599.864000, nodes: 0(120000.00, 120000.00) 257 200 3 114 109 434(34039.00, 34039.00) 0(5724.00, 5724.00)
route 43, node_num 6, cost 928.130000, nodes: 0(120000.00, 120000.00) 259 184 217 147 0(53705.00, 53705.00)
route 44, node_num 7, cost 1459.906000, nodes: 0(120000.00, 120000.00) 261 128 82 126 205 0(15721.00, 15721.00)
route 45, node_num 7, cost 923.580000, nodes: 0(120000.00, 120000.00) 272 386 21 256 238 0(54030.00, 54030.00)
route 46, node_num 7, cost 1283.870000, nodes: 0(120000.00, 120000.00) 273 9 165 13 54 0(28295.00, 28295.00)
route 47, node_num 7, cost 1090.726000, nodes: 0(120000.00, 120000.00) 278 210 313 16 290 0(42091.00, 42091.00)
route 48, node_num 9, cost 963.760000, nodes: 0(120000.00, 120000.00) 280 160 96 26 32 47 508(65486.00, 65486.00) 0(51160.00, 51160.00)
route 49, node_num 8, cost 1603.420000, nodes: 0(120000.00, 120000.00) 285 251 387 319 237 78 0(5470.00, 5470.00)
route 50, node_num 8, cost 976.962000, nodes: 0(120000.00, 120000.00) 289 337 130 101 324 164 0(50217.00, 50217.00)
route 51, node_num 7, cost 1487.346000, nodes: 0(120000.00, 120000.00) 304 138 271 112 384 0(13761.00, 13761.00)
route 52, node_num 7, cost 1436.820000, nodes: 0(120000.00, 120000.00) 306 309 332 24 294 0(17370.00, 17370.00)
route 53, node_num 7, cost 856.996000, nodes: 0(120000.00, 120000.00) 310 291 69 223 37 0(58786.00, 58786.00)
route 54, node_num 7, cost 771.708000, nodes: 0(120000.00, 120000.00) 311 400 298 317 195 0(64878.00, 64878.00)
route 55, node_num 8, cost 921.312000, nodes: 0(120000.00, 120000.00) 315 270 388 268 171 228 0(54192.00, 54192.00)
route 56, node_num 5, cost 275.926000, nodes: 0(120000.00, 120000.00) 321 179 325 0(100291.00, 100291.00)
route 57, node_num 6, cost 1219.680000, nodes: 0(120000.00, 120000.00) 326 102 277 161 0(32880.00, 32880.00)
route 58, node_num 6, cost 1218.812000, nodes: 0(120000.00, 120000.00) 328 110 105 318 0(32942.00, 32942.00)
route 59, node_num 5, cost 1325.352000, nodes: 0(120000.00, 120000.00) 346 316 359 0(25332.00, 25332.00)
route 60, node_num 8, cost 1654.996000, nodes: 0(120000.00, 120000.00) 351 1 377 367 65 596(27271.00, 27271.00) 0(1786.00, 1786.00)
route 61, node_num 7, cost 723.436000, nodes: 0(120000.00, 120000.00) 355 320 121 136 246 0(68326.00, 68326.00)
route 62, node_num 6, cost 813.246000, nodes: 0(120000.00, 120000.00) 357 87 197 4 0(61911.00, 61911.00)
route 63, node_num 9, cost 1637.468000, nodes: 0(120000.00, 120000.00) 360 142 29 73 207 177 525(27165.00, 27165.00) 0(3038.00, 3038.00)
route 64, node_num 8, cost 1579.886000, nodes: 0(120000.00, 120000.00) 361 149 113 385 186 592(29908.00, 29908.00) 0(7151.00, 7151.00)
route 65, node_num 6, cost 696.122000, nodes: 0(120000.00, 120000.00) 362 120 62 293 0(70277.00, 70277.00)
route 66, node_num 7, cost 1450.260000, nodes: 0(120000.00, 120000.00) 363 247 18 68 343 0(16410.00, 16410.00)
route 67, node_num 7, cost 1389.640000, nodes: 0(120000.00, 120000.00) 366 31 152 66 323 0(20740.00, 20740.00)
route 68, node_num 6, cost 1561.588000, nodes: 0(120000.00, 120000.00) 368 303 183 358 0(8458.00, 8458.00)
route 69, node_num 10, cost 856.212000, nodes: 0(120000.00, 120000.00) 373 397 190 211 169 137 168 467(73520.00, 73520.00) 0(58842.00, 58842.00)
route 70, node_num 8, cost 621.320000, nodes: 0(120000.00, 120000.00) 376 214 287 395 239 111 0(75620.00, 75620.00)
route 71, node_num 9, cost 1914.584000, nodes: 0(120000.00, 120000.00) 378 240 53 6 141 125 425(7371.00, 24127.00) 0(0.00, 0.00)
route 72, node_num 7, cost 1291.612000, nodes: 0(120000.00, 120000.00) 380 300 266 370 215 0(27742.00, 27742.00)
route 73, node_num 7, cost 1141.014000, nodes: 0(120000.00, 120000.00) 383 379 19 103 36 0(38499.00, 38499.00)
route 74, node_num 4, cost 554.974000, nodes: 0(120000.00, 120000.00) 389 249 0(80359.00, 80359.00)
route 75, node_num 7, cost 730.870000, nodes: 0(120000.00, 120000.00) 390 199 74 106 134 0(67795.00, 67795.00)
route 76, node_num 7, cost 856.086000, nodes: 0(120000.00, 120000.00) 391 44 52 122 39 0(58851.00, 58851.00)
route 77, node_num 8, cost 1687.952000, nodes: 0(120000.00, 120000.00) 412(72845.00, 108845.00) 88 129 269 264 252 0(35432.00, 35432.00)
route 78, node_num 9, cost 1016.666000, nodes: 0(120000.00, 120000.00) 451(106137.00, 106137.00) 356 335 284 95 91 374 0(47381.00, 47381.00)
route 79, node_num 8, cost 1423.674000, nodes: 0(120000.00, 120000.00) 468(95394.00, 95394.00) 322 345 275 43 145 0(18309.00, 18309.00)
route 80, node_num 7, cost 956.074000, nodes: 0(120000.00, 120000.00) 514(102551.00, 102551.00) 157 17 170 220 0(51709.00, 51709.00)
route 81, node_num 7, cost 1021.202000, nodes: 0(120000.00, 120000.00) 519(95324.00, 103324.00) 77 84 206 349 0(55057.00, 55057.00)
route 82, node_num 9, cost 915.572000, nodes: 0(120000.00, 120000.00) 551(106137.00, 106137.00) 86 34 209 248 178 371 0(54602.00, 54602.00)
route 83, node_num 8, cost 1687.350000, nodes: 0(120000.00, 120000.00) 568(95394.00, 95919.00) 61 194 202 172 123 0(0.00, 0.00)
vehicle (route) number: 84
Total cost: 118665.20
118845.30, 5402.61
118665.20, 5409.59
120932.67, 5400.20
119942.35, 5400.07
123151.60, 5408.25
119985.96, 5400.72
121421.88, 5454.65
121340.07, 5400.39
120955.15, 5417.60
122210.87, 5415.73
