Details of the solution:
route 0, node_num 8, cost 961.282000, nodes: 0(120000.00, 120000.00) 12 133 189 338 277 311 0(51337.00, 51337.00)
route 1, node_num 8, cost 1710.338000, nodes: 0(120000.00, 120000.00) 16 91 264 308 1 474(32398.00, 34565.00) 0(0.00, 0.00)
route 2, node_num 6, cost 699.146000, nodes: 0(120000.00, 120000.00) 18 306 241 343 0(70061.00, 70061.00)
route 3, node_num 8, cost 1186.892000, nodes: 0(120000.00, 120000.00) 21 193 362 172 129 269 0(35222.00, 35222.00)
route 4, node_num 6, cost 946.638000, nodes: 0(120000.00, 120000.00) 24 14 315 347 0(52383.00, 52383.00)
route 5, node_num 6, cost 1424.612000, nodes: 0(120000.00, 120000.00) 34 222 373 52 0(18242.00, 18242.00)
route 6, node_num 5, cost 495.740000, nodes: 0(120000.00, 120000.00) 36 192 254 0(84590.00, 84590.00)
route 7, node_num 5, cost 690.214000, nodes: 0(120000.00, 120000.00) 40 152 166 0(70699.00, 70699.00)
route 8, node_num 6, cost 889.098000, nodes: 0(120000.00, 120000.00) 47 127 81 126 0(56493.00, 56493.00)
route 9, node_num 7, cost 1156.624000, nodes: 0(120000.00, 120000.00) 50 371 272 337 331 0(37384.00, 37384.00)
route 10, node_num 7, cost 1589.532000, nodes: 0(120000.00, 120000.00) 64 227 271 37 53 0(6462.00, 6462.00)
route 11, node_num 6, cost 1386.630000, nodes: 0(120000.00, 120000.00) 67 51 352 220 0(20955.00, 20955.00)
route 12, node_num 7, cost 1475.278000, nodes: 0(120000.00, 120000.00) 78 322 43 309 155 0(14623.00, 14623.00)
route 13, node_num 7, cost 1608.544000, nodes: 0(120000.00, 120000.00) 80 160 291 145 552(16250.00, 16250.00) 0(5104.00, 5104.00)
route 14, node_num 7, cost 1376.200000, nodes: 0(120000.00, 120000.00) 84 318 260 279 252 0(21700.00, 21700.00)
route 15, node_num 8, cost 1589.910000, nodes: 0(120000.00, 120000.00) 90 41 292 209 356 316 0(6435.00, 6435.00)
route 16, node_num 7, cost 995.050000, nodes: 0(120000.00, 120000.00) 105 75 94 62 304 0(48925.00, 48925.00)
route 17, node_num 6, cost 877.548000, nodes: 0(120000.00, 120000.00) 108 27 397 399 0(57318.00, 57318.00)
route 18, node_num 7, cost 991.830000, nodes: 0(120000.00, 120000.00) 113 184 31 10 74 0(49155.00, 49155.00)
route 19, node_num 8, cost 1695.904000, nodes: 0(120000.00, 120000.00) 118 83 26 125 329 577(27628.00, 28764.00) 0(0.00, 0.00)
route 20, node_num 7, cost 683.340000, nodes: 0(120000.00, 120000.00) 122 103 68 396 376 0(71190.00, 71190.00)
route 21, node_num 7, cost 861.798000, nodes: 0(120000.00, 120000.00) 131 374 98 136 361 0(58443.00, 58443.00)
route 22, node_num 7, cost 1244.236000, nodes: 0(120000.00, 120000.00) 142 270 70 357 381 0(31126.00, 31126.00)
route 23, node_num 5, cost 803.474000, nodes: 0(120000.00, 120000.00) 144 366 11 0(62609.00, 62609.00)
route 24, node_num 7, cost 1572.578000, nodes: 0(120000.00, 120000.00) 146 89 106 303 35 0(7673.00, 7673.00)
route 25, node_num 4, cost 89.222000, nodes: 0(120000.00, 120000.00) 153 93 0(113627.00, 113627.00)
route 26, node_num 5, cost 140.588000, nodes: 0(120000.00, 120000.00) 154 312 296 0(109958.00, 109958.00)
route 27, node_num 7, cost 1517.684000, nodes: 0(120000.00, 120000.00) 157 177 92 330 163 0(11594.00, 11594.00)
route 28, node_num 6, cost 533.260000, nodes: 0(120000.00, 120000.00) 164 382 55 19 0(81910.00, 81910.00)
route 29, node_num 6, cost 1290.716000, nodes: 0(120000.00, 120000.00) 165 191 390 263 0(27806.00, 27806.00)
route 30, node_num 8, cost 1406.566000, nodes: 0(120000.00, 120000.00) 170 69 285 197 395 566(50327.00, 50327.00) 0(19531.00, 19531.00)
route 31, node_num 6, cost 711.480000, nodes: 0(120000.00, 120000.00) 171 234 3 255 0(69180.00, 69180.00)
route 32, node_num 5, cost 832.510000, nodes: 0(120000.00, 120000.00) 175 117 268 0(60535.00, 60535.00)
route 33, node_num 7, cost 1294.958000, nodes: 0(120000.00, 120000.00) 178 217 63 88 196 0(27503.00, 27503.00)
route 34, node_num 7, cost 1751.232000, nodes: 0(120000.00, 120000.00) 179 151 325 350 452(6058.00, 11146.00) 0(0.00, 0.00)
route 35, node_num 7, cost 1005.634000, nodes: 0(120000.00, 120000.00) 180 235 114 334 287 0(48169.00, 48169.00)
route 36, node_num 9, cost 1623.734000, nodes: 0(120000.00, 120000.00) 182 143 5 402(57622.00, 57622.00) 132 458(47736.00, 47736.00) 518(29071.00, 29071.00) 0(4019.00, 4019.00)
route 37, node_num 7, cost 1578.038000, nodes: 0(120000.00, 120000.00) 185 79 281 202 150 0(7283.00, 7283.00)
route 38, node_num 8, cost 1424.892000, nodes: 0(120000.00, 120000.00) 187 130 326 174 206 483(48860.00, 48860.00) 0(18222.00, 18222.00)
route 39, node_num 7, cost 1313.088000, nodes: 0(120000.00, 120000.00) 188 364 257 9 218 0(26208.00, 26208.00)
route 40, node_num 6, cost 1135.960000, nodes: 0(120000.00, 120000.00) 194 158 183 232 0(38860.00, 38860.00)
route 41, node_num 7, cost 936.796000, nodes: 0(120000.00, 120000.00) 205 299 2 139 317 0(53086.00, 53086.00)
route 42, node_num 6, cost 1262.142000, nodes: 0(120000.00, 120000.00) 207 22 213 225 0(29847.00, 29847.00)
route 43, node_num 7, cost 1699.404000, nodes: 0(120000.00, 120000.00) 210 56 173 72 489(33597.00, 34983.00) 0(0.00, 0.00)
route 44, node_num 8, cost 1867.194000, nodes: 0(120000.00, 120000.00) 238 162 128 378 244 472(10646.00, 24017.00) 0(0.00, 0.00)
route 45, node_num 7, cost 1115.044000, nodes: 0(120000.00, 120000.00) 242 393 73 377 284 0(40354.00, 40354.00)
route 46, node_num 7, cost 1559.306000, nodes: 0(120000.00, 120000.00) 243 96 120 214 487(27113.00, 27113.00) 0(8621.00, 8621.00)
route 47, node_num 8, cost 1229.340000, nodes: 0(120000.00, 120000.00) 245 230 66 141 219 515(56577.00, 56577.00) 0(32190.00, 32190.00)
route 48, node_num 7, cost 1281.714000, nodes: 0(120000.00, 120000.00) 246 351 17 169 301 0(28449.00, 28449.00)
route 49, node_num 7, cost 1332.072000, nodes: 0(120000.00, 120000.00) 253 211 112 97 116 0(24852.00, 24852.00)
route 50, node_num 8, cost 1609.762000, nodes: 0(120000.00, 120000.00) 256 400 49 392 321 412(31635.00, 31635.00) 0(5017.00, 5017.00)
route 51, node_num 8, cost 994.700000, nodes: 0(120000.00, 120000.00) 266 25 228 333 391 275 0(48950.00, 48950.00)
route 52, node_num 7, cost 1178.828000, nodes: 0(120000.00, 120000.00) 267 319 293 224 294 0(35798.00, 35798.00)
route 53, node_num 7, cost 1670.788000, nodes: 0(120000.00, 120000.00) 273 107 348 200 274 0(658.00, 658.00)
route 54, node_num 7, cost 1121.344000, nodes: 0(120000.00, 120000.00) 278 379 328 123 336 0(39904.00, 39904.00)
route 55, node_num 6, cost 781.494000, nodes: 0(120000.00, 120000.00) 282 353 65 346 0(64179.00, 64179.00)
route 56, node_num 8, cost 1733.704000, nodes: 0(120000.00, 120000.00) 283 137 95 119 435(27692.00, 27692.00) 535(27692.00, 31528.00) 0(0.00, 0.00)
route 57, node_num 5, cost 730.646000, nodes: 0(120000.00, 120000.00) 286 327 138 0(67811.00, 67811.00)
route 58, node_num 7, cost 1434.664000, nodes: 0(120000.00, 120000.00) 298 262 372 58 38 0(17524.00, 17524.00)
route 59, node_num 8, cost 1902.684000, nodes: 0(120000.00, 120000.00) 305 339 251 302 8 437(2926.00, 18832.00) 0(0.00, 0.00)
route 60, node_num 6, cost 961.394000, nodes: 0(120000.00, 120000.00) 307 358 289 167 0(51329.00, 51329.00)
route 61, node_num 6, cost 1019.998000, nodes: 0(120000.00, 120000.00) 310 221 42 201 0(47143.00, 47143.00)
route 62, node_num 6, cost 896.462000, nodes: 0(120000.00, 120000.00) 313 6 71 4 0(55967.00, 55967.00)
route 63, node_num 6, cost 698.922000, nodes: 0(120000.00, 120000.00) 320 237 161 102 0(70077.00, 70077.00)
route 64, node_num 8, cost 1125.852000, nodes: 0(120000.00, 120000.00) 332 30 101 248 388 367 0(39582.00, 39582.00)
route 65, node_num 6, cost 1262.254000, nodes: 0(120000.00, 120000.00) 335 250 100 148 0(29839.00, 29839.00)
route 66, node_num 6, cost 1670.662000, nodes: 0(120000.00, 120000.00) 340 121 20 39 0(667.00, 667.00)
route 67, node_num 7, cost 1213.758000, nodes: 0(120000.00, 120000.00) 342 46 280 324 216 0(33303.00, 33303.00)
route 68, node_num 6, cost 987.000000, nodes: 0(120000.00, 120000.00) 344 239 385 44 0(49500.00, 49500.00)
route 69, node_num 7, cost 792.302000, nodes: 0(120000.00, 120000.00) 345 190 288 77 240 0(63407.00, 63407.00)
route 70, node_num 7, cost 1367.450000, nodes: 0(120000.00, 120000.00) 354 140 23 212 57 0(22325.00, 22325.00)
route 71, node_num 6, cost 1141.602000, nodes: 0(120000.00, 120000.00) 359 300 115 82 0(38457.00, 38457.00)
route 72, node_num 8, cost 1788.766000, nodes: 0(120000.00, 120000.00) 360 247 147 28 383 574(26796.00, 34565.00) 0(0.00, 0.00)
route 73, node_num 9, cost 1908.620000, nodes: 0(120000.00, 120000.00) 365 233 149 223 32 462(35994.00, 35994.00) 572(7687.00, 24017.00) 0(0.00, 0.00)
route 74, node_num 7, cost 1755.908000, nodes: 0(120000.00, 120000.00) 369 276 229 85 575(16194.00, 21616.00) 0(0.00, 0.00)
route 75, node_num 8, cost 1917.034000, nodes: 0(120000.00, 120000.00) 370 208 59 199 226 512(9687.00, 26618.00) 0(0.00, 0.00)
route 76, node_num 8, cost 1724.800000, nodes: 0(120000.00, 120000.00) 380 48 104 54 15 587(15292.00, 18492.00) 0(0.00, 0.00)
route 77, node_num 8, cost 1552.656000, nodes: 0(120000.00, 120000.00) 386 236 134 198 13 475(30712.00, 30712.00) 0(9096.00, 9096.00)
route 78, node_num 7, cost 1223.908000, nodes: 0(120000.00, 120000.00) 387 195 110 375 203 0(32578.00, 32578.00)
route 79, node_num 6, cost 1190.700000, nodes: 0(120000.00, 120000.00) 394 231 389 87 0(34950.00, 34950.00)
route 80, node_num 6, cost 839.566000, nodes: 0(120000.00, 120000.00) 398 7 109 135 0(60031.00, 60031.00)
route 81, node_num 7, cost 715.610000, nodes: 0(120000.00, 120000.00) 405(97590.00, 120000.00) 261 249 124 290 0(91295.00, 91295.00)
route 82, node_num 9, cost 1680.728000, nodes: 0(120000.00, 120000.00) 449(86720.00, 86720.00) 99 368 45 215 186 466(30744.00, 30796.00) 0(0.00, 0.00)
route 83, node_num 8, cost 1642.592000, nodes: 0(120000.00, 120000.00) 479(88484.00, 88484.00) 86 363 76 265 401(37862.00, 37862.00) 0(2672.00, 2672.00)
route 84, node_num 9, cost 1687.014000, nodes: 0(120000.00, 120000.00) 500(87861.00, 87861.00) 181 33 29 176 355 477(28263.00, 28764.00) 0(0.00, 0.00)
route 85, node_num 7, cost 1327.340000, nodes: 0(120000.00, 120000.00) 520(89016.00, 89016.00) 156 61 297 111 0(25190.00, 25190.00)
route 86, node_num 7, cost 1741.404000, nodes: 0(120000.00, 120000.00) 537(100788.00, 120000.00) 159 323 204 168 0(14826.00, 14826.00)
route 87, node_num 8, cost 1639.946000, nodes: 0(120000.00, 120000.00) 579(88484.00, 88484.00) 349 259 60 258 543(37072.00, 37072.00) 0(2861.00, 2861.00)
route 88, node_num 7, cost 1134.434000, nodes: 0(120000.00, 120000.00) 583(89295.00, 89295.00) 295 314 384 341 0(38969.00, 38969.00)
vehicle (route) number: 89
Total cost: 137312.31
143079.30, 5404.78
141208.50, 5404.56
143540.99, 5401.26
141258.00, 5402.09
141620.82, 5408.89
137312.31, 5406.11
140759.81, 5402.17
142639.10, 5409.05
138434.44, 5400.08
143457.14, 5401.62
