Details of the solution:
route 0, node_num 7, cost 1393.616000, nodes: 0(120000.00, 120000.00) 11 284 114 576 571 0(20456.00, 20456.00)
route 1, node_num 7, cost 1108.156000, nodes: 0(120000.00, 120000.00) 12 225 58 159 510 0(40846.00, 40846.00)
route 2, node_num 6, cost 604.184000, nodes: 0(120000.00, 120000.00) 21 93 679(90602.00, 110602.00) 286 0(96844.00, 96844.00)
route 3, node_num 6, cost 1517.922000, nodes: 0(120000.00, 120000.00) 30 274 244 691(18618.00, 18618.00) 0(11577.00, 11577.00)
route 4, node_num 6, cost 1653.484000, nodes: 0(120000.00, 120000.00) 36 240 440 582 0(1894.00, 1894.00)
route 5, node_num 6, cost 779.030000, nodes: 0(120000.00, 120000.00) 37 227 173 130 0(64355.00, 64355.00)
route 6, node_num 7, cost 1082.382000, nodes: 0(120000.00, 120000.00) 38 535 272 27 380 0(42687.00, 42687.00)
route 7, node_num 7, cost 1771.238000, nodes: 0(120000.00, 120000.00) 41 418 337 331 700(31679.00, 38196.00) 0(0.00, 0.00)
route 8, node_num 7, cost 1044.232000, nodes: 0(120000.00, 120000.00) 57 142 446 287 482 0(45412.00, 45412.00)
route 9, node_num 8, cost 1712.872000, nodes: 0(120000.00, 120000.00) 79 125 329 316 483 785(34479.00, 36827.00) 0(0.00, 0.00)
route 10, node_num 7, cost 1043.168000, nodes: 0(120000.00, 120000.00) 81 87 127 410 596 0(45488.00, 45488.00)
route 11, node_num 8, cost 1856.890000, nodes: 0(120000.00, 120000.00) 83 378 26 47 116 773(9562.00, 22197.00) 0(0.00, 0.00)
route 12, node_num 6, cost 668.276000, nodes: 0(120000.00, 120000.00) 327 98 595 455 0(72266.00, 72266.00)
route 13, node_num 9, cost 1133.076000, nodes: 0(120000.00, 120000.00) 103 396 68 152 40 376 613(48802.00, 48802.00) 0(39066.00, 39066.00)
route 14, node_num 8, cost 1152.676000, nodes: 0(120000.00, 120000.00) 344 105 304 62 397 534 0(37666.00, 37666.00)
route 15, node_num 6, cost 914.844000, nodes: 0(120000.00, 120000.00) 108 335 288 473 0(54654.00, 54654.00)
route 16, node_num 6, cost 333.592000, nodes: 0(120000.00, 120000.00) 111 109 135 216 0(96172.00, 96172.00)
route 17, node_num 6, cost 1181.390000, nodes: 0(120000.00, 120000.00) 113 567 210 117 0(35615.00, 35615.00)
route 18, node_num 6, cost 946.274000, nodes: 0(120000.00, 120000.00) 3 578 379 551 0(52409.00, 52409.00)
route 19, node_num 7, cost 521.136000, nodes: 0(120000.00, 120000.00) 133 280 459 445 509 0(82776.00, 82776.00)
route 20, node_num 6, cost 260.694000, nodes: 0(120000.00, 120000.00) 138 569 566 14 0(101379.00, 101379.00)
route 21, node_num 9, cost 780.122000, nodes: 0(120000.00, 120000.00) 140 174 381 70 354 297 697(75163.00, 75163.00) 0(64277.00, 64277.00)
route 22, node_num 7, cost 685.636000, nodes: 0(120000.00, 120000.00) 153 563 282 275 451 0(71026.00, 71026.00)
route 23, node_num 7, cost 1502.620000, nodes: 0(120000.00, 120000.00) 154 472 141 67 477 0(12670.00, 12670.00)
route 24, node_num 7, cost 1247.890000, nodes: 0(120000.00, 120000.00) 506 409 242 457 171 0(30865.00, 30865.00)
route 25, node_num 8, cost 1182.160000, nodes: 0(120000.00, 120000.00) 164 371 144 479 55 764(55743.00, 55743.00) 0(35560.00, 35560.00)
route 26, node_num 8, cost 1722.868000, nodes: 0(120000.00, 120000.00) 186 591 13 182 106 714(41688.00, 44750.00) 0(0.00, 0.00)
route 27, node_num 5, cost 538.664000, nodes: 0(120000.00, 120000.00) 189 341 175 0(81524.00, 81524.00)
route 28, node_num 7, cost 1201.676000, nodes: 0(120000.00, 120000.00) 191 179 231 97 575 0(34166.00, 34166.00)
route 29, node_num 4, cost 755.104000, nodes: 0(120000.00, 120000.00) 192 531 0(66064.00, 66064.00)
route 30, node_num 7, cost 936.068000, nodes: 0(120000.00, 120000.00) 195 257 390 263 387 0(53138.00, 53138.00)
route 31, node_num 7, cost 595.028000, nodes: 0(120000.00, 120000.00) 206 326 46 324 310 0(77498.00, 77498.00)
route 32, node_num 7, cost 1449.728000, nodes: 0(120000.00, 120000.00) 211 243 259 283 619(41198.00, 41198.00) 0(16448.00, 16448.00)
route 33, node_num 8, cost 802.396000, nodes: 0(120000.00, 120000.00) 212 23 72 156 270 512 0(62686.00, 62686.00)
route 34, node_num 6, cost 863.240000, nodes: 0(120000.00, 120000.00) 218 102 413 255 0(58340.00, 58340.00)
route 35, node_num 6, cost 1377.726000, nodes: 0(120000.00, 120000.00) 222 442 15 530 0(21591.00, 21591.00)
route 36, node_num 9, cost 1441.202000, nodes: 0(120000.00, 120000.00) 226 516 494 54 325 48 675(55907.00, 55907.00) 0(17057.00, 17057.00)
route 37, node_num 7, cost 1339.254000, nodes: 0(120000.00, 120000.00) 228 139 172 170 75 0(24339.00, 24339.00)
route 38, node_num 8, cost 1530.424000, nodes: 0(120000.00, 120000.00) 229 439 552 208 59 615(52772.00, 52772.00) 0(10684.00, 10684.00)
route 39, node_num 6, cost 1486.464000, nodes: 0(120000.00, 120000.00) 230 51 412 241 0(13824.00, 13824.00)
route 40, node_num 6, cost 1148.308000, nodes: 0(120000.00, 120000.00) 232 183 600 507 0(37978.00, 37978.00)
route 41, node_num 8, cost 1723.428000, nodes: 0(120000.00, 120000.00) 233 149 452 281 33 718(48733.00, 51835.00) 0(0.00, 0.00)
route 42, node_num 5, cost 964.292000, nodes: 0(120000.00, 120000.00) 237 190 345 0(51122.00, 51122.00)
route 43, node_num 7, cost 821.856000, nodes: 0(120000.00, 120000.00) 247 110 465 147 7 0(61296.00, 61296.00)
route 44, node_num 6, cost 407.988000, nodes: 0(120000.00, 120000.00) 249 261 124 290 0(90858.00, 90858.00)
route 45, node_num 6, cost 267.624000, nodes: 0(120000.00, 120000.00) 277 315 398 462 0(100884.00, 100884.00)
route 46, node_num 8, cost 1617.658000, nodes: 0(120000.00, 120000.00) 289 480 73 461 523 760(27172.00, 27172.00) 0(4453.00, 4453.00)
route 47, node_num 8, cost 1567.566000, nodes: 0(120000.00, 120000.00) 294 224 66 492 428 752(46451.00, 46451.00) 0(8031.00, 8031.00)
route 48, node_num 6, cost 1096.018000, nodes: 0(120000.00, 120000.00) 296 557 352 486 0(41713.00, 41713.00)
route 49, node_num 8, cost 766.612000, nodes: 0(120000.00, 120000.00) 300 568 196 88 572 42 0(65242.00, 65242.00)
route 50, node_num 7, cost 1295.826000, nodes: 0(120000.00, 120000.00) 301 213 298 60 258 0(27441.00, 27441.00)
route 51, node_num 7, cost 1138.200000, nodes: 0(120000.00, 120000.00) 302 392 49 199 796(68776.00, 68776.00) 0(38700.00, 38700.00)
route 52, node_num 8, cost 1689.492000, nodes: 0(120000.00, 120000.00) 303 485 143 528 197 762(43907.00, 44585.00) 0(0.00, 0.00)
route 53, node_num 7, cost 668.374000, nodes: 0(120000.00, 120000.00) 306 532 419 544 347 0(72259.00, 72259.00)
route 54, node_num 4, cost 276.948000, nodes: 0(120000.00, 120000.00) 311 201 0(100218.00, 100218.00)
route 55, node_num 7, cost 1535.548000, nodes: 0(120000.00, 120000.00) 313 504 362 526 588 0(10318.00, 10318.00)
route 56, node_num 7, cost 1443.946000, nodes: 0(120000.00, 120000.00) 317 328 95 438 694(41943.00, 41943.00) 0(16861.00, 16861.00)
route 57, node_num 5, cost 882.490000, nodes: 0(120000.00, 120000.00) 307 166 122 0(56965.00, 56965.00)
route 58, node_num 6, cost 627.340000, nodes: 0(120000.00, 120000.00) 338 359 266 65 0(75190.00, 75190.00)
route 59, node_num 5, cost 490.378000, nodes: 0(120000.00, 120000.00) 342 314 467 0(84973.00, 84973.00)
route 60, node_num 7, cost 1338.876000, nodes: 0(120000.00, 120000.00) 343 90 155 377 524 0(24366.00, 24366.00)
route 61, node_num 7, cost 1720.068000, nodes: 0(120000.00, 120000.00) 772(109258.00, 120000.00) 577 176 29 525 0(7880.00, 7880.00)
route 62, node_num 8, cost 1531.502000, nodes: 0(120000.00, 120000.00) 348 107 408 435 308 614(55357.00, 55357.00) 0(10607.00, 10607.00)
route 63, node_num 7, cost 1111.796000, nodes: 0(120000.00, 120000.00) 353 367 50 406 312 0(40586.00, 40586.00)
route 64, node_num 6, cost 1435.784000, nodes: 0(120000.00, 120000.00) 389 160 395 573 0(17444.00, 17444.00)
route 65, node_num 7, cost 1362.984000, nodes: 0(120000.00, 120000.00) 404 386 31 74 161 0(22644.00, 22644.00)
route 66, node_num 6, cost 1091.300000, nodes: 0(120000.00, 120000.00) 416 22 253 146 0(42050.00, 42050.00)
route 67, node_num 8, cost 1715.406000, nodes: 0(120000.00, 120000.00) 420 553 43 92 427 680(30716.00, 33245.00) 0(0.00, 0.00)
route 68, node_num 9, cost 1568.168000, nodes: 0(120000.00, 120000.00) 423 163 424 78 463 322 791(15029.00, 15029.00) 0(7988.00, 7988.00)
route 69, node_num 7, cost 1117.746000, nodes: 0(120000.00, 120000.00) 430 112 522 581 346 0(40161.00, 40161.00)
route 70, node_num 7, cost 1744.638000, nodes: 0(120000.00, 120000.00) 431 355 32 466 602(39126.00, 43743.00) 0(0.00, 0.00)
route 71, node_num 7, cost 1045.520000, nodes: 0(120000.00, 120000.00) 450 321 256 188 364 0(45320.00, 45320.00)
route 72, node_num 8, cost 874.272000, nodes: 0(120000.00, 120000.00) 453 136 25 44 391 643(74069.00, 74069.00) 0(57552.00, 57552.00)
route 73, node_num 7, cost 1098.342000, nodes: 0(120000.00, 120000.00) 464 8 262 169 384 0(41547.00, 41547.00)
route 74, node_num 8, cost 1161.216000, nodes: 0(120000.00, 120000.00) 468 490 332 447 10 184 0(37056.00, 37056.00)
route 75, node_num 6, cost 742.028000, nodes: 0(120000.00, 120000.00) 469 375 64 405 0(66998.00, 66998.00)
route 76, node_num 6, cost 1013.194000, nodes: 0(120000.00, 120000.00) 471 56 203 217 0(47629.00, 47629.00)
route 77, node_num 6, cost 957.376000, nodes: 0(120000.00, 120000.00) 475 351 20 529 0(51616.00, 51616.00)
route 78, node_num 5, cost 823.844000, nodes: 0(120000.00, 120000.00) 131 234 558 0(61154.00, 61154.00)
route 79, node_num 7, cost 590.198000, nodes: 0(120000.00, 120000.00) 484 403 115 515 488 0(77843.00, 77843.00)
route 80, node_num 8, cost 1448.482000, nodes: 0(120000.00, 120000.00) 487 559 443 496 28 672(25245.00, 25245.00) 0(16537.00, 16537.00)
route 81, node_num 9, cost 1500.576000, nodes: 0(120000.00, 120000.00) 493 254 18 235 158 194 692(59115.00, 59115.00) 0(12816.00, 12816.00)
route 82, node_num 6, cost 1062.852000, nodes: 0(120000.00, 120000.00) 497 400 86 500 0(44082.00, 44082.00)
route 83, node_num 8, cost 1427.272000, nodes: 0(120000.00, 120000.00) 499 185 285 279 252 800(56248.00, 56248.00) 0(18052.00, 18052.00)
route 84, node_num 7, cost 1404.998000, nodes: 0(120000.00, 120000.00) 501 24 193 239 52 0(19643.00, 19643.00)
route 85, node_num 8, cost 1896.174000, nodes: 0(120000.00, 120000.00) 502 128 291 562 209 705(38463.00, 53904.00) 0(0.00, 0.00)
route 86, node_num 6, cost 943.600000, nodes: 0(120000.00, 120000.00) 505 422 39 719(77350.00, 77350.00) 0(52600.00, 52600.00)
route 87, node_num 6, cost 1445.318000, nodes: 0(120000.00, 120000.00) 148 100 402 589 0(16763.00, 16763.00)
route 88, node_num 6, cost 734.664000, nodes: 0(120000.00, 120000.00) 508 374 82 441 0(67524.00, 67524.00)
route 89, node_num 6, cost 1236.326000, nodes: 0(120000.00, 120000.00) 521 385 4 6 0(31691.00, 31691.00)
route 90, node_num 5, cost 312.396000, nodes: 0(120000.00, 120000.00) 540 357 458 0(97686.00, 97686.00)
route 91, node_num 5, cost 1135.596000, nodes: 0(120000.00, 120000.00) 541 514 401 0(38886.00, 38886.00)
route 92, node_num 8, cost 1732.696000, nodes: 0(120000.00, 120000.00) 542 157 177 309 584 652(34656.00, 38420.00) 0(0.00, 0.00)
route 93, node_num 8, cost 930.552000, nodes: 0(120000.00, 120000.00) 545 17 246 491 268 360 0(53532.00, 53532.00)
route 94, node_num 6, cost 1168.216000, nodes: 0(120000.00, 120000.00) 547 273 126 503 0(36556.00, 36556.00)
route 95, node_num 9, cost 1021.342000, nodes: 0(120000.00, 120000.00) 548 19 205 361 382 77 664(67230.00, 67230.00) 0(47047.00, 47047.00)
route 96, node_num 7, cost 1214.164000, nodes: 0(120000.00, 120000.00) 549 319 580 489 421 0(33274.00, 33274.00)
route 97, node_num 7, cost 1501.248000, nodes: 0(120000.00, 120000.00) 556 96 120 207 363 0(12768.00, 12768.00)
route 98, node_num 8, cost 1395.128000, nodes: 0(120000.00, 120000.00) 560 318 594 373 432 609(55225.00, 55225.00) 0(20348.00, 20348.00)
route 99, node_num 8, cost 1511.524000, nodes: 0(120000.00, 120000.00) 565 129 69 426 80 662(56619.00, 56619.00) 0(12034.00, 12034.00)
route 100, node_num 7, cost 1203.258000, nodes: 0(120000.00, 120000.00) 570 178 2 269 399 0(34053.00, 34053.00)
route 101, node_num 6, cost 951.300000, nodes: 0(120000.00, 120000.00) 579 61 53 187 0(52050.00, 52050.00)
route 102, node_num 7, cost 1575.462000, nodes: 0(120000.00, 120000.00) 585 16 134 198 214 0(7467.00, 7467.00)
route 103, node_num 6, cost 782.488000, nodes: 0(120000.00, 120000.00) 586 434 63 271 0(64108.00, 64108.00)
route 104, node_num 7, cost 1072.386000, nodes: 0(120000.00, 120000.00) 587 251 339 554 495 0(43401.00, 43401.00)
route 105, node_num 9, cost 1702.638000, nodes: 0(120000.00, 120000.00) 604(114583.00, 114583.00) 533 429 546 71 620(26371.00, 26371.00) 779(10210.00, 11827.00) 0(0.00, 0.00)
route 106, node_num 8, cost 1645.084000, nodes: 0(120000.00, 120000.00) 612(114641.00, 114641.00) 415 181 474 543 250 0(2494.00, 2494.00)
route 107, node_num 9, cost 1131.424000, nodes: 0(120000.00, 120000.00) 625(97482.00, 120000.00) 537 366 388 320 267 660(84421.00, 84421.00) 0(61702.00, 61702.00)
route 108, node_num 8, cost 1444.268000, nodes: 0(120000.00, 120000.00) 628(112837.00, 120000.00) 137 593 121 299 35 0(24001.00, 24001.00)
route 109, node_num 7, cost 1628.228000, nodes: 0(120000.00, 120000.00) 629(89163.00, 117163.00) 598 151 85 372 0(31698.00, 31698.00)
route 110, node_num 7, cost 1665.076000, nodes: 0(120000.00, 120000.00) 630(107271.00, 120000.00) 99 215 45 743(30312.00, 30312.00) 0(13795.00, 13795.00)
route 111, node_num 7, cost 1776.278000, nodes: 0(120000.00, 120000.00) 631(83199.00, 91199.00) 368 223 5 236 0(1123.00, 1123.00)
route 112, node_num 8, cost 1107.204000, nodes: 0(120000.00, 120000.00) 632(86549.00, 120000.00) 561 564 436 220 597 0(74365.00, 74365.00)
route 113, node_num 9, cost 1166.340000, nodes: 0(120000.00, 120000.00) 633(110242.00, 110242.00) 168 204 305 323 411 769(50977.00, 50977.00) 0(36690.00, 36690.00)
route 114, node_num 9, cost 1588.062000, nodes: 0(120000.00, 120000.00) 635(84119.00, 84119.00) 180 498 407 454 293 358 0(6567.00, 6567.00)
route 115, node_num 8, cost 1389.780000, nodes: 0(120000.00, 120000.00) 654(97972.00, 97972.00) 394 539 349 370 696(50806.00, 50806.00) 0(20730.00, 20730.00)
route 116, node_num 8, cost 1715.854000, nodes: 0(120000.00, 120000.00) 673(97835.00, 105835.00) 433 292 238 365 248 0(5439.00, 5439.00)
route 117, node_num 8, cost 1769.194000, nodes: 0(120000.00, 120000.00) 674(83303.00, 89674.00) 330 145 519 118 200 0(0.00, 0.00)
route 118, node_num 7, cost 1451.030000, nodes: 0(120000.00, 120000.00) 683(90546.00, 90546.00) 536 550 202 592 0(16355.00, 16355.00)
route 119, node_num 7, cost 1482.068000, nodes: 0(120000.00, 120000.00) 704(114583.00, 114583.00) 574 425 417 9 0(14138.00, 14138.00)
route 120, node_num 9, cost 1380.204000, nodes: 0(120000.00, 120000.00) 712(114641.00, 120000.00) 334 437 245 478 219 748(57667.00, 57667.00) 0(26773.00, 26773.00)
route 121, node_num 6, cost 1348.858000, nodes: 0(120000.00, 120000.00) 725(97482.00, 120000.00) 444 393 150 0(46171.00, 46171.00)
route 122, node_num 7, cost 1445.640000, nodes: 0(120000.00, 120000.00) 726(87936.00, 103936.00) 599 520 34 165 0(32740.00, 32740.00)
route 123, node_num 8, cost 871.178000, nodes: 0(120000.00, 120000.00) 728(112837.00, 120000.00) 518 538 119 295 221 0(64936.00, 64936.00)
route 124, node_num 7, cost 1746.654000, nodes: 0(120000.00, 120000.00) 729(89163.00, 120000.00) 590 460 101 94 0(26076.00, 26076.00)
route 125, node_num 7, cost 1622.152000, nodes: 0(120000.00, 120000.00) 730(107271.00, 120000.00) 264 91 276 517 0(16861.00, 16861.00)
route 126, node_num 8, cost 1565.970000, nodes: 0(120000.00, 120000.00) 732(86549.00, 86549.00) 513 167 470 123 336 0(8145.00, 8145.00)
route 127, node_num 8, cost 1554.154000, nodes: 0(120000.00, 120000.00) 733(110242.00, 120000.00) 340 583 383 76 265 0(18747.00, 18747.00)
route 128, node_num 7, cost 1406.216000, nodes: 0(120000.00, 120000.00) 481 260 511 414 333 0(19556.00, 19556.00)
route 129, node_num 7, cost 1780.660000, nodes: 0(120000.00, 120000.00) 774(83303.00, 120000.00) 527 162 356 605(83411.00, 83411.00) 0(29507.00, 29507.00)
route 130, node_num 7, cost 1668.268000, nodes: 0(120000.00, 120000.00) 775(81210.00, 109210.00) 449 132 476 369 0(28838.00, 28838.00)
route 131, node_num 8, cost 1332.828000, nodes: 0(120000.00, 120000.00) 783(90546.00, 110546.00) 456 84 555 448 278 0(44798.00, 44798.00)
route 132, node_num 8, cost 1638.742000, nodes: 0(120000.00, 120000.00) 786(112711.00, 112711.00) 1 89 350 104 715(45035.00, 45035.00) 0(2947.00, 2947.00)
vehicle (route) number: 133
Total cost: 201123.62
229540.66, 9023.24
204156.37, 9003.62
213936.15, 9023.93
201123.62, 9021.70
209253.15, 9007.14
214891.65, 9004.99
209658.36, 9009.12
216764.11, 9000.30
205837.18, 9001.04
211039.43, 9001.33
