Details of the solution:
route 0, node_num 7, cost 1635.172000, nodes: 0(120000.00, 120000.00) 3 113 585 274 419 0(3202.00, 3202.00)
route 1, node_num 7, cost 1254.694000, nodes: 0(120000.00, 120000.00) 9 165 402 354 636 0(30379.00, 30379.00)
route 2, node_num 7, cost 1433.488000, nodes: 0(120000.00, 120000.00) 10 774 237 268 118 0(17608.00, 17608.00)
route 3, node_num 7, cost 1640.800000, nodes: 0(120000.00, 120000.00) 14 740 159 436 161 0(2800.00, 2800.00)
route 4, node_num 8, cost 1335.558000, nodes: 0(120000.00, 120000.00) 45 581 694 521 424 290 0(24603.00, 24603.00)
route 5, node_num 8, cost 1324.190000, nodes: 0(120000.00, 120000.00) 51 63 92 456 619 457 0(25415.00, 25415.00)
route 6, node_num 8, cost 996.842000, nodes: 0(120000.00, 120000.00) 57 588 163 301 275 744 0(48797.00, 48797.00)
route 7, node_num 7, cost 1115.478000, nodes: 0(120000.00, 120000.00) 70 380 353 221 20 0(40323.00, 40323.00)
route 8, node_num 8, cost 824.558000, nodes: 0(120000.00, 120000.00) 75 305 350 490 164 50 0(61103.00, 61103.00)
route 9, node_num 7, cost 477.596000, nodes: 0(120000.00, 120000.00) 76 566 568 690 2 0(85886.00, 85886.00)
route 10, node_num 6, cost 1401.876000, nodes: 0(120000.00, 120000.00) 79 117 370 577 0(19866.00, 19866.00)
route 11, node_num 8, cost 920.738000, nodes: 0(120000.00, 120000.00) 83 546 512 545 228 4 0(54233.00, 54233.00)
route 12, node_num 8, cost 679.630000, nodes: 0(120000.00, 120000.00) 86 34 209 136 246 589 0(71455.00, 71455.00)
route 13, node_num 7, cost 828.170000, nodes: 0(120000.00, 120000.00) 89 434 248 689 341 0(60845.00, 60845.00)
route 14, node_num 7, cost 1313.704000, nodes: 0(120000.00, 120000.00) 108 530 721 43 145 0(26164.00, 26164.00)
route 15, node_num 7, cost 811.748000, nodes: 0(120000.00, 120000.00) 132 314 35 458 544 0(62018.00, 62018.00)
route 16, node_num 8, cost 1157.618000, nodes: 0(120000.00, 120000.00) 135 345 638 367 65 340 0(37313.00, 37313.00)
route 17, node_num 7, cost 1592.486000, nodes: 0(120000.00, 120000.00) 142 392 583 48 635 0(6251.00, 6251.00)
route 18, node_num 8, cost 905.548000, nodes: 0(120000.00, 120000.00) 146 622 665 561 232 80 0(55318.00, 55318.00)
route 19, node_num 8, cost 1108.772000, nodes: 0(120000.00, 120000.00) 150 798 483 506 16 54 0(40802.00, 40802.00)
route 20, node_num 6, cost 1267.728000, nodes: 0(120000.00, 120000.00) 153 307 775 444 0(29448.00, 29448.00)
route 21, node_num 6, cost 874.762000, nodes: 0(120000.00, 120000.00) 157 725 40 331 0(57517.00, 57517.00)
route 22, node_num 6, cost 606.466000, nodes: 0(120000.00, 120000.00) 158 532 94 11 0(76681.00, 76681.00)
route 23, node_num 7, cost 1422.120000, nodes: 0(120000.00, 120000.00) 166 58 123 218 572 0(18420.00, 18420.00)
route 24, node_num 5, cost 498.988000, nodes: 0(120000.00, 120000.00) 167 418 789 0(84358.00, 84358.00)
route 25, node_num 7, cost 1154.314000, nodes: 0(120000.00, 120000.00) 170 210 602 323 553 0(37549.00, 37549.00)
route 26, node_num 6, cost 675.094000, nodes: 0(120000.00, 120000.00) 173 777 325 584 0(71779.00, 71779.00)
route 27, node_num 7, cost 1518.860000, nodes: 0(120000.00, 120000.00) 185 104 61 773 527 0(11510.00, 11510.00)
route 28, node_num 6, cost 897.134000, nodes: 0(120000.00, 120000.00) 187 196 330 342 0(55919.00, 55919.00)
route 29, node_num 7, cost 1054.662000, nodes: 0(120000.00, 120000.00) 189 375 292 704 428 0(44667.00, 44667.00)
route 30, node_num 6, cost 688.324000, nodes: 0(120000.00, 120000.00) 190 727 258 282 0(70834.00, 70834.00)
route 31, node_num 8, cost 1563.422000, nodes: 0(120000.00, 120000.00) 192 27 15 393 455 308 0(8327.00, 8327.00)
route 32, node_num 6, cost 715.498000, nodes: 0(120000.00, 120000.00) 199 513 491 778 0(68893.00, 68893.00)
route 33, node_num 7, cost 958.720000, nodes: 0(120000.00, 120000.00) 201 365 611 12 193 0(51520.00, 51520.00)
route 34, node_num 7, cost 691.264000, nodes: 0(120000.00, 120000.00) 204 702 503 415 762 0(70624.00, 70624.00)
route 35, node_num 7, cost 1072.540000, nodes: 0(120000.00, 120000.00) 212 465 408 722 318 0(43390.00, 43390.00)
route 36, node_num 9, cost 937.650000, nodes: 0(120000.00, 120000.00) 214 482 386 95 91 616 883(72708.00, 72708.00) 0(53025.00, 53025.00)
route 37, node_num 8, cost 438.676000, nodes: 0(120000.00, 120000.00) 222 279 558 485 634 111 0(88666.00, 88666.00)
route 38, node_num 7, cost 1307.180000, nodes: 0(120000.00, 120000.00) 225 98 42 747 288 0(26630.00, 26630.00)
route 39, node_num 5, cost 504.098000, nodes: 0(120000.00, 120000.00) 229 389 426 0(83993.00, 83993.00)
route 40, node_num 7, cost 640.122000, nodes: 0(120000.00, 120000.00) 230 771 470 239 226 0(74277.00, 74277.00)
route 41, node_num 6, cost 948.164000, nodes: 0(120000.00, 120000.00) 231 593 25 454 0(52274.00, 52274.00)
route 42, node_num 8, cost 949.886000, nodes: 0(120000.00, 120000.00) 233 262 17 790 276 336 0(52151.00, 52151.00)
route 43, node_num 6, cost 747.418000, nodes: 0(120000.00, 120000.00) 235 250 438 219 0(66613.00, 66613.00)
route 44, node_num 6, cost 318.976000, nodes: 0(120000.00, 120000.00) 242 46 650 333 0(97216.00, 97216.00)
route 45, node_num 8, cost 1356.544000, nodes: 0(120000.00, 120000.00) 243 144 8 82 477 205 0(23104.00, 23104.00)
route 46, node_num 7, cost 1133.482000, nodes: 0(120000.00, 120000.00) 244 714 24 756 294 0(39037.00, 39037.00)
route 47, node_num 7, cost 725.158000, nodes: 0(120000.00, 120000.00) 249 735 74 106 134 0(68203.00, 68203.00)
route 48, node_num 5, cost 928.704000, nodes: 0(120000.00, 120000.00) 255 416 299 0(53664.00, 53664.00)
route 49, node_num 8, cost 1445.780000, nodes: 0(120000.00, 120000.00) 257 149 264 253 732 967(31408.00, 31408.00) 0(16730.00, 16730.00)
route 50, node_num 7, cost 1063.650000, nodes: 0(120000.00, 120000.00) 259 565 295 155 215 0(44025.00, 44025.00)
route 51, node_num 8, cost 1695.806000, nodes: 0(120000.00, 120000.00) 261 580 729 882(60488.00, 88488.00) 617 517 0(26871.00, 26871.00)
route 52, node_num 6, cost 1010.996000, nodes: 0(120000.00, 120000.00) 278 676 313 171 0(47786.00, 47786.00)
route 53, node_num 9, cost 1489.852000, nodes: 0(120000.00, 120000.00) 285 612 493 439 614 471 810(45382.00, 45382.00) 0(13582.00, 13582.00)
route 54, node_num 6, cost 1021.104000, nodes: 0(120000.00, 120000.00) 289 657 785 36 0(47064.00, 47064.00)
route 55, node_num 6, cost 1088.024000, nodes: 0(120000.00, 120000.00) 296 629 38 254 0(42284.00, 42284.00)
route 56, node_num 5, cost 1291.612000, nodes: 0(120000.00, 120000.00) 304 102 103 0(27742.00, 27742.00)
route 57, node_num 5, cost 1150.968000, nodes: 0(120000.00, 120000.00) 306 728 746 0(37788.00, 37788.00)
route 58, node_num 8, cost 1218.476000, nodes: 0(120000.00, 120000.00) 310 208 56 763 476 869(68391.00, 68391.00) 0(32966.00, 32966.00)
route 59, node_num 7, cost 652.344000, nodes: 0(120000.00, 120000.00) 315 686 394 286 670 0(73404.00, 73404.00)
route 60, node_num 6, cost 473.564000, nodes: 0(120000.00, 120000.00) 321 263 52 464 0(86174.00, 86174.00)
route 61, node_num 5, cost 782.446000, nodes: 0(120000.00, 120000.00) 322 701 449 0(64111.00, 64111.00)
route 62, node_num 8, cost 953.582000, nodes: 0(120000.00, 120000.00) 326 574 130 119 536 945(76949.00, 76949.00) 0(51887.00, 51887.00)
route 63, node_num 8, cost 1476.328000, nodes: 0(120000.00, 120000.00) 346 316 126 404 186 992(37305.00, 37305.00) 0(14548.00, 14548.00)
route 64, node_num 7, cost 1657.866000, nodes: 0(120000.00, 120000.00) 351 618 716 28 467 0(1581.00, 1581.00)
route 65, node_num 9, cost 798.532000, nodes: 0(120000.00, 120000.00) 355 320 291 723 198 579 352 0(62962.00, 62962.00)
route 66, node_num 6, cost 945.588000, nodes: 0(120000.00, 120000.00) 356 335 284 417 0(52458.00, 52458.00)
route 67, node_num 8, cost 846.104000, nodes: 0(120000.00, 120000.00) 357 531 33 139 133 369 0(59564.00, 59564.00)
route 68, node_num 7, cost 1339.926000, nodes: 0(120000.00, 120000.00) 360 688 562 768 741 0(24291.00, 24291.00)
route 69, node_num 8, cost 1592.766000, nodes: 0(120000.00, 120000.00) 361 610 200 114 109 934(34546.00, 34546.00) 0(6231.00, 6231.00)
route 70, node_num 7, cost 1534.554000, nodes: 0(120000.00, 120000.00) 363 247 505 655 760 0(10389.00, 10389.00)
route 71, node_num 8, cost 1120.546000, nodes: 0(120000.00, 120000.00) 366 412 666 67 203 519 0(39961.00, 39961.00)
route 72, node_num 8, cost 1659.840000, nodes: 0(120000.00, 120000.00) 368 303 626 766 769 23 0(1440.00, 1440.00)
route 73, node_num 6, cost 628.194000, nodes: 0(120000.00, 120000.00) 373 270 388 559 0(75129.00, 75129.00)
route 74, node_num 7, cost 686.700000, nodes: 0(120000.00, 120000.00) 376 272 680 287 124 0(70950.00, 70950.00)
route 75, node_num 8, cost 1780.492000, nodes: 0(120000.00, 120000.00) 378 687 213 793 842(47588.00, 54766.00) 281 0(0.00, 0.00)
route 76, node_num 7, cost 1202.376000, nodes: 0(120000.00, 120000.00) 383 715 772 5 420 0(34116.00, 34116.00)
route 77, node_num 7, cost 970.172000, nodes: 0(120000.00, 120000.00) 390 608 624 547 343 0(50702.00, 50702.00)
route 78, node_num 8, cost 625.310000, nodes: 0(120000.00, 120000.00) 391 706 312 737 539 575 0(75335.00, 75335.00)
route 79, node_num 7, cost 935.480000, nodes: 0(120000.00, 120000.00) 399 184 84 206 681 0(53180.00, 53180.00)
route 80, node_num 7, cost 1105.146000, nodes: 0(120000.00, 120000.00) 400 19 379 571 267 0(41061.00, 41061.00)
route 81, node_num 6, cost 954.828000, nodes: 0(120000.00, 120000.00) 409 649 329 293 0(51798.00, 51798.00)
route 82, node_num 9, cost 821.884000, nodes: 0(120000.00, 120000.00) 411 280 713 651 664 692 47 0(61294.00, 61294.00)
route 83, node_num 7, cost 738.822000, nodes: 0(120000.00, 120000.00) 427 120 750 62 699 0(67227.00, 67227.00)
route 84, node_num 8, cost 1476.006000, nodes: 0(120000.00, 120000.00) 429 441 194 499 319 543 0(14571.00, 14571.00)
route 85, node_num 8, cost 1088.346000, nodes: 0(120000.00, 120000.00) 430 273 59 781 569 703 0(42261.00, 42261.00)
route 86, node_num 8, cost 838.950000, nodes: 0(120000.00, 120000.00) 431 121 659 761 678 154 0(60075.00, 60075.00)
route 87, node_num 8, cost 1563.366000, nodes: 0(120000.00, 120000.00) 432 245 705 100 64 996(33816.00, 33816.00) 0(8331.00, 8331.00)
route 88, node_num 6, cost 1320.158000, nodes: 0(120000.00, 120000.00) 442 300 628 30 0(25703.00, 25703.00)
route 89, node_num 5, cost 820.162000, nodes: 0(120000.00, 120000.00) 460 337 541 0(61417.00, 61417.00)
route 90, node_num 6, cost 1277.346000, nodes: 0(120000.00, 120000.00) 468 251 227 234 0(28761.00, 28761.00)
route 91, node_num 8, cost 1687.602000, nodes: 0(120000.00, 120000.00) 472 956(57527.00, 73527.00) 667 128 560 143 0(15457.00, 15457.00)
route 92, node_num 6, cost 1631.322000, nodes: 0(120000.00, 120000.00) 473 183 671 18 0(3477.00, 3477.00)
route 93, node_num 7, cost 1372.672000, nodes: 0(120000.00, 120000.00) 475 653 797 451 371 0(21952.00, 21952.00)
route 94, node_num 6, cost 239.736000, nodes: 0(120000.00, 120000.00) 479 179 344 641 0(102876.00, 102876.00)
route 95, node_num 6, cost 549.290000, nodes: 0(120000.00, 120000.00) 481 362 607 403 0(80765.00, 80765.00)
route 96, node_num 6, cost 1380.078000, nodes: 0(120000.00, 120000.00) 487 466 786 534 0(21423.00, 21423.00)
route 97, node_num 5, cost 594.636000, nodes: 0(120000.00, 120000.00) 489 211 724 0(77526.00, 77526.00)
route 98, node_num 5, cost 981.848000, nodes: 0(120000.00, 120000.00) 492 450 673 0(49868.00, 49868.00)
route 99, node_num 8, cost 854.812000, nodes: 0(120000.00, 120000.00) 496 87 197 792 425 720 0(58942.00, 58942.00)
route 100, node_num 7, cost 885.528000, nodes: 0(120000.00, 120000.00) 497 81 711 327 755 0(56748.00, 56748.00)
route 101, node_num 7, cost 1445.640000, nodes: 0(120000.00, 120000.00) 501 522 421 537 498 0(16740.00, 16740.00)
route 102, node_num 6, cost 702.156000, nodes: 0(120000.00, 120000.00) 502 656 508 395 0(69846.00, 69846.00)
route 103, node_num 7, cost 1047.424000, nodes: 0(120000.00, 120000.00) 504 176 347 68 7 0(45184.00, 45184.00)
route 104, node_num 6, cost 485.870000, nodes: 0(120000.00, 120000.00) 514 44 317 195 0(85295.00, 85295.00)
route 105, node_num 7, cost 1509.844000, nodes: 0(120000.00, 120000.00) 516 605 339 495 413 0(12154.00, 12154.00)
route 106, node_num 6, cost 210.644000, nodes: 0(120000.00, 120000.00) 525 265 372 500 0(104954.00, 104954.00)
route 107, node_num 7, cost 920.990000, nodes: 0(120000.00, 120000.00) 526 796 758 578 510 0(54215.00, 54215.00)
route 108, node_num 8, cost 951.174000, nodes: 0(120000.00, 120000.00) 528 524 668 587 410 642 0(52059.00, 52059.00)
route 109, node_num 7, cost 859.250000, nodes: 0(120000.00, 120000.00) 529 540 101 324 216 0(58625.00, 58625.00)
route 110, node_num 9, cost 1711.500000, nodes: 0(120000.00, 120000.00) 533 631 405 385 129 912(44544.00, 46794.00) 252 0(0.00, 0.00)
route 111, node_num 5, cost 1163.134000, nodes: 0(120000.00, 120000.00) 535 138 148 0(36919.00, 36919.00)
route 112, node_num 8, cost 763.434000, nodes: 0(120000.00, 120000.00) 542 679 609 662 169 382 0(65469.00, 65469.00)
route 113, node_num 6, cost 1439.186000, nodes: 0(120000.00, 120000.00) 549 309 604 620 0(17201.00, 17201.00)
route 114, node_num 8, cost 1221.794000, nodes: 0(120000.00, 120000.00) 554 397 298 730 60 654 0(32729.00, 32729.00)
route 115, node_num 9, cost 499.576000, nodes: 0(120000.00, 120000.00) 555 633 698 800 652 550 782 0(84316.00, 84316.00)
route 116, node_num 6, cost 683.312000, nodes: 0(120000.00, 120000.00) 556 311 181 338 0(71192.00, 71192.00)
route 117, node_num 6, cost 824.250000, nodes: 0(120000.00, 120000.00) 563 41 191 603 0(61125.00, 61125.00)
route 118, node_num 9, cost 1487.612000, nodes: 0(120000.00, 120000.00) 570 328 463 151 739 398 950(41669.00, 41669.00) 0(13742.00, 13742.00)
route 119, node_num 7, cost 1410.612000, nodes: 0(120000.00, 120000.00) 582 478 55 523 443 0(19242.00, 19242.00)
route 120, node_num 9, cost 1693.104000, nodes: 0(120000.00, 120000.00) 591 953(82481.00, 83417.00) 277 271 461 646 72 0(0.00, 0.00)
route 121, node_num 6, cost 1252.748000, nodes: 0(120000.00, 120000.00) 592 224 683 788 0(30518.00, 30518.00)
route 122, node_num 7, cost 1058.400000, nodes: 0(120000.00, 120000.00) 594 538 433 178 238 0(44400.00, 44400.00)
route 123, node_num 6, cost 1282.302000, nodes: 0(120000.00, 120000.00) 596 152 364 469 0(28407.00, 28407.00)
route 124, node_num 8, cost 1038.814000, nodes: 0(120000.00, 120000.00) 599 160 96 422 26 552 0(45799.00, 45799.00)
route 125, node_num 6, cost 1394.554000, nodes: 0(120000.00, 120000.00) 606 140 162 494 0(20389.00, 20389.00)
route 126, node_num 8, cost 1644.356000, nodes: 0(120000.00, 120000.00) 613 759 125 85 172 918(24970.00, 24970.00) 0(2546.00, 2546.00)
route 127, node_num 6, cost 840.784000, nodes: 0(120000.00, 120000.00) 615 551 217 349 0(59944.00, 59944.00)
route 128, node_num 6, cost 829.332000, nodes: 0(120000.00, 120000.00) 621 90 625 39 0(60762.00, 60762.00)
route 129, node_num 5, cost 530.992000, nodes: 0(120000.00, 120000.00) 627 488 726 0(82072.00, 82072.00)
route 130, node_num 7, cost 314.524000, nodes: 0(120000.00, 120000.00) 630 663 484 776 396 0(97534.00, 97534.00)
route 131, node_num 6, cost 1615.852000, nodes: 0(120000.00, 120000.00) 632 156 712 116 0(4582.00, 4582.00)
route 132, node_num 7, cost 1480.948000, nodes: 0(120000.00, 120000.00) 643 567 518 112 423 0(14218.00, 14218.00)
route 133, node_num 5, cost 1255.730000, nodes: 0(120000.00, 120000.00) 648 770 359 0(30305.00, 30305.00)
route 134, node_num 7, cost 1299.522000, nodes: 0(120000.00, 120000.00) 658 127 548 348 791 0(27177.00, 27177.00)
route 135, node_num 6, cost 1279.978000, nodes: 0(120000.00, 120000.00) 660 515 297 137 0(28573.00, 28573.00)
route 136, node_num 7, cost 813.764000, nodes: 0(120000.00, 120000.00) 669 751 182 115 448 0(61874.00, 61874.00)
route 137, node_num 8, cost 1475.894000, nodes: 0(120000.00, 120000.00) 674 332 440 601 105 590 0(14579.00, 14579.00)
route 138, node_num 7, cost 1151.024000, nodes: 0(120000.00, 120000.00) 677 175 174 13 381 0(37784.00, 37784.00)
route 139, node_num 8, cost 925.078000, nodes: 0(120000.00, 120000.00) 682 742 21 256 32 908(68249.00, 68249.00) 0(53923.00, 53923.00)
route 140, node_num 6, cost 1491.490000, nodes: 0(120000.00, 120000.00) 684 639 358 576 0(13465.00, 13465.00)
route 141, node_num 8, cost 1326.640000, nodes: 0(120000.00, 120000.00) 685 110 637 66 573 661 0(25240.00, 25240.00)
route 142, node_num 7, cost 1464.162000, nodes: 0(120000.00, 120000.00) 691 236 672 302 452 0(15417.00, 15417.00)
route 143, node_num 8, cost 1429.722000, nodes: 0(120000.00, 120000.00) 693 266 334 745 168 867(32555.00, 32555.00) 0(17877.00, 17877.00)
route 144, node_num 8, cost 1836.674000, nodes: 0(120000.00, 120000.00) 696 911(67114.00, 87114.00) 1 6 564 207 0(8809.00, 8809.00)
route 145, node_num 8, cost 1673.924000, nodes: 0(120000.00, 120000.00) 700 675 29 73 177 968(29671.00, 29671.00) 0(434.00, 434.00)
route 146, node_num 8, cost 1855.434000, nodes: 0(120000.00, 120000.00) 710 240 644 718 509 840(10084.00, 22615.00) 0(0.00, 0.00)
route 147, node_num 7, cost 1309.952000, nodes: 0(120000.00, 120000.00) 717 446 31 78 241 0(26432.00, 26432.00)
route 148, node_num 7, cost 761.488000, nodes: 0(120000.00, 120000.00) 719 131 557 93 220 0(65608.00, 65608.00)
route 149, node_num 6, cost 1122.562000, nodes: 0(120000.00, 120000.00) 731 748 445 147 0(39817.00, 39817.00)
route 150, node_num 5, cost 655.662000, nodes: 0(120000.00, 120000.00) 734 122 459 0(73167.00, 73167.00)
route 151, node_num 5, cost 701.498000, nodes: 0(120000.00, 120000.00) 736 71 188 0(69893.00, 69893.00)
route 152, node_num 7, cost 1803.438000, nodes: 0(120000.00, 120000.00) 738 99 787 598 961(23176.00, 31993.00) 0(0.00, 0.00)
route 153, node_num 7, cost 775.012000, nodes: 0(120000.00, 120000.00) 743 486 180 511 753 0(64642.00, 64642.00)
route 154, node_num 7, cost 960.736000, nodes: 0(120000.00, 120000.00) 749 406 22 707 374 0(51376.00, 51376.00)
route 155, node_num 6, cost 1534.890000, nodes: 0(120000.00, 120000.00) 752 377 387 437 0(10365.00, 10365.00)
route 156, node_num 5, cost 850.332000, nodes: 0(120000.00, 120000.00) 757 453 447 0(59262.00, 59262.00)
route 157, node_num 6, cost 754.908000, nodes: 0(120000.00, 120000.00) 764 283 37 784 0(66078.00, 66078.00)
route 158, node_num 8, cost 939.708000, nodes: 0(120000.00, 120000.00) 765 401 795 708 600 462 0(52878.00, 52878.00)
route 159, node_num 8, cost 769.916000, nodes: 0(120000.00, 120000.00) 780 480 69 733 223 474 0(65006.00, 65006.00)
route 160, node_num 7, cost 885.052000, nodes: 0(120000.00, 120000.00) 799 794 645 520 767 0(56782.00, 56782.00)
route 161, node_num 7, cost 1649.788000, nodes: 0(120000.00, 120000.00) 812(72845.00, 72845.00) 88 97 49 384 0(2158.00, 2158.00)
route 162, node_num 8, cost 1945.272000, nodes: 0(120000.00, 120000.00) 839(67416.00, 86364.00) 754 647 623 107 595 0(0.00, 0.00)
route 163, node_num 7, cost 1860.404000, nodes: 0(120000.00, 120000.00) 860(66386.00, 79272.00) 597 783 697 202 0(0.00, 0.00)
route 164, node_num 9, cost 1674.386000, nodes: 0(120000.00, 120000.00) 919(95324.00, 95324.00) 77 407 507 269 640 709 0(401.00, 401.00)
route 165, node_num 7, cost 1768.732000, nodes: 0(120000.00, 120000.00) 939(67416.00, 75416.00) 695 141 53 435 0(1662.00, 1662.00)
route 166, node_num 8, cost 1822.688000, nodes: 0(120000.00, 120000.00) 998(64370.00, 64370.00) 586 870(51993.00, 62185.00) 260 414 779 0(0.00, 0.00)
vehicle (route) number: 167
Total cost: 234915.71
270375.10, 12605.44
280680.07, 12608.93
276460.44, 12607.54
265503.86, 12601.73
256602.61, 12615.49
272263.00, 12621.82
246183.71, 12608.40
234915.71, 12603.00
235559.39, 15837.42
236385.11, 13820.24
