Details of the solution:
route 0, node_num 6, cost 1608.152000, nodes: 0(120000.00, 120000.00) 1 107 337 239 0(5132.00, 5132.00)
route 1, node_num 7, cost 971.894000, nodes: 0(120000.00, 120000.00) 228 2 139 616 384 0(50579.00, 50579.00)
route 2, node_num 9, cost 1150.282000, nodes: 0(120000.00, 120000.00) 3 386 644 397 885(73690.00, 73690.00) 399 864(58020.00, 58020.00) 0(37837.00, 37837.00)
route 3, node_num 7, cost 1065.442000, nodes: 0(120000.00, 120000.00) 450 8 731 581 387 0(43897.00, 43897.00)
route 4, node_num 8, cost 1615.348000, nodes: 0(120000.00, 120000.00) 11 727 589 739 77 964(24801.00, 24801.00) 0(4618.00, 4618.00)
route 5, node_num 6, cost 1451.590000, nodes: 0(120000.00, 120000.00) 16 442 54 435 0(16315.00, 16315.00)
route 6, node_num 8, cost 836.262000, nodes: 0(120000.00, 120000.00) 570 719 697 196 203 217 0(60267.00, 60267.00)
route 7, node_num 3, cost 155.834000, nodes: 0(120000.00, 120000.00) 675 0(108869.00, 108869.00)
route 8, node_num 6, cost 752.276000, nodes: 0(120000.00, 120000.00) 21 789 312 636 0(66266.00, 66266.00)
route 9, node_num 6, cost 921.144000, nodes: 0(120000.00, 120000.00) 475 213 22 624 0(54204.00, 54204.00)
route 10, node_num 6, cost 1255.198000, nodes: 0(120000.00, 120000.00) 30 490 332 686 0(30343.00, 30343.00)
route 11, node_num 6, cost 955.416000, nodes: 0(120000.00, 120000.00) 254 18 602 124 0(51756.00, 51756.00)
route 12, node_num 5, cost 514.584000, nodes: 0(120000.00, 120000.00) 359 268 360 0(83244.00, 83244.00)
route 13, node_num 8, cost 1696.688000, nodes: 0(120000.00, 120000.00) 41 418 543 474 682 843(15325.00, 16517.00) 0(0.00, 0.00)
route 14, node_num 8, cost 1498.896000, nodes: 0(120000.00, 120000.00) 932(86549.00, 98549.00) 513 51 647 412 219 0(24936.00, 24936.00)
route 15, node_num 7, cost 861.028000, nodes: 0(120000.00, 120000.00) 306 532 56 631 7 0(58498.00, 58498.00)
route 16, node_num 5, cost 284.914000, nodes: 0(120000.00, 120000.00) 674 639 310 0(99649.00, 99649.00)
route 17, node_num 5, cost 304.794000, nodes: 0(120000.00, 120000.00) 569 566 458 0(98229.00, 98229.00)
route 18, node_num 6, cost 1366.568000, nodes: 0(120000.00, 120000.00) 599 673 97 575 0(22388.00, 22388.00)
route 19, node_num 3, cost 112.210000, nodes: 0(120000.00, 120000.00) 277 0(111985.00, 111985.00)
route 20, node_num 8, cost 1568.070000, nodes: 0(120000.00, 120000.00) 89 485 15 151 717 819(32745.00, 32745.00) 0(7995.00, 7995.00)
route 21, node_num 9, cost 1819.188000, nodes: 0(120000.00, 120000.00) 90 334 183 440 463 322 990(26159.00, 36101.00) 0(0.00, 0.00)
route 22, node_num 6, cost 1210.020000, nodes: 0(120000.00, 120000.00) 154 367 31 184 0(33570.00, 33570.00)
route 23, node_num 5, cost 1032.780000, nodes: 0(120000.00, 120000.00) 558 47 778 0(46230.00, 46230.00)
route 24, node_num 6, cost 834.162000, nodes: 0(120000.00, 120000.00) 218 601 255 361 0(60417.00, 60417.00)
route 25, node_num 5, cost 1068.368000, nodes: 0(120000.00, 120000.00) 471 58 207 0(43688.00, 43688.00)
route 26, node_num 5, cost 1140.202000, nodes: 0(120000.00, 120000.00) 749 112 401 0(38557.00, 38557.00)
route 27, node_num 5, cost 1110.074000, nodes: 0(120000.00, 120000.00) 685 113 630 0(40709.00, 40709.00)
route 28, node_num 7, cost 1522.556000, nodes: 0(120000.00, 120000.00) 660 132 476 774 265 0(11246.00, 11246.00)
route 29, node_num 5, cost 972.944000, nodes: 0(120000.00, 120000.00) 257 763 169 0(50504.00, 50504.00)
route 30, node_num 7, cost 1031.394000, nodes: 0(120000.00, 120000.00) 663 593 20 121 37 0(46329.00, 46329.00)
route 31, node_num 7, cost 1541.358000, nodes: 0(120000.00, 120000.00) 148 238 402 144 860(32622.00, 32622.00) 0(9903.00, 9903.00)
route 32, node_num 5, cost 562.646000, nodes: 0(120000.00, 120000.00) 153 93 296 0(79811.00, 79811.00)
route 33, node_num 6, cost 1076.446000, nodes: 0(120000.00, 120000.00) 103 446 166 122 0(43111.00, 43111.00)
route 34, node_num 8, cost 1511.804000, nodes: 0(120000.00, 120000.00) 167 698 606 758 293 358 0(12014.00, 12014.00)
route 35, node_num 8, cost 1345.750000, nodes: 0(120000.00, 120000.00) 933(110242.00, 120000.00) 168 340 465 210 275 0(33633.00, 33633.00)
route 36, node_num 6, cost 766.430000, nodes: 0(120000.00, 120000.00) 326 634 53 187 0(65255.00, 65255.00)
route 37, node_num 6, cost 1577.590000, nodes: 0(120000.00, 120000.00) 180 157 666 715 0(7315.00, 7315.00)
route 38, node_num 7, cost 1549.128000, nodes: 0(120000.00, 120000.00) 185 84 555 645 955(26103.00, 26103.00) 0(9348.00, 9348.00)
route 39, node_num 6, cost 1311.380000, nodes: 0(120000.00, 120000.00) 705 598 120 514 0(26330.00, 26330.00)
route 40, node_num 7, cost 402.248000, nodes: 0(120000.00, 120000.00) 189 109 135 336 123 0(91268.00, 91268.00)
route 41, node_num 7, cost 1201.396000, nodes: 0(120000.00, 120000.00) 506 678 393 620 161 0(34186.00, 34186.00)
route 42, node_num 5, cost 513.758000, nodes: 0(120000.00, 120000.00) 206 342 747 0(83303.00, 83303.00)
route 43, node_num 5, cost 478.870000, nodes: 0(120000.00, 120000.00) 140 314 133 0(85795.00, 85795.00)
route 44, node_num 7, cost 466.214000, nodes: 0(120000.00, 120000.00) 212 23 357 611 14 0(86699.00, 86699.00)
route 45, node_num 7, cost 1500.828000, nodes: 0(120000.00, 120000.00) 222 687 496 411 969(27085.00, 27085.00) 0(12798.00, 12798.00)
route 46, node_num 5, cost 831.166000, nodes: 0(120000.00, 120000.00) 603 178 586 0(60631.00, 60631.00)
route 47, node_num 8, cost 1675.744000, nodes: 0(120000.00, 120000.00) 229 439 546 5 408 966(45259.00, 45259.00) 0(304.00, 304.00)
route 48, node_num 5, cost 951.720000, nodes: 0(120000.00, 120000.00) 307 605 681 0(52020.00, 52020.00)
route 49, node_num 7, cost 1604.806000, nodes: 0(120000.00, 120000.00) 931(83199.00, 120000.00) 160 202 75 248 0(42172.00, 42172.00)
route 50, node_num 7, cost 1778.924000, nodes: 0(120000.00, 120000.00) 233 176 29 369 866(37889.00, 44955.00) 0(0.00, 0.00)
route 51, node_num 7, cost 1411.956000, nodes: 0(120000.00, 120000.00) 505 793 243 308 106 0(19146.00, 19146.00)
route 52, node_num 5, cost 354.508000, nodes: 0(120000.00, 120000.00) 249 261 290 0(94678.00, 94678.00)
route 53, node_num 7, cost 1425.396000, nodes: 0(120000.00, 120000.00) 251 554 721 95 855(34941.00, 34941.00) 0(18186.00, 18186.00)
route 54, node_num 8, cost 1566.418000, nodes: 0(120000.00, 120000.00) 404 726 451 288 267 913(17849.00, 17849.00) 0(8113.00, 8113.00)
route 55, node_num 6, cost 1102.472000, nodes: 0(120000.00, 120000.00) 344 105 304 74 0(41252.00, 41252.00)
route 56, node_num 7, cost 815.724000, nodes: 0(120000.00, 120000.00) 762 656 70 270 156 0(61734.00, 61734.00)
route 57, node_num 3, cost 97.888000, nodes: 0(120000.00, 120000.00) 628 0(113008.00, 113008.00)
route 58, node_num 8, cost 1521.996000, nodes: 0(120000.00, 120000.00) 289 480 245 141 492 979(23113.00, 23113.00) 0(11286.00, 11286.00)
route 59, node_num 6, cost 1222.746000, nodes: 0(120000.00, 120000.00) 676 503 6 333 0(32661.00, 32661.00)
route 60, node_num 8, cost 1680.532000, nodes: 0(120000.00, 120000.00) 294 224 470 150 250 991(7003.00, 7041.00) 0(0.00, 0.00)
route 61, node_num 8, cost 1793.960000, nodes: 0(120000.00, 120000.00) 83 770 788 672 33 918(43695.00, 51835.00) 0(0.00, 0.00)
route 62, node_num 6, cost 1040.788000, nodes: 0(120000.00, 120000.00) 422 262 298 573 0(45658.00, 45658.00)
route 63, node_num 8, cost 1675.352000, nodes: 0(120000.00, 120000.00) 303 91 264 259 722 869(14619.00, 14619.00) 0(332.00, 332.00)
route 64, node_num 5, cost 399.994000, nodes: 0(120000.00, 120000.00) 343 521 800 0(91429.00, 91429.00)
route 65, node_num 5, cost 277.480000, nodes: 0(120000.00, 120000.00) 311 738 201 0(100180.00, 100180.00)
route 66, node_num 7, cost 1090.880000, nodes: 0(120000.00, 120000.00) 621 211 165 787 748 0(42080.00, 42080.00)
route 67, node_num 6, cost 901.880000, nodes: 0(120000.00, 120000.00) 544 299 410 679 0(55580.00, 55580.00)
route 68, node_num 7, cost 1387.764000, nodes: 0(120000.00, 120000.00) 891(110214.00, 110214.00) 796 745 400 271 0(20874.00, 20874.00)
route 69, node_num 3, cost 265.062000, nodes: 0(120000.00, 120000.00) 338 0(101067.00, 101067.00)
route 70, node_num 7, cost 1622.236000, nodes: 0(120000.00, 120000.00) 997(109074.00, 120000.00) 785 539 511 331 0(15052.00, 15052.00)
route 71, node_num 7, cost 1488.074000, nodes: 0(120000.00, 120000.00) 348 752 214 279 52 0(13709.00, 13709.00)
route 72, node_num 9, cost 1576.680000, nodes: 0(120000.00, 120000.00) 226 516 143 671 13 48 875(46230.00, 46230.00) 0(7380.00, 7380.00)
route 73, node_num 5, cost 761.768000, nodes: 0(120000.00, 120000.00) 419 481 266 0(65588.00, 65588.00)
route 74, node_num 6, cost 714.826000, nodes: 0(120000.00, 120000.00) 375 88 459 713 0(68941.00, 68941.00)
route 75, node_num 3, cost 210.042000, nodes: 0(120000.00, 120000.00) 216 0(104997.00, 104997.00)
route 76, node_num 8, cost 1625.358000, nodes: 0(120000.00, 120000.00) 389 273 447 377 114 813(13639.00, 13639.00) 0(3903.00, 3903.00)
route 77, node_num 8, cost 1243.284000, nodes: 0(120000.00, 120000.00) 683 396 68 489 376 783 0(31194.00, 31194.00)
route 78, node_num 7, cost 835.520000, nodes: 0(120000.00, 120000.00) 300 403 351 443 529 0(60320.00, 60320.00)
route 79, node_num 7, cost 1425.746000, nodes: 0(120000.00, 120000.00) 499 780 252 522 346 0(18161.00, 18161.00)
route 80, node_num 7, cost 1467.018000, nodes: 0(120000.00, 120000.00) 420 622 768 478 597 0(15213.00, 15213.00)
route 81, node_num 8, cost 1287.160000, nodes: 0(120000.00, 120000.00) 302 392 49 349 370 363 0(28060.00, 28060.00)
route 82, node_num 6, cost 1665.958000, nodes: 0(120000.00, 120000.00) 804(114583.00, 114583.00) 415 550 613 0(1003.00, 1003.00)
route 83, node_num 5, cost 507.164000, nodes: 0(120000.00, 120000.00) 247 568 82 0(83774.00, 83774.00)
route 84, node_num 6, cost 1039.976000, nodes: 0(120000.00, 120000.00) 430 87 127 755 0(45716.00, 45716.00)
route 85, node_num 8, cost 1435.616000, nodes: 0(120000.00, 120000.00) 142 557 352 791 428 952(55876.00, 55876.00) 0(17456.00, 17456.00)
route 86, node_num 3, cost 125.006000, nodes: 0(120000.00, 120000.00) 315 0(111071.00, 111071.00)
route 87, node_num 7, cost 1175.468000, nodes: 0(120000.00, 120000.00) 190 345 534 782 693 0(36038.00, 36038.00)
route 88, node_num 6, cost 1070.916000, nodes: 0(120000.00, 120000.00) 661 740 754 421 0(43506.00, 43506.00)
route 89, node_num 7, cost 754.096000, nodes: 0(120000.00, 120000.00) 469 629 246 434 491 0(66136.00, 66136.00)
route 90, node_num 5, cost 653.086000, nodes: 0(120000.00, 120000.00) 453 136 596 0(73351.00, 73351.00)
route 91, node_num 4, cost 659.526000, nodes: 0(120000.00, 120000.00) 797 405 0(72891.00, 72891.00)
route 92, node_num 8, cost 879.270000, nodes: 0(120000.00, 120000.00) 493 695 131 205 625 171 0(57195.00, 57195.00)
route 93, node_num 7, cost 1464.876000, nodes: 0(120000.00, 120000.00) 494 325 350 59 815(57454.00, 57454.00) 0(15366.00, 15366.00)
route 94, node_num 3, cost 357.406000, nodes: 0(120000.00, 120000.00) 761 0(94471.00, 94471.00)
route 95, node_num 8, cost 1063.132000, nodes: 0(120000.00, 120000.00) 102 578 272 27 609 448 0(44062.00, 44062.00)
route 96, node_num 8, cost 1901.144000, nodes: 0(120000.00, 120000.00) 502 128 590 45 753 863(38673.00, 54469.00) 0(0.00, 0.00)
route 97, node_num 6, cost 1054.802000, nodes: 0(120000.00, 120000.00) 504 4 414 35 0(44657.00, 44657.00)
route 98, node_num 7, cost 1655.682000, nodes: 0(120000.00, 120000.00) 830(107271.00, 120000.00) 614 276 517 528 0(14466.00, 14466.00)
route 99, node_num 7, cost 1838.494000, nodes: 0(120000.00, 120000.00) 547 99 460 723 981(46573.00, 57894.00) 0(0.00, 0.00)
route 100, node_num 7, cost 1510.404000, nodes: 0(120000.00, 120000.00) 230 437 66 454 220 0(12114.00, 12114.00)
route 101, node_num 7, cost 1261.694000, nodes: 0(120000.00, 120000.00) 527 129 172 269 750 0(29879.00, 29879.00)
route 102, node_num 5, cost 839.202000, nodes: 0(120000.00, 120000.00) 759 328 25 0(60057.00, 60057.00)
route 103, node_num 7, cost 1139.236000, nodes: 0(120000.00, 120000.00) 81 536 126 633 473 0(38626.00, 38626.00)
route 104, node_num 7, cost 1241.884000, nodes: 0(120000.00, 120000.00) 108 50 287 786 40 0(31294.00, 31294.00)
route 105, node_num 7, cost 1382.976000, nodes: 0(120000.00, 120000.00) 904(114583.00, 114583.00) 574 208 552 510 0(21216.00, 21216.00)
route 106, node_num 3, cost 130.032000, nodes: 0(120000.00, 120000.00) 467 0(110712.00, 110712.00)
route 107, node_num 6, cost 669.886000, nodes: 0(120000.00, 120000.00) 664 374 98 117 0(72151.00, 72151.00)
route 108, node_num 8, cost 1579.312000, nodes: 0(120000.00, 120000.00) 833(110242.00, 110242.00) 559 96 134 198 725 0(7192.00, 7192.00)
route 109, node_num 7, cost 933.492000, nodes: 0(120000.00, 120000.00) 549 720 533 580 482 0(53322.00, 53322.00)
route 110, node_num 7, cost 1649.774000, nodes: 0(120000.00, 120000.00) 930(107271.00, 120000.00) 556 790 776 182 0(14888.00, 14888.00)
route 111, node_num 6, cost 1412.460000, nodes: 0(120000.00, 120000.00) 560 318 635 278 0(19110.00, 19110.00)
route 112, node_num 7, cost 1625.260000, nodes: 0(120000.00, 120000.00) 425 607 85 104 975(42760.00, 42760.00) 0(3910.00, 3910.00)
route 113, node_num 6, cost 1050.350000, nodes: 0(120000.00, 120000.00) 561 564 712 486 0(44975.00, 44975.00)
route 114, node_num 6, cost 1004.542000, nodes: 0(120000.00, 120000.00) 563 282 691 241 0(48247.00, 48247.00)
route 115, node_num 3, cost 326.648000, nodes: 0(120000.00, 120000.00) 798 0(96668.00, 96668.00)
route 116, node_num 3, cost 248.906000, nodes: 0(120000.00, 120000.00) 381 0(102221.00, 102221.00)
route 117, node_num 7, cost 1564.094000, nodes: 0(120000.00, 120000.00) 972(109258.00, 109258.00) 577 284 714 571 0(8279.00, 8279.00)
route 118, node_num 8, cost 932.162000, nodes: 0(120000.00, 120000.00) 579 61 72 711 354 297 0(53417.00, 53417.00)
route 119, node_num 8, cost 1627.178000, nodes: 0(120000.00, 120000.00) 487 583 339 669 323 919(28523.00, 28523.00) 0(3773.00, 3773.00)
route 120, node_num 7, cost 1785.658000, nodes: 0(120000.00, 120000.00) 429 765 215 426 962(37038.00, 44585.00) 0(0.00, 0.00)
route 121, node_num 7, cost 1474.844000, nodes: 0(120000.00, 120000.00) 468 640 100 632 101 0(14654.00, 14654.00)
route 122, node_num 7, cost 1010.478000, nodes: 0(120000.00, 120000.00) 508 585 417 732 71 0(47823.00, 47823.00)
route 123, node_num 6, cost 974.890000, nodes: 0(120000.00, 120000.00) 604 164 413 65 0(50365.00, 50365.00)
route 124, node_num 3, cost 56.476000, nodes: 0(120000.00, 120000.00) 138 0(115966.00, 115966.00)
route 125, node_num 7, cost 1611.358000, nodes: 0(120000.00, 120000.00) 610 736 274 704 891(11944.00, 11944.00) 0(4903.00, 4903.00)
route 126, node_num 7, cost 1420.902000, nodes: 0(120000.00, 120000.00) 618 627 407 701 457 0(18507.00, 18507.00)
route 127, node_num 3, cost 176.974000, nodes: 0(120000.00, 120000.00) 111 0(107359.00, 107359.00)
route 128, node_num 9, cost 1713.502000, nodes: 0(120000.00, 120000.00) 623 760 520 588 356 316 905(51511.00, 53904.00) 0(0.00, 0.00)
route 129, node_num 7, cost 848.778000, nodes: 0(120000.00, 120000.00) 587 174 538 173 130 0(59373.00, 59373.00)
route 130, node_num 6, cost 1348.718000, nodes: 0(120000.00, 120000.00) 764 193 170 744 0(23663.00, 23663.00)
route 131, node_num 8, cost 931.490000, nodes: 0(120000.00, 120000.00) 423 650 240 472 699 649 0(53465.00, 53465.00)
route 132, node_num 7, cost 800.436000, nodes: 0(120000.00, 120000.00) 651 57 341 441 667 0(62826.00, 62826.00)
route 133, node_num 8, cost 1258.950000, nodes: 0(120000.00, 120000.00) 702 652 497 728 39 63 0(30075.00, 30075.00)
route 134, node_num 7, cost 668.360000, nodes: 0(120000.00, 120000.00) 654 280 648 324 295 0(72260.00, 72260.00)
route 135, node_num 5, cost 1503.110000, nodes: 0(120000.00, 120000.00) 655 260 62 0(12635.00, 12635.00)
route 136, node_num 7, cost 867.846000, nodes: 0(120000.00, 120000.00) 658 64 227 119 641 0(58011.00, 58011.00)
route 137, node_num 6, cost 812.364000, nodes: 0(120000.00, 120000.00) 545 110 147 42 0(61974.00, 61974.00)
route 138, node_num 6, cost 1100.918000, nodes: 0(120000.00, 120000.00) 484 615 204 495 0(41363.00, 41363.00)
route 139, node_num 3, cost 140.070000, nodes: 0(120000.00, 120000.00) 462 0(109995.00, 109995.00)
route 140, node_num 3, cost 180.138000, nodes: 0(120000.00, 120000.00) 12 0(107133.00, 107133.00)
route 141, node_num 7, cost 704.158000, nodes: 0(120000.00, 120000.00) 657 115 515 572 347 0(69703.00, 69703.00)
route 142, node_num 4, cost 42.812000, nodes: 0(120000.00, 120000.00) 327 286 0(116942.00, 116942.00)
route 143, node_num 6, cost 1015.714000, nodes: 0(120000.00, 120000.00) 353 335 668 320 0(47449.00, 47449.00)
route 144, node_num 8, cost 1698.872000, nodes: 0(120000.00, 120000.00) 835(84119.00, 85467.00) 709 735 194 799 653 0(0.00, 0.00)
route 145, node_num 7, cost 1462.888000, nodes: 0(120000.00, 120000.00) 152 319 742 67 477 0(15508.00, 15508.00)
route 146, node_num 7, cost 989.478000, nodes: 0(120000.00, 120000.00) 565 234 44 380 677 0(49323.00, 49323.00)
route 147, node_num 4, cost 229.656000, nodes: 0(120000.00, 120000.00) 684 398 0(103596.00, 103596.00)
route 148, node_num 3, cost 261.828000, nodes: 0(120000.00, 120000.00) 670 0(101298.00, 101298.00)
route 149, node_num 8, cost 1700.580000, nodes: 0(120000.00, 120000.00) 925(97482.00, 101482.00) 542 330 43 244 584 0(2530.00, 2530.00)
route 150, node_num 4, cost 656.978000, nodes: 0(120000.00, 120000.00) 541 9 0(73073.00, 73073.00)
route 151, node_num 5, cost 768.236000, nodes: 0(120000.00, 120000.00) 188 364 500 0(65126.00, 65126.00)
route 152, node_num 6, cost 1564.864000, nodes: 0(120000.00, 120000.00) 186 591 963(62692.00, 62692.00) 10 0(8224.00, 8224.00)
route 153, node_num 5, cost 366.688000, nodes: 0(120000.00, 120000.00) 751 221 757 0(93808.00, 93808.00)
route 154, node_num 7, cost 1536.752000, nodes: 0(120000.00, 120000.00) 708 163 73 710 891(17273.00, 17273.00) 0(10232.00, 10232.00)
route 155, node_num 7, cost 979.706000, nodes: 0(120000.00, 120000.00) 706 696 707 379 551 0(50021.00, 50021.00)
route 156, node_num 7, cost 1547.546000, nodes: 0(120000.00, 120000.00) 716 436 406 479 891(16502.00, 16502.00) 0(9461.00, 9461.00)
route 157, node_num 8, cost 1857.954000, nodes: 0(120000.00, 120000.00) 718 553 92 784 118 934(38293.00, 51004.00) 0(0.00, 0.00)
route 158, node_num 7, cost 1312.402000, nodes: 0(120000.00, 120000.00) 662 17 730 159 283 0(26257.00, 26257.00)
route 159, node_num 6, cost 1037.288000, nodes: 0(120000.00, 120000.00) 237 659 388 694 0(45908.00, 45908.00)
route 160, node_num 8, cost 1061.872000, nodes: 0(120000.00, 120000.00) 733 195 390 263 253 146 0(44152.00, 44152.00)
route 161, node_num 7, cost 1581.986000, nodes: 0(120000.00, 120000.00) 734 225 395 373 432 0(7001.00, 7001.00)
route 162, node_num 7, cost 922.404000, nodes: 0(120000.00, 120000.00) 38 317 313 501 391 0(54114.00, 54114.00)
route 163, node_num 7, cost 1503.474000, nodes: 0(120000.00, 120000.00) 700 756 665 461 523 0(12609.00, 12609.00)
route 164, node_num 3, cost 56.952000, nodes: 0(120000.00, 120000.00) 509 0(115932.00, 115932.00)
route 165, node_num 5, cost 1036.140000, nodes: 0(120000.00, 120000.00) 773 382 55 0(45990.00, 45990.00)
route 166, node_num 6, cost 483.938000, nodes: 0(120000.00, 120000.00) 540 512 724 737 0(85433.00, 85433.00)
route 167, node_num 8, cost 1675.254000, nodes: 0(120000.00, 120000.00) 79 181 452 32 80 862(44924.00, 44924.00) 0(339.00, 339.00)
route 168, node_num 6, cost 674.408000, nodes: 0(120000.00, 120000.00) 301 766 595 175 0(71828.00, 71828.00)
route 169, node_num 7, cost 1709.904000, nodes: 0(120000.00, 120000.00) 772 309 78 794 813(7600.00, 9736.00) 0(0.00, 0.00)
route 170, node_num 6, cost 956.606000, nodes: 0(120000.00, 120000.00) 36 19 192 531 0(51671.00, 51671.00)
route 171, node_num 4, cost 378.196000, nodes: 0(120000.00, 120000.00) 46 488 0(92986.00, 92986.00)
route 172, node_num 3, cost 183.064000, nodes: 0(120000.00, 120000.00) 689 0(106924.00, 106924.00)
route 173, node_num 7, cost 1466.710000, nodes: 0(120000.00, 120000.00) 456 643 594 638 642 0(15235.00, 15235.00)
route 174, node_num 5, cost 1283.590000, nodes: 0(120000.00, 120000.00) 795 24 362 0(28315.00, 28315.00)
route 175, node_num 8, cost 1561.924000, nodes: 0(120000.00, 120000.00) 812(114641.00, 114641.00) 371 155 235 158 992(54733.00, 54733.00) 0(8434.00, 8434.00)
route 176, node_num 7, cost 1285.480000, nodes: 0(120000.00, 120000.00) 548 179 231 646 771 0(28180.00, 28180.00)
route 177, node_num 7, cost 1311.044000, nodes: 0(120000.00, 120000.00) 537 409 366 242 524 0(26354.00, 26354.00)
route 178, node_num 7, cost 1374.296000, nodes: 0(120000.00, 120000.00) 777 416 76 28 972(30544.00, 30544.00) 0(21836.00, 21836.00)
route 179, node_num 8, cost 1429.652000, nodes: 0(120000.00, 120000.00) 829(89163.00, 120000.00) 449 792 612 258 530 0(48719.00, 48719.00)
route 180, node_num 3, cost 187.208000, nodes: 0(120000.00, 120000.00) 455 0(106628.00, 106628.00)
route 181, node_num 8, cost 1682.044000, nodes: 0(120000.00, 120000.00) 825(97482.00, 97628.00) 444 145 703 526 200 0(0.00, 0.00)
route 182, node_num 7, cost 1628.536000, nodes: 0(120000.00, 120000.00) 831(83199.00, 120000.00) 775 519 365 94 0(40477.00, 40477.00)
route 183, node_num 7, cost 2089.458000, nodes: 0(120000.00, 120000.00) 834(71318.00, 100565.00) 162 177 582 116 0(0.00, 0.00)
route 184, node_num 5, cost 1102.066000, nodes: 0(120000.00, 120000.00) 637 626 688 0(41281.00, 41281.00)
route 185, node_num 8, cost 1742.370000, nodes: 0(120000.00, 120000.00) 617 223 692 236 690 802(39288.00, 43743.00) 0(0.00, 0.00)
route 186, node_num 8, cost 1598.044000, nodes: 0(120000.00, 120000.00) 828(112837.00, 120000.00) 137 199 746 383 86 0(13017.00, 13017.00)
route 187, node_num 6, cost 1231.384000, nodes: 0(120000.00, 120000.00) 394 385 34 779 0(32044.00, 32044.00)
route 188, node_num 3, cost 149.842000, nodes: 0(120000.00, 120000.00) 445 0(109297.00, 109297.00)
route 189, node_num 5, cost 1132.824000, nodes: 0(120000.00, 120000.00) 232 600 507 0(39084.00, 39084.00)
route 190, node_num 7, cost 1768.284000, nodes: 0(120000.00, 120000.00) 498 378 329 592 900(31890.00, 38196.00) 0(0.00, 0.00)
route 191, node_num 3, cost 41.090000, nodes: 0(120000.00, 120000.00) 741 0(117065.00, 117065.00)
route 192, node_num 7, cost 1206.002000, nodes: 0(120000.00, 120000.00) 464 321 256 60 372 0(33857.00, 33857.00)
route 193, node_num 7, cost 1662.556000, nodes: 0(120000.00, 120000.00) 930(107271.00, 120000.00) 680 285 743 197 0(13975.00, 13975.00)
route 194, node_num 3, cost 244.482000, nodes: 0(120000.00, 120000.00) 767 0(102537.00, 102537.00)
route 195, node_num 7, cost 1198.246000, nodes: 0(120000.00, 120000.00) 928(112837.00, 120000.00) 518 438 305 994(66656.00, 66656.00) 0(41574.00, 41574.00)
route 196, node_num 8, cost 1782.788000, nodes: 0(120000.00, 120000.00) 191 125 26 291 281 946(45589.00, 52931.00) 0(0.00, 0.00)
route 197, node_num 6, cost 1303.470000, nodes: 0(120000.00, 120000.00) 535 567 69 729 0(26895.00, 26895.00)
route 198, node_num 8, cost 1860.950000, nodes: 0(120000.00, 120000.00) 873(97835.00, 110760.00) 433 292 562 209 483 0(0.00, 0.00)
route 199, node_num 8, cost 1745.506000, nodes: 0(120000.00, 120000.00) 424 781 608 842(48820.00, 53499.00) 427 576 0(0.00, 0.00)
route 200, node_num 7, cost 1723.008000, nodes: 0(120000.00, 120000.00) 926(87936.00, 120000.00) 149 355 619 525 0(28992.00, 28992.00)
route 201, node_num 8, cost 1870.526000, nodes: 0(120000.00, 120000.00) 935(84119.00, 88119.00) 368 431 769 466 943(6908.00, 16517.00) 0(0.00, 0.00)
vehicle (route) number: 202
Total cost: 282966.34
306304.59, 12608.95
318152.89, 12633.22
292904.79, 12616.33
323374.75, 12616.99
289904.73, 12620.49
298179.49, 12608.49
289935.25, 12602.20
288067.94, 12601.56
288807.84, 12600.24
282966.34, 12630.87
