Details of the solution:
route 0, node_num 9, cost 77.740504, nodes: 0(79.69, 79.69) 20 24 29 32 33 31 52 0(1.95, 1.95)
route 1, node_num 9, cost 42.252068, nodes: 0(79.69, 79.69) 21 22 25 27 30 28 26 0(37.44, 37.44)
route 2, node_num 13, cost 102.228490, nodes: 0(79.69, 79.69) 23 34 36 39 38 37 35 175(14.55, 37.09) 51 50 49 0(0.00, 0.00)
route 3, node_num 13, cost 105.718855, nodes: 0(79.69, 79.69) 41 179(56.89, 66.44) 59 60 58 56 53 54 55 57 137(2.56, 19.03) 0(0.00, 0.00)
route 4, node_num 13, cost 127.833696, nodes: 0(79.69, 79.69) 65 63 74 204(37.84, 47.51) 73 70 71 76 78 81 120(0.00, 38.47) 0(0.00, 0.00)
route 5, node_num 12, cost 68.804045, nodes: 0(79.69, 79.69) 67 62 64 68 44 45 48 46 47 43 0(10.89, 10.89)
route 6, node_num 12, cost 60.926055, nodes: 0(79.69, 79.69) 75 1 2 4 6 7 10 11 9 8 0(18.76, 18.76)
route 7, node_num 12, cost 76.069565, nodes: 0(79.69, 79.69) 90 87 86 83 82 84 85 88 89 91 0(3.62, 3.62)
route 8, node_num 14, cost 104.483642, nodes: 0(79.69, 79.69) 104(47.04, 71.83) 98 96 95 94 92 93 97 100 99 3 5 0(0.00, 0.00)
route 9, node_num 14, cost 147.138262, nodes: 0(79.69, 79.69) 158(60.66, 79.69) 40 42 116(66.66, 76.30) 69 79 77 80 182(7.80, 46.57) 72 61 66 0(0.00, 0.00)
route 10, node_num 11, cost 101.297916, nodes: 0(79.69, 79.69) 169(48.64, 79.69) 12 14 16 19 18 17 15 13 0(9.44, 9.44)
vehicle (route) number: 11
Total cost: 12014.49
12026.17, 472.07
13015.84, 251.71
12014.49, 363.98
12026.17, 647.39
12024.38, 514.18
12027.43, 325.90
12026.17, 222.86
13017.01, 307.38
13017.01, 412.99
13018.66, 110.65
