Details of the solution:
route 0, node_num 12, cost 116.961335, nodes: 0(79.69, 79.69) 20 24 32 33 31 35 131(7.86, 45.13) 26 10 11 0(0.00, 0.00)
route 1, node_num 14, cost 78.042099, nodes: 0(79.69, 79.69) 21 22 25 27 30 28 2 4 6 7 3 5 0(1.65, 1.65)
route 2, node_num 12, cost 98.645836, nodes: 0(79.69, 79.69) 23 29 34 36 39 38 37 177(5.07, 24.03) 47 43 0(0.00, 0.00)
route 3, node_num 13, cost 63.182182, nodes: 0(79.69, 79.69) 41 40 42 44 45 46 48 51 50 52 49 0(16.51, 16.51)
route 4, node_num 14, cost 136.492204, nodes: 0(79.69, 79.69) 65 63 74 204(37.84, 48.09) 70 73 79 77 80 203(0.00, 46.55) 72 61 0(-0.00, -0.00)
route 5, node_num 13, cost 141.663158, nodes: 0(79.69, 79.69) 67 62 64 68 69 120(19.11, 42.61) 71 76 78 81 183(0.00, 38.47) 0(0.00, 0.00)
route 6, node_num 14, cost 98.822134, nodes: 0(79.69, 79.69) 75 1 98 96 95 94 92 93 97 100 99 188(13.52, 32.65) 0(-0.00, -0.00)
route 7, node_num 12, cost 76.069565, nodes: 0(79.69, 79.69) 90 87 86 83 82 84 85 88 89 91 0(3.62, 3.62)
route 8, node_num 13, cost 108.411425, nodes: 0(79.69, 79.69) 137(60.66, 79.69) 59 60 58 56 53 54 55 57 200(15.80, 25.50) 66 0(0.00, 0.00)
route 9, node_num 13, cost 107.365897, nodes: 0(79.69, 79.69) 169(48.64, 79.69) 12 14 16 19 18 17 15 13 9 8 0(3.37, 3.37)
vehicle (route) number: 10
Total cost: 11025.66
11994.64, 675.71
11025.66, 662.79
12007.20, 643.42
11996.30, 670.53
12020.30, 597.12
12063.00, 630.68
11997.59, 652.75
12020.79, 630.66
12074.22, 153.27
12018.18, 550.37
