Details of the solution:
route 0, node_num 13, cost 95.171993, nodes: 0(79.69, 79.69) 20 24 29 34 36 39 38 37 35 52 198(3.62, 19.10) 0(0.00, 0.00)
route 1, node_num 14, cost 68.640064, nodes: 0(79.69, 79.69) 21 22 25 27 28 26 7 6 9 8 3 5 0(11.05, 11.05)
route 2, node_num 12, cost 110.646758, nodes: 0(79.69, 79.69) 40 59 60 58 56 53 180(17.13, 48.08) 54 55 57 0(0.00, 0.00)
route 3, node_num 13, cost 69.077961, nodes: 0(79.69, 79.69) 65 62 68 41 42 44 45 48 46 47 43 0(10.61, 10.61)
route 4, node_num 14, cost 127.211760, nodes: 0(79.69, 79.69) 63 74 183(38.50, 56.44) 79 77 73 70 71 76 78 81 120(8.88, 38.47) 0(0.00, 0.00)
route 5, node_num 10, cost 119.321874, nodes: 0(79.69, 79.69) 67 69 64 203(30.31, 69.94) 80 72 61 66 0(0.00, 0.00)
route 6, node_num 13, cost 115.717831, nodes: 0(79.69, 79.69) 75 1 23 30 32 33 31 154(1.06, 37.09) 51 50 49 0(0.00, 0.00)
route 7, node_num 14, cost 137.186630, nodes: 0(79.69, 79.69) 96 95 94 92 93 97 188(19.61, 44.46) 2 4 100 99 146(-0.00, 32.65) 0(0.00, 0.00)
route 8, node_num 14, cost 110.127461, nodes: 0(79.69, 79.69) 98 90 87 86 83 102(13.62, 44.06) 82 84 85 88 89 91 0(0.00, 0.00)
route 9, node_num 13, cost 104.572948, nodes: 0(79.69, 79.69) 169(48.64, 73.52) 12 14 16 19 18 17 15 13 11 10 0(-0.00, -0.00)
vehicle (route) number: 10
Total cost: 11057.68
11943.38, 645.93
11978.36, 516.03
11057.68, 647.05
11974.17, 634.28
11977.48, 630.56
12021.67, 475.46
12007.57, 656.33
11927.80, 637.94
12049.62, 635.51
11975.55, 639.56
