Details of the solution:
route 0, node_num 6, cost 89.765154, nodes: 0(62.14, 62.14) 1 66 104(5.49, 62.14) 30 0(29.03, 29.03)
route 1, node_num 9, cost 78.204771, nodes: 0(62.14, 62.14) 5 17 84 45 153(15.43, 31.49) 83 60 0(0.00, 0.00)
route 2, node_num 4, cost 42.426407, nodes: 0(62.14, 62.14) 7 52 0(19.71, 19.71)
route 3, node_num 11, cost 120.762874, nodes: 0(62.14, 62.14) 9 105(24.74, 61.40) 65 71 35 168(25.40, 25.40) 20 51 146(3.10, 25.06) 0(0.00, 0.00)
route 4, node_num 9, cost 81.815605, nodes: 0(62.14, 62.14) 31 10 32 90 63 169(7.18, 26.85) 88 0(0.00, 0.00)
route 5, node_num 10, cost 92.995812, nodes: 0(62.14, 62.14) 18 8 46 36 172(9.36, 62.14) 47 48 82 0(21.93, 21.93)
route 6, node_num 8, cost 57.015619, nodes: 0(62.14, 62.14) 28 3 68 80 77 76 0(5.12, 5.12)
route 7, node_num 9, cost 112.855211, nodes: 0(62.14, 62.14) 62 150(34.64, 53.72) 19 11 64 49 151(6.56, 38.21) 0(0.00, 0.00)
route 8, node_num 10, cost 93.380534, nodes: 0(62.14, 62.14) 33 81 34 78 29 165(3.23, 34.47) 24 12 0(0.00, 0.00)
route 9, node_num 8, cost 61.128530, nodes: 0(62.14, 62.14) 53 40 56 72 73 21 0(1.01, 1.01)
route 10, node_num 8, cost 76.355498, nodes: 0(62.14, 62.14) 54 4 204(23.05, 37.26) 25 55 26 0(0.00, 0.00)
route 11, node_num 8, cost 76.928508, nodes: 0(62.14, 62.14) 70 125(31.00, 62.14) 79 50 69 27 0(16.36, 16.36)
route 12, node_num 11, cost 108.460081, nodes: 0(62.14, 62.14) 74 202(31.89, 46.27) 39 67 23 160(7.52, 39.46) 75 22 41 0(0.00, 0.00)
route 13, node_num 10, cost 65.585994, nodes: 0(62.14, 62.14) 89 6 58 13 95 97 87 116(11.59, 15.03) 0(0.00, 0.00)
route 14, node_num 11, cost 98.616510, nodes: 0(62.14, 62.14) 93 61 16 91 15 178(1.68, 41.33) 42 57 2 0(3.18, 3.18)
route 15, node_num 10, cost 59.824681, nodes: 0(62.14, 62.14) 96 98 100 85 59 92 99 94 0(2.32, 2.32)
route 16, node_num 10, cost 123.690895, nodes: 0(62.14, 62.14) 157(31.78, 53.20) 43 38 86 175(7.61, 62.14) 14 44 37 0(14.40, 14.40)
vehicle (route) number: 17
Total cost: 18439.81
18439.81, 667.76
19492.54, 644.68
19484.81, 639.59
19463.47, 632.85
19479.34, 476.35
19505.74, 346.54
19467.42, 324.93
20487.68, 260.53
19448.32, 524.04
19464.22, 300.99
