Details of the solution:
route 0, node_num 8, cost 82.063803, nodes: 0(66.28, 66.28) 1 20 32 90 169(11.07, 62.49) 88 0(35.63, 35.63)
route 1, node_num 14, cost 70.069251, nodes: 0(66.28, 66.28) 6 96 61 16 133(31.94, 60.31) 91 85 93 99 92 97 95 0(24.58, 24.58)
route 2, node_num 10, cost 102.909855, nodes: 0(66.28, 66.28) 18 8 7 172(10.79, 47.42) 36 47 48 82 0(-0.00, -0.00)
route 3, node_num 11, cost 91.591676, nodes: 0(66.28, 66.28) 26 204(35.86, 61.18) 25 55 54 4 72 74 73 0(0.00, 0.00)
route 4, node_num 8, cost 56.722246, nodes: 0(66.28, 66.28) 28 68 79 3 77 76 0(9.56, 9.56)
route 5, node_num 12, cost 116.252387, nodes: 0(66.28, 66.28) 31 190(41.54, 66.28) 10 63 11 64 49 19 150(2.27, 27.50) 62 0(0.00, 0.00)
route 6, node_num 14, cost 101.476880, nodes: 0(66.28, 66.28) 50 188(39.31, 48.18) 51 33 81 78 34 29 24 102(-0.00, 26.32) 80 12 0(-0.00, -0.00)
route 7, node_num 5, cost 34.364148, nodes: 0(66.28, 66.28) 52 69 27 0(31.92, 31.92)
route 8, node_num 13, cost 104.331289, nodes: 0(66.28, 66.28) 53 40 21 56 39 67 23 160(1.41, 39.46) 75 22 41 0(0.00, 0.00)
route 9, node_num 11, cost 81.549265, nodes: 0(66.28, 66.28) 58 179(50.90, 66.28) 2 15 43 42 57 87 13 0(0.11, 0.11)
route 10, node_num 11, cost 95.218398, nodes: 0(66.28, 66.28) 89 5 17 84 45 132(19.10, 66.28) 46 83 60 0(18.24, 18.24)
route 11, node_num 13, cost 99.546542, nodes: 0(66.28, 66.28) 94 177(51.41, 66.28) 59 98 100 14 38 86 44 175(8.82, 27.21) 37 0(0.00, 0.00)
route 12, node_num 11, cost 127.878004, nodes: 0(66.28, 66.28) 104(41.22, 66.28) 9 35 65 66 126(11.35, 47.88) 71 30 70 0(0.00, 0.00)
vehicle (route) number: 13
Total cost: 14163.97
15210.70, 619.47
15199.99, 638.08
16249.79, 638.03
15212.92, 652.83
15208.18, 640.61
15246.67, 657.61
14163.97, 684.48
14166.34, 630.04
15197.13, 641.74
15275.36, 647.62
