Details of the solution:
route 0, node_num 10, cost 92.684296, nodes: 0(65.17, 65.17) 1 70 20 66 125(4.77, 32.28) 50 69 27 0(-0.00, -0.00)
route 1, node_num 10, cost 87.385034, nodes: 0(65.17, 65.17) 3 79 78 34 29 24 102(3.97, 26.18) 12 0(0.00, 0.00)
route 2, node_num 11, cost 86.905544, nodes: 0(65.17, 65.17) 21 56 23 160(22.15, 54.25) 75 41 72 73 53 0(0.00, 0.00)
route 3, node_num 11, cost 114.077342, nodes: 0(65.17, 65.17) 31 62 150(36.49, 62.97) 49 64 11 19 192(4.03, 26.45) 88 0(0.00, 0.00)
route 4, node_num 12, cost 119.941764, nodes: 0(65.17, 65.17) 33 81 147(26.40, 63.88) 65 35 71 168(29.13, 46.42) 9 51 30 0(0.00, 0.00)
route 5, node_num 7, cost 58.076351, nodes: 0(65.17, 65.17) 40 74 22 2 58 0(7.09, 7.09)
route 6, node_num 9, cost 86.854410, nodes: 0(65.17, 65.17) 52 7 63 90 32 10 127(3.05, 24.74) 0(0.00, 0.00)
route 7, node_num 8, cost 57.747408, nodes: 0(65.17, 65.17) 54 80 68 77 76 28 0(7.42, 7.42)
route 8, node_num 12, cost 88.934313, nodes: 0(65.17, 65.17) 61 196(35.20, 65.17) 91 100 98 59 99 6 18 83 0(6.20, 6.20)
route 9, node_num 11, cost 97.691502, nodes: 0(65.17, 65.17) 89 60 84 17 16 175(19.14, 51.66) 44 86 5 0(-0.00, -0.00)
route 10, node_num 10, cost 51.759478, nodes: 0(65.17, 65.17) 96 93 85 37 92 97 95 94 0(13.41, 13.41)
route 11, node_num 12, cost 110.967443, nodes: 0(65.17, 65.17) 135(50.30, 65.17) 14 38 43 136(14.14, 45.07) 15 57 42 87 13 0(0.00, 0.00)
route 12, node_num 9, cost 98.161889, nodes: 0(65.17, 65.17) 140(31.75, 65.17) 39 67 25 55 4 26 0(0.43, 0.43)
route 13, node_num 11, cost 97.901338, nodes: 0(65.17, 65.17) 194(47.14, 65.17) 8 45 132(49.11, 63.81) 46 36 47 48 82 0(0.00, 0.00)
vehicle (route) number: 14
Total cost: 15249.09
15274.30, 409.56
16307.71, 634.87
16266.47, 500.86
16293.55, 507.11
16254.60, 632.10
16270.93, 658.81
15269.27, 408.89
15249.09, 563.07
15272.30, 660.37
16303.97, 662.78
