Details of the solution:
route 0, node_num 12, cost 92.660009, nodes: 0(67.12, 67.12) 1 33 81 78 34 29 24 102(0.78, 26.32) 80 12 0(0.00, 0.00)
route 1, node_num 9, cost 46.250177, nodes: 0(67.12, 67.12) 6 99 93 92 97 95 94 0(20.87, 20.87)
route 2, node_num 10, cost 103.909246, nodes: 0(67.12, 67.12) 8 46 36 49 172(3.42, 40.21) 47 48 82 0(-0.00, -0.00)
route 3, node_num 13, cost 79.025153, nodes: 0(67.12, 67.12) 40 21 74 22 75 160(32.28, 44.18) 23 56 72 73 53 0(-0.00, -0.00)
route 4, node_num 8, cost 53.336059, nodes: 0(67.12, 67.12) 50 79 3 77 76 28 0(13.78, 13.78)
route 5, node_num 10, cost 100.466121, nodes: 0(67.12, 67.12) 52 7 192(37.66, 44.56) 19 64 11 150(-0.00, 26.45) 88 0(0.00, 0.00)
route 6, node_num 8, cost 72.452405, nodes: 0(67.12, 67.12) 58 41 15 57 2 137(9.70, 15.03) 0(0.00, 0.00)
route 7, node_num 12, cost 97.053303, nodes: 0(67.12, 67.12) 62 63 90 128(20.75, 50.68) 32 30 10 31 69 27 0(-0.00, -0.00)
route 8, node_num 12, cost 117.264075, nodes: 0(67.12, 67.12) 68 54 55 204(24.97, 44.70) 4 39 67 25 141(0.00, 30.42) 26 0(0.00, 0.00)
route 9, node_num 12, cost 121.995219, nodes: 0(67.12, 67.12) 70 167(35.98, 65.79) 20 66 65 71 35 9 51 125(-0.00, 25.06) 0(0.00, 0.00)
route 10, node_num 11, cost 72.562215, nodes: 0(67.12, 67.12) 89 60 5 84 17 45 83 173(12.61, 18.05) 18 0(-0.00, -0.00)
route 11, node_num 13, cost 100.877710, nodes: 0(67.12, 67.12) 96 37 91 196(38.06, 56.95) 16 44 38 86 61 85 198(0.00, 14.87) 0(0.00, 0.00)
route 12, node_num 11, cost 78.697262, nodes: 0(67.12, 67.12) 177(52.25, 67.12) 59 98 100 14 43 42 87 13 0(3.29, 3.29)
vehicle (route) number: 13
Total cost: 14136.55
14142.66, 654.60
15172.34, 658.47
14183.06, 544.83
15203.69, 360.80
15185.70, 630.86
15185.24, 671.30
14155.05, 656.37
14136.55, 631.13
14195.00, 206.75
14168.56, 665.19
