Details of the solution:
route 0, node_num 11, cost 108.100178, nodes: 0(65.48, 65.48) 1 188(40.25, 44.09) 20 66 65 71 147(0.00, 38.78) 51 50 0(-0.00, -0.00)
route 1, node_num 14, cost 95.916358, nodes: 0(65.48, 65.48) 3 79 78 34 35 168(12.66, 43.10) 9 81 33 77 76 28 0(-0.00, -0.00)
route 2, node_num 13, cost 84.557413, nodes: 0(65.48, 65.48) 6 96 93 196(39.40, 58.48) 91 100 14 43 42 87 13 0(-0.00, -0.00)
route 3, node_num 12, cost 98.050911, nodes: 0(65.48, 65.48) 21 74 75 56 23 67 39 161(1.24, 33.81) 4 26 0(-0.00, -0.00)
route 4, node_num 12, cost 80.815536, nodes: 0(65.48, 65.48) 40 2 57 15 180(20.75, 36.09) 41 22 72 73 53 0(0.00, 0.00)
route 5, node_num 7, cost 58.292192, nodes: 0(65.48, 65.48) 52 7 48 82 18 0(7.19, 7.19)
route 6, node_num 11, cost 90.110471, nodes: 0(65.48, 65.48) 54 162(33.24, 57.87) 25 55 24 29 68 80 12 0(0.00, 0.00)
route 7, node_num 12, cost 118.447358, nodes: 0(65.48, 65.48) 62 150(37.98, 65.48) 11 64 49 36 47 19 192(0.97, 26.45) 88 0(0.00, 0.00)
route 8, node_num 12, cost 83.606441, nodes: 0(65.48, 65.48) 70 30 32 90 63 10 190(9.24, 27.37) 31 69 27 0(-0.00, -0.00)
route 9, node_num 13, cost 99.314565, nodes: 0(65.48, 65.48) 85 175(39.63, 65.48) 44 38 86 16 61 5 99 177(6.89, 14.87) 94 0(0.00, 0.00)
route 10, node_num 11, cost 87.549763, nodes: 0(65.48, 65.48) 89 60 84 17 45 132(25.16, 47.23) 46 8 83 0(0.00, 0.00)
route 11, node_num 9, cost 51.014969, nodes: 0(65.48, 65.48) 95 59 98 37 92 97 58 0(14.47, 14.47)
vehicle (route) number: 12
Total cost: 13055.78
14094.07, 684.84
13072.32, 642.37
13055.78, 706.20
13064.82, 640.50
13087.12, 672.25
14126.54, 658.42
14114.87, 678.84
14098.19, 639.92
13115.60, 669.66
14152.50, 684.70
