Details of the solution:
route 0, node_num 12, cost 129.036098, nodes: 0(79.69, 79.69) 62 162(41.05, 79.69) 32 33 26 28 30 120(28.83, 39.53) 50 67 0(0.00, 0.00)
route 1, node_num 6, cost 65.185494, nodes: 0(79.69, 79.69) 64 84 56 92 0(14.50, 14.50)
route 2, node_num 7, cost 53.496723, nodes: 0(79.69, 79.69) 65 52 99 82 90 0(26.19, 26.19)
route 3, node_num 10, cost 83.777783, nodes: 0(79.69, 79.69) 66 179(60.33, 71.54) 24 22 19 49 20 83 0(0.00, 0.00)
route 4, node_num 10, cost 95.719744, nodes: 0(79.69, 79.69) 69 98 78 73 174(35.70, 79.69) 17 47 53 0(27.96, 27.96)
route 5, node_num 4, cost 53.091776, nodes: 0(79.69, 79.69) 70 88 0(26.60, 26.60)
route 6, node_num 5, cost 43.125550, nodes: 0(79.69, 79.69) 80 91 68 0(36.56, 36.56)
route 7, node_num 10, cost 96.726099, nodes: 0(79.69, 79.69) 93 71 72 41 167(27.22, 50.43) 54 96 81 0(6.17, 6.17)
route 8, node_num 9, cost 118.602832, nodes: 0(79.69, 79.69) 95 141(40.39, 79.31) 31 29 27 34 94 0(0.00, 0.00)
route 9, node_num 11, cost 99.984150, nodes: 0(79.69, 79.69) 100 4 45 8 5 3 1 127(15.37, 35.66) 61 0(0.00, 0.00)
route 10, node_num 10, cost 96.003560, nodes: 0(79.69, 79.69) 194(56.28, 79.69) 60 79 7 6 46 2 55 0(7.10, 7.10)
route 11, node_num 13, cost 119.832644, nodes: 0(79.69, 79.69) 125(47.04, 65.22) 42 44 36 37 38 39 43 40 35 188(10.69, 32.65) 0(0.00, 0.00)
route 12, node_num 9, cost 126.281161, nodes: 0(79.69, 79.69) 139(41.61, 75.33) 76 85 63 89 118(25.67, 38.54) 51 0(0.00, 0.00)
route 13, node_num 12, cost 135.842208, nodes: 0(79.69, 79.69) 158(60.66, 79.69) 57 58 77 23 25 21 48 18 180(2.69, 39.81) 0(0.00, 0.00)
route 14, node_num 10, cost 122.290982, nodes: 0(79.69, 79.69) 196(46.67, 79.69) 87 59 97 75 74 86 114(9.52, 19.10) 0(0.00, 0.00)
route 15, node_num 12, cost 110.396620, nodes: 0(79.69, 79.69) 198(60.59, 79.69) 10 14 11 12 15 16 13 9 135(7.50, 19.10) 0(0.00, 0.00)
vehicle (route) number: 16
Total cost: 17549.39
18623.96, 654.43
18662.01, 251.16
17612.56, 673.79
17613.72, 569.51
17549.39, 645.61
17585.78, 577.89
18617.76, 325.80
18598.58, 664.86
17579.14, 637.74
17608.51, 590.05
