Details of the solution:
route 0, node_num 12, cost 101.094919, nodes: 0(79.69, 79.69) 55 100 2 6 7 79 73 60 194(2.48, 23.89) 88 0(0.00, 0.00)
route 1, node_num 13, cost 117.006275, nodes: 0(79.69, 79.69) 65 57 136(40.53, 58.82) 77 25 23 21 48 18 20 158(0.00, 19.03) 0(0.00, 0.00)
route 2, node_num 15, cost 96.889285, nodes: 0(79.69, 79.69) 61 188(46.67, 63.87) 42 44 43 40 36 35 37 38 39 41 81 0(-0.00, -0.00)
route 3, node_num 13, cost 108.855525, nodes: 0(79.69, 79.69) 52 154(42.65, 79.69) 9 13 15 16 17 47 14 78 98 0(7.88, 7.88)
route 4, node_num 10, cost 85.978244, nodes: 0(79.69, 79.69) 66 64 22 49 19 24 83 200(12.74, 19.03) 0(0.00, 0.00)
route 5, node_num 12, cost 96.038481, nodes: 0(79.69, 79.69) 68 70 192(43.12, 59.46) 4 46 8 45 5 3 1 0(0.00, 0.00)
route 6, node_num 9, cost 72.675531, nodes: 0(79.69, 79.69) 69 53 12 11 10 82 90 0(7.01, 7.01)
route 7, node_num 13, cost 125.129754, nodes: 0(79.69, 79.69) 198(60.59, 62.94) 99 133(47.34, 79.69) 87 59 97 75 58 74 86 177(8.37, 19.10) 0(0.00, 0.00)
route 8, node_num 8, cost 73.216014, nodes: 0(79.69, 79.69) 80 92 62 50 67 94 0(6.47, 6.47)
route 9, node_num 12, cost 109.767415, nodes: 0(79.69, 79.69) 91 95 84 85 63 89 76 118(8.76, 38.84) 51 56 0(0.00, 0.00)
route 10, node_num 7, cost 67.251218, nodes: 0(79.69, 79.69) 93 71 72 54 96 0(12.44, 12.44)
route 11, node_num 13, cost 129.766860, nodes: 0(79.69, 79.69) 120(41.22, 79.69) 34 31 29 27 26 28 30 32 33 204(26.86, 38.47) 0(0.00, 0.00)
vehicle (route) number: 12
Total cost: 13183.67
13183.67, 644.75
13193.76, 631.79
13227.81, 643.80
14280.07, 652.37
13187.81, 640.89
13234.08, 635.92
13252.17, 634.04
13230.39, 645.28
13223.01, 641.02
13262.61, 653.36
