Details of the solution:
route 0, node_num 15, cost 105.504229, nodes: 0(79.69, 79.69) 55 100 2 4 6 7 8 46 45 5 3 1 169(5.23, 31.05) 0(0.00, 0.00)
route 1, node_num 12, cost 129.984340, nodes: 0(79.69, 79.69) 62 162(41.05, 79.69) 32 30 27 26 28 33 204(27.29, 38.95) 50 0(0.00, 0.00)
route 2, node_num 11, cost 117.269573, nodes: 0(79.69, 79.69) 65 57 136(40.53, 78.11) 77 25 23 21 20 56 0(0.00, 0.00)
route 3, node_num 12, cost 97.730614, nodes: 0(79.69, 79.69) 66 64 22 49 19 18 48 24 83 179(0.99, 19.03) 0(0.00, 0.00)
route 4, node_num 10, cost 89.507356, nodes: 0(79.69, 79.69) 69 53 78 73 79 60 194(14.07, 23.89) 88 0(0.00, 0.00)
route 5, node_num 7, cost 67.010787, nodes: 0(79.69, 79.69) 70 68 81 54 96 0(12.68, 12.68)
route 6, node_num 10, cost 85.311987, nodes: 0(79.69, 79.69) 198(60.59, 79.69) 10 11 47 14 12 82 90 0(13.48, 13.48)
route 7, node_num 13, cost 114.739230, nodes: 0(79.69, 79.69) 80 91 95 84 85 63 89 76 118(7.80, 42.85) 51 92 0(0.00, 0.00)
route 8, node_num 11, cost 130.208643, nodes: 0(79.69, 79.69) 93 71 72 102(27.00, 77.51) 29 31 34 67 94 0(-0.00, -0.00)
route 9, node_num 12, cost 110.905104, nodes: 0(79.69, 79.69) 99 52 87 175(32.68, 63.90) 9 13 15 16 17 98 0(0.00, 0.00)
route 10, node_num 15, cost 112.819247, nodes: 0(79.69, 79.69) 146(47.04, 47.96) 42 44 43 41 38 37 35 36 40 39 188(0.81, 33.02) 61 0(0.00, 0.00)
route 11, node_num 10, cost 129.938732, nodes: 0(79.69, 79.69) 157(40.79, 79.69) 58 75 97 59 74 86 177(7.75, 19.10) 0(0.00, 0.00)
vehicle (route) number: 12
Total cost: 13290.93
15357.97, 471.39
13290.93, 634.17
14316.90, 657.35
14335.39, 668.58
14318.17, 684.13
14342.13, 631.38
14316.83, 631.55
14390.44, 530.50
15344.88, 654.13
14309.17, 634.60
