Details of the solution:
route 0, node_num 7, cost 2064.118000, nodes: 0(120000.00, 120000.00) 853 731 504 624 1108(26844.00, 54281.00) 0(0.00, 0.00)
route 1, node_num 7, cost 1754.844000, nodes: 0(120000.00, 120000.00) 6 261 343 739 1181(17766.00, 23112.00) 0(0.00, 0.00)
route 2, node_num 5, cost 970.662000, nodes: 0(120000.00, 120000.00) 8 300 576 0(50667.00, 50667.00)
route 3, node_num 5, cost 1571.990000, nodes: 0(120000.00, 120000.00) 14 113 179 0(7715.00, 7715.00)
route 4, node_num 4, cost 856.226000, nodes: 0(120000.00, 120000.00) 17 237 0(58841.00, 58841.00)
route 5, node_num 7, cost 847.392000, nodes: 0(120000.00, 120000.00) 18 55 668 670 515 0(59472.00, 59472.00)
route 6, node_num 6, cost 1481.480000, nodes: 0(120000.00, 120000.00) 20 608 685 705 0(14180.00, 14180.00)
route 7, node_num 8, cost 572.124000, nodes: 0(120000.00, 120000.00) 23 615 767 978 311 725 0(79134.00, 79134.00)
route 8, node_num 5, cost 1558.410000, nodes: 0(120000.00, 120000.00) 27 802 800 0(8685.00, 8685.00)
route 9, node_num 7, cost 781.844000, nodes: 0(120000.00, 120000.00) 31 585 479 974 398 0(64154.00, 64154.00)
route 10, node_num 7, cost 907.130000, nodes: 0(120000.00, 120000.00) 35 459 309 74 408 0(55205.00, 55205.00)
route 11, node_num 6, cost 1636.306000, nodes: 0(120000.00, 120000.00) 36 132 370 41 0(3121.00, 3121.00)
route 12, node_num 5, cost 1278.760000, nodes: 0(120000.00, 120000.00) 38 402 221 0(28660.00, 28660.00)
route 13, node_num 7, cost 1529.626000, nodes: 0(120000.00, 120000.00) 52 314 437 952 1070(48010.00, 48010.00) 0(10741.00, 10741.00)
route 14, node_num 5, cost 1107.372000, nodes: 0(120000.00, 120000.00) 58 552 976 0(40902.00, 40902.00)
route 15, node_num 6, cost 1482.516000, nodes: 0(120000.00, 120000.00) 62 339 776 109 0(14106.00, 14106.00)
route 16, node_num 6, cost 1836.240000, nodes: 0(120000.00, 120000.00) 578 407 890 1020(33450.00, 44610.00) 0(0.00, 0.00)
route 17, node_num 8, cost 856.954000, nodes: 0(120000.00, 120000.00) 65 95 385 403 119 32 0(58789.00, 58789.00)
route 18, node_num 6, cost 1717.086000, nodes: 0(120000.00, 120000.00) 70 1087(63741.00, 66390.00) 923 630 0(0.00, 0.00)
route 19, node_num 7, cost 1500.576000, nodes: 0(120000.00, 120000.00) 78 917 957 698 1132(46783.00, 46783.00) 0(12816.00, 12816.00)
route 20, node_num 5, cost 1425.942000, nodes: 0(120000.00, 120000.00) 83 809 75 0(18147.00, 18147.00)
route 21, node_num 5, cost 1561.938000, nodes: 0(120000.00, 120000.00) 86 873 369 0(8433.00, 8433.00)
route 22, node_num 7, cost 948.514000, nodes: 0(120000.00, 120000.00) 88 367 562 846 641 0(52249.00, 52249.00)
route 23, node_num 3, cost 196.364000, nodes: 0(120000.00, 120000.00) 89 0(105974.00, 105974.00)
route 24, node_num 7, cost 745.514000, nodes: 0(120000.00, 120000.00) 97 613 180 852 161 0(66749.00, 66749.00)
route 25, node_num 6, cost 1168.552000, nodes: 0(120000.00, 120000.00) 102 355 175 769 0(36532.00, 36532.00)
route 26, node_num 6, cost 1509.662000, nodes: 0(120000.00, 120000.00) 104 76 966 780 0(12167.00, 12167.00)
route 27, node_num 4, cost 363.146000, nodes: 0(120000.00, 120000.00) 886 465 0(94061.00, 94061.00)
route 28, node_num 7, cost 1925.378000, nodes: 0(120000.00, 120000.00) 1143(90980.00, 108507.00) 404 525 128 346 0(0.00, 0.00)
route 29, node_num 7, cost 1595.720000, nodes: 0(120000.00, 120000.00) 537 865 936 681 1148(30717.00, 30717.00) 0(6020.00, 6020.00)
route 30, node_num 5, cost 1356.208000, nodes: 0(120000.00, 120000.00) 122 19 145 0(23128.00, 23128.00)
route 31, node_num 5, cost 1175.132000, nodes: 0(120000.00, 120000.00) 123 366 295 0(36062.00, 36062.00)
route 32, node_num 6, cost 553.056000, nodes: 0(120000.00, 120000.00) 124 713 591 593 0(80496.00, 80496.00)
route 33, node_num 4, cost 1275.106000, nodes: 0(120000.00, 120000.00) 133 655 0(28921.00, 28921.00)
route 34, node_num 5, cost 1044.316000, nodes: 0(120000.00, 120000.00) 138 166 598 0(45406.00, 45406.00)
route 35, node_num 8, cost 1903.832000, nodes: 0(120000.00, 120000.00) 140 689 3 918 933 1154(26970.00, 42958.00) 0(0.00, 0.00)
route 36, node_num 4, cost 1331.190000, nodes: 0(120000.00, 120000.00) 143 807 0(24915.00, 24915.00)
route 37, node_num 3, cost 395.654000, nodes: 0(120000.00, 120000.00) 144 0(91739.00, 91739.00)
route 38, node_num 6, cost 1166.410000, nodes: 0(120000.00, 120000.00) 149 412 925 306 0(36685.00, 36685.00)
route 39, node_num 7, cost 2172.002000, nodes: 0(120000.00, 120000.00) 791 373 160 583 1054(7815.00, 42958.00) 0(0.00, 0.00)
route 40, node_num 6, cost 836.136000, nodes: 0(120000.00, 120000.00) 158 690 242 495 0(60276.00, 60276.00)
route 41, node_num 5, cost 1510.922000, nodes: 0(120000.00, 120000.00) 168 998 126 0(12077.00, 12077.00)
route 42, node_num 6, cost 1197.364000, nodes: 0(120000.00, 120000.00) 181 963 736 597 0(34474.00, 34474.00)
route 43, node_num 7, cost 1245.370000, nodes: 0(120000.00, 120000.00) 185 662 619 601 171 0(31045.00, 31045.00)
route 44, node_num 6, cost 1000.776000, nodes: 0(120000.00, 120000.00) 567 417 323 384 0(48516.00, 48516.00)
route 45, node_num 8, cost 1740.718000, nodes: 0(120000.00, 120000.00) 189 633 82 90 990 1077(38139.00, 42476.00) 0(0.00, 0.00)
route 46, node_num 4, cost 1140.202000, nodes: 0(120000.00, 120000.00) 190 127 0(38557.00, 38557.00)
route 47, node_num 6, cost 1398.026000, nodes: 0(120000.00, 120000.00) 192 356 108 703 0(20141.00, 20141.00)
route 48, node_num 6, cost 1413.874000, nodes: 0(120000.00, 120000.00) 193 648 722 982 0(19009.00, 19009.00)
route 49, node_num 8, cost 1151.864000, nodes: 0(120000.00, 120000.00) 199 360 147 120 836 257 0(37724.00, 37724.00)
route 50, node_num 6, cost 438.956000, nodes: 0(120000.00, 120000.00) 993 279 359 636 0(88646.00, 88646.00)
route 51, node_num 7, cost 849.772000, nodes: 0(120000.00, 120000.00) 219 468 589 566 692 0(59302.00, 59302.00)
route 52, node_num 7, cost 1685.446000, nodes: 0(120000.00, 120000.00) 1144(106638.00, 120000.00) 223 588 521 245 0(12973.00, 12973.00)
route 53, node_num 6, cost 1378.258000, nodes: 0(120000.00, 120000.00) 225 169 387 34 0(21553.00, 21553.00)
route 54, node_num 7, cost 1181.754000, nodes: 0(120000.00, 120000.00) 227 649 310 67 198 0(35589.00, 35589.00)
route 55, node_num 7, cost 1239.700000, nodes: 0(120000.00, 120000.00) 228 729 146 313 433 0(31450.00, 31450.00)
route 56, node_num 6, cost 1833.846000, nodes: 0(120000.00, 120000.00) 230 53 12 1063(11290.00, 22279.00) 0(0.00, 0.00)
route 57, node_num 6, cost 1829.478000, nodes: 0(120000.00, 120000.00) 246 623 1055(48977.00, 59654.00) 141 0(0.00, 0.00)
route 58, node_num 8, cost 1609.916000, nodes: 0(120000.00, 120000.00) 256 129 835 292 714 1175(42823.00, 42823.00) 0(5006.00, 5006.00)
route 59, node_num 6, cost 1675.492000, nodes: 0(120000.00, 120000.00) 259 654 213 1006(36560.00, 36560.00) 0(322.00, 322.00)
route 60, node_num 7, cost 808.360000, nodes: 0(120000.00, 120000.00) 260 792 606 47 81 0(62260.00, 62260.00)
route 61, node_num 6, cost 494.494000, nodes: 0(120000.00, 120000.00) 262 573 570 795 0(84679.00, 84679.00)
route 62, node_num 5, cost 1204.462000, nodes: 0(120000.00, 120000.00) 265 550 782 0(33967.00, 33967.00)
route 63, node_num 6, cost 1336.594000, nodes: 0(120000.00, 120000.00) 269 409 677 647 0(24529.00, 24529.00)
route 64, node_num 7, cost 1846.558000, nodes: 0(120000.00, 120000.00) 405 421 46 785 1163(10382.00, 22279.00) 0(0.00, 0.00)
route 65, node_num 6, cost 456.148000, nodes: 0(120000.00, 120000.00) 294 851 718 472 0(87418.00, 87418.00)
route 66, node_num 7, cost 1722.168000, nodes: 0(120000.00, 120000.00) 305 77 331 539 1051(11043.00, 14055.00) 0(0.00, 0.00)
route 67, node_num 5, cost 1394.946000, nodes: 0(120000.00, 120000.00) 312 931 899 0(20361.00, 20361.00)
route 68, node_num 5, cost 1110.074000, nodes: 0(120000.00, 120000.00) 904 874 948 0(40709.00, 40709.00)
route 69, node_num 5, cost 786.870000, nodes: 0(120000.00, 120000.00) 439 926 803 0(63795.00, 63795.00)
route 70, node_num 8, cost 1888.026000, nodes: 0(120000.00, 120000.00) 321 555 115 881 248 1061(28159.00, 43018.00) 0(0.00, 0.00)
route 71, node_num 6, cost 1629.642000, nodes: 0(120000.00, 120000.00) 322 1 380 45 0(3597.00, 3597.00)
route 72, node_num 6, cost 1784.076000, nodes: 0(120000.00, 120000.00) 330 755 1035(41923.00, 49357.00) 587 0(0.00, 0.00)
route 73, node_num 7, cost 1417.528000, nodes: 0(120000.00, 120000.00) 332 896 863 211 830 0(18748.00, 18748.00)
route 74, node_num 6, cost 1010.002000, nodes: 0(120000.00, 120000.00) 333 516 828 646 0(47857.00, 47857.00)
route 75, node_num 7, cost 1656.578000, nodes: 0(120000.00, 120000.00) 335 502 440 840 1098(42917.00, 42917.00) 0(1673.00, 1673.00)
route 76, node_num 6, cost 1576.316000, nodes: 0(120000.00, 120000.00) 338 349 250 401 0(7406.00, 7406.00)
route 77, node_num 6, cost 1061.116000, nodes: 0(120000.00, 120000.00) 350 879 544 10 0(44206.00, 44206.00)
route 78, node_num 6, cost 1311.380000, nodes: 0(120000.00, 120000.00) 362 25 741 804 0(26330.00, 26330.00)
route 79, node_num 7, cost 906.066000, nodes: 0(120000.00, 120000.00) 363 988 719 629 546 0(55281.00, 55281.00)
route 80, node_num 7, cost 1767.500000, nodes: 0(120000.00, 120000.00) 372 1127(85363.00, 91613.00) 481 304 686 0(0.00, 0.00)
route 81, node_num 8, cost 1649.228000, nodes: 0(120000.00, 120000.00) 328 151 514 861 410 1080(37126.00, 37126.00) 0(2198.00, 2198.00)
route 82, node_num 9, cost 1927.226000, nodes: 0(120000.00, 120000.00) 374 557 1106(71397.00, 71397.00) 816 111 11 1003(4540.00, 22199.00) 0(0.00, 0.00)
route 83, node_num 7, cost 1696.842000, nodes: 0(120000.00, 120000.00) 386 188 897 214 1131(31462.00, 32665.00) 0(0.00, 0.00)
route 84, node_num 8, cost 2045.540000, nodes: 0(120000.00, 120000.00) 395 66 575 1040(26512.00, 26512.00) 342 1031(6555.00, 32665.00) 0(0.00, 0.00)
route 85, node_num 5, cost 1223.614000, nodes: 0(120000.00, 120000.00) 397 640 154 0(32599.00, 32599.00)
route 86, node_num 3, cost 345.996000, nodes: 0(120000.00, 120000.00) 972 0(95286.00, 95286.00)
route 87, node_num 6, cost 1592.976000, nodes: 0(120000.00, 120000.00) 413 565 652 1049(32032.00, 32032.00) 0(6216.00, 6216.00)
route 88, node_num 6, cost 1282.484000, nodes: 0(120000.00, 120000.00) 530 704 324 708 0(28394.00, 28394.00)
route 89, node_num 7, cost 1888.922000, nodes: 0(120000.00, 120000.00) 420 826 538 602 1117(6806.00, 21729.00) 0(0.00, 0.00)
route 90, node_num 8, cost 1986.502000, nodes: 0(120000.00, 120000.00) 427 352 1150(40121.00, 40121.00) 33 823 1180(13035.00, 34928.00) 0(0.00, 0.00)
route 91, node_num 4, cost 996.702000, nodes: 0(120000.00, 120000.00) 428 266 0(48807.00, 48807.00)
route 92, node_num 6, cost 1465.086000, nodes: 0(120000.00, 120000.00) 429 494 1155(65484.00, 109484.00) 28 0(59351.00, 59351.00)
route 93, node_num 7, cost 594.160000, nodes: 0(120000.00, 120000.00) 889 92 985 522 929 0(77560.00, 77560.00)
route 94, node_num 6, cost 1449.672000, nodes: 0(120000.00, 120000.00) 436 883 902 329 0(16452.00, 16452.00)
route 95, node_num 6, cost 391.468000, nodes: 0(120000.00, 120000.00) 777 442 507 337 0(92038.00, 92038.00)
route 96, node_num 5, cost 948.780000, nodes: 0(120000.00, 120000.00) 445 79 745 0(52230.00, 52230.00)
route 97, node_num 8, cost 1767.388000, nodes: 0(120000.00, 120000.00) 449 282 771 69 493 1032(27725.00, 33967.00) 0(0.00, 0.00)
route 98, node_num 7, cost 1834.546000, nodes: 0(120000.00, 120000.00) 1057(94699.00, 105738.00) 480 859 201 900 0(0.00, 0.00)
route 99, node_num 5, cost 1001.028000, nodes: 0(120000.00, 120000.00) 454 536 299 0(48498.00, 48498.00)
route 100, node_num 5, cost 428.008000, nodes: 0(120000.00, 120000.00) 461 808 751 0(89428.00, 89428.00)
route 101, node_num 5, cost 1245.552000, nodes: 0(120000.00, 120000.00) 478 594 101 0(31032.00, 31032.00)
route 102, node_num 6, cost 1385.958000, nodes: 0(120000.00, 120000.00) 469 285 490 541 0(21003.00, 21003.00)
route 103, node_num 7, cost 1258.838000, nodes: 0(120000.00, 120000.00) 471 418 659 994 110 0(30083.00, 30083.00)
route 104, node_num 8, cost 529.214000, nodes: 0(120000.00, 120000.00) 473 460 291 489 231 195 0(82199.00, 82199.00)
route 105, node_num 7, cost 1598.926000, nodes: 0(120000.00, 120000.00) 464 579 125 657 1126(43975.00, 43975.00) 0(5791.00, 5791.00)
route 106, node_num 6, cost 1987.076000, nodes: 0(120000.00, 120000.00) 484 638 1139(50304.00, 72238.00) 483 0(0.00, 0.00)
route 107, node_num 7, cost 1806.910000, nodes: 0(120000.00, 120000.00) 485 357 561 1099(53501.00, 62566.00) 463 0(0.00, 0.00)
route 108, node_num 7, cost 1951.334000, nodes: 0(120000.00, 120000.00) 1119(97834.00, 120000.00) 637 455 457 675 0(2785.00, 2785.00)
route 109, node_num 6, cost 892.304000, nodes: 0(120000.00, 120000.00) 499 377 895 91 0(56264.00, 56264.00)
route 110, node_num 6, cost 1602.524000, nodes: 0(120000.00, 120000.00) 315 734 882 762 0(5534.00, 5534.00)
route 111, node_num 5, cost 1592.878000, nodes: 0(120000.00, 120000.00) 510 277 381 0(6223.00, 6223.00)
route 112, node_num 6, cost 1681.694000, nodes: 0(120000.00, 120000.00) 511 1075(65415.00, 109415.00) 446 390 0(43879.00, 43879.00)
route 113, node_num 8, cost 1645.280000, nodes: 0(120000.00, 120000.00) 419 915 750 911 1114(49211.00, 49211.00) 572 0(2480.00, 2480.00)
route 114, node_num 8, cost 1169.238000, nodes: 0(120000.00, 120000.00) 535 368 875 653 753 870 0(36483.00, 36483.00)
route 115, node_num 6, cost 1178.212000, nodes: 0(120000.00, 120000.00) 540 556 383 553 0(35842.00, 35842.00)
route 116, node_num 6, cost 669.564000, nodes: 0(120000.00, 120000.00) 656 888 361 96 0(72174.00, 72174.00)
route 117, node_num 5, cost 930.496000, nodes: 0(120000.00, 120000.00) 551 216 26 0(53536.00, 53536.00)
route 118, node_num 5, cost 545.650000, nodes: 0(120000.00, 120000.00) 558 215 203 0(81025.00, 81025.00)
route 119, node_num 6, cost 2134.804000, nodes: 0(120000.00, 120000.00) 456 592 794 1188(3745.00, 36231.00) 0(0.00, 0.00)
route 120, node_num 6, cost 1871.268000, nodes: 0(120000.00, 120000.00) 1075(77435.00, 91097.00) 186 423 94 0(0.00, 0.00)
route 121, node_num 6, cost 1115.184000, nodes: 0(120000.00, 120000.00) 617 571 224 928 0(40344.00, 40344.00)
route 122, node_num 8, cost 1860.446000, nodes: 0(120000.00, 120000.00) 580 268 1109(76378.00, 76378.00) 453 222 1011(10283.00, 23172.00) 0(0.00, 0.00)
route 123, node_num 3, cost 405.566000, nodes: 0(120000.00, 120000.00) 72 0(91031.00, 91031.00)
route 124, node_num 8, cost 1859.774000, nodes: 0(120000.00, 120000.00) 599 71 621 118 1195(47357.00, 60198.00) 962 0(0.00, 0.00)
route 125, node_num 7, cost 1598.660000, nodes: 0(120000.00, 120000.00) 600 354 783 136 470 0(5810.00, 5810.00)
route 126, node_num 4, cost 1451.590000, nodes: 0(120000.00, 120000.00) 607 523 0(16315.00, 16315.00)
route 127, node_num 5, cost 953.624000, nodes: 0(120000.00, 120000.00) 611 68 934 0(51884.00, 51884.00)
route 128, node_num 6, cost 1446.592000, nodes: 0(120000.00, 120000.00) 612 131 30 1081(39784.00, 39784.00) 0(16672.00, 16672.00)
route 129, node_num 8, cost 1763.930000, nodes: 0(120000.00, 120000.00) 616 909 632 938 949 1048(18702.00, 24697.00) 0(0.00, 0.00)
route 130, node_num 7, cost 416.066000, nodes: 0(120000.00, 120000.00) 364 153 134 393 200 0(90281.00, 90281.00)
route 131, node_num 8, cost 1802.038000, nodes: 0(120000.00, 120000.00) 1156(92144.00, 100861.00) 620 549 56 112 435 0(0.00, 0.00)
route 132, node_num 6, cost 1678.698000, nodes: 0(120000.00, 120000.00) 625 634 29 956 0(93.00, 93.00)
route 133, node_num 6, cost 677.026000, nodes: 0(120000.00, 120000.00) 631 220 609 721 0(71641.00, 71641.00)
route 134, node_num 3, cost 374.360000, nodes: 0(120000.00, 120000.00) 498 0(93260.00, 93260.00)
route 135, node_num 6, cost 1149.540000, nodes: 0(120000.00, 120000.00) 644 2 834 943 0(37890.00, 37890.00)
route 136, node_num 8, cost 1782.508000, nodes: 0(120000.00, 120000.00) 814 1086(81080.00, 88402.00) 650 281 850 232 0(0.00, 0.00)
route 137, node_num 6, cost 1098.552000, nodes: 0(120000.00, 120000.00) 651 759 618 512 0(41532.00, 41532.00)
route 138, node_num 6, cost 1314.712000, nodes: 0(120000.00, 120000.00) 542 253 590 545 0(26092.00, 26092.00)
route 139, node_num 3, cost 267.624000, nodes: 0(120000.00, 120000.00) 912 0(100884.00, 100884.00)
route 140, node_num 5, cost 1549.576000, nodes: 0(120000.00, 120000.00) 660 645 61 0(9316.00, 9316.00)
route 141, node_num 7, cost 1661.576000, nodes: 0(120000.00, 120000.00) 669 287 276 505 1041(53784.00, 53784.00) 0(1316.00, 1316.00)
route 142, node_num 5, cost 1503.894000, nodes: 0(120000.00, 120000.00) 683 156 191 0(12579.00, 12579.00)
route 143, node_num 9, cost 2093.826000, nodes: 0(120000.00, 120000.00) 687 1153(83794.00, 87451.00) 728 737 432 496 1145(0.00, 25902.00) 0(0.00, 0.00)
route 144, node_num 7, cost 1603.462000, nodes: 0(120000.00, 120000.00) 693 887 251 84 254 0(5467.00, 5467.00)
route 145, node_num 6, cost 1879.514000, nodes: 0(120000.00, 120000.00) 699 302 1199(57849.00, 72100.00) 202 0(0.00, 0.00)
route 146, node_num 7, cost 1627.430000, nodes: 0(120000.00, 120000.00) 702 787 43 849 482 0(3755.00, 3755.00)
route 147, node_num 6, cost 416.626000, nodes: 0(120000.00, 120000.00) 707 819 501 48 0(90241.00, 90241.00)
route 148, node_num 9, cost 2107.560000, nodes: 0(120000.00, 120000.00) 709 1053(79839.00, 83928.00) 595 392 406 805 1176(0.00, 26451.00) 0(0.00, 0.00)
route 149, node_num 7, cost 1377.726000, nodes: 0(120000.00, 120000.00) 710 749 348 862 930 0(21591.00, 21591.00)
route 150, node_num 8, cost 1929.592000, nodes: 0(120000.00, 120000.00) 712 399 661 1104(20998.00, 25910.00) 347 1182(0.00, 12916.00) 0(0.00, 0.00)
route 151, node_num 4, cost 1038.450000, nodes: 0(120000.00, 120000.00) 716 688 0(45825.00, 45825.00)
route 152, node_num 8, cost 2061.570000, nodes: 0(120000.00, 120000.00) 717 1164(110501.00, 110501.00) 415 563 325 1036(5996.00, 33251.00) 0(0.00, 0.00)
route 153, node_num 7, cost 779.226000, nodes: 0(120000.00, 120000.00) 723 288 842 674 854 0(64341.00, 64341.00)
route 154, node_num 5, cost 1272.012000, nodes: 0(120000.00, 120000.00) 724 210 15 0(29142.00, 29142.00)
route 155, node_num 5, cost 1626.954000, nodes: 0(120000.00, 120000.00) 726 907 301 0(3789.00, 3789.00)
route 156, node_num 8, cost 1989.218000, nodes: 0(120000.00, 120000.00) 727 1149(88315.00, 110402.00) 672 983 903 856 0(0.00, 0.00)
route 157, node_num 6, cost 1746.878000, nodes: 0(120000.00, 120000.00) 732 967 416 1193(9313.00, 14090.00) 0(0.00, 0.00)
route 158, node_num 6, cost 1610.406000, nodes: 0(120000.00, 120000.00) 1144(106638.00, 106638.00) 733 663 676 0(4971.00, 4971.00)
route 159, node_num 4, cost 1290.842000, nodes: 0(120000.00, 120000.00) 740 159 0(27797.00, 27797.00)
route 160, node_num 6, cost 1324.694000, nodes: 0(120000.00, 120000.00) 742 577 867 344 0(25379.00, 25379.00)
route 161, node_num 3, cost 454.132000, nodes: 0(120000.00, 120000.00) 744 0(87562.00, 87562.00)
route 162, node_num 7, cost 1600.116000, nodes: 0(120000.00, 120000.00) 752 99 758 212 1064(12067.00, 12067.00) 0(5706.00, 5706.00)
route 163, node_num 5, cost 1675.716000, nodes: 0(120000.00, 120000.00) 761 411 280 0(306.00, 306.00)
route 164, node_num 8, cost 1869.714000, nodes: 0(120000.00, 120000.00) 763 148 187 1008(41249.00, 41249.00) 217 1002(10576.00, 24127.00) 0(0.00, 0.00)
route 165, node_num 5, cost 1008.112000, nodes: 0(120000.00, 120000.00) 765 234 694 0(47992.00, 47992.00)
route 166, node_num 4, cost 1240.330000, nodes: 0(120000.00, 120000.00) 768 139 0(31405.00, 31405.00)
route 167, node_num 5, cost 1216.432000, nodes: 0(120000.00, 120000.00) 773 520 891 0(33112.00, 33112.00)
route 168, node_num 5, cost 1177.120000, nodes: 0(120000.00, 120000.00) 775 319 351 0(35920.00, 35920.00)
route 169, node_num 6, cost 1034.502000, nodes: 0(120000.00, 120000.00) 781 843 560 474 0(46107.00, 46107.00)
route 170, node_num 6, cost 1687.588000, nodes: 0(120000.00, 120000.00) 786 172 167 1179(37891.00, 38433.00) 0(0.00, 0.00)
route 171, node_num 7, cost 1707.552000, nodes: 0(120000.00, 120000.00) 788 832 968 517 1056(17910.00, 19878.00) 0(0.00, 0.00)
route 172, node_num 6, cost 1239.000000, nodes: 0(120000.00, 120000.00) 789 901 209 569 0(31500.00, 31500.00)
route 173, node_num 6, cost 478.478000, nodes: 0(120000.00, 120000.00) 150 487 7 532 0(85823.00, 85823.00)
route 174, node_num 5, cost 1563.492000, nodes: 0(120000.00, 120000.00) 105 173 778 0(8322.00, 8322.00)
route 175, node_num 7, cost 1751.274000, nodes: 0(120000.00, 120000.00) 796 671 476 766 1026(33093.00, 38184.00) 0(0.00, 0.00)
route 176, node_num 7, cost 1376.326000, nodes: 0(120000.00, 120000.00) 320 797 779 878 353 0(21691.00, 21691.00)
route 177, node_num 6, cost 1344.098000, nodes: 0(120000.00, 120000.00) 798 284 394 152 0(23993.00, 23993.00)
route 178, node_num 6, cost 1745.422000, nodes: 0(120000.00, 120000.00) 801 954 1095(54191.00, 58864.00) 239 0(0.00, 0.00)
route 179, node_num 7, cost 643.930000, nodes: 0(120000.00, 120000.00) 811 488 298 1000 164 0(74005.00, 74005.00)
route 180, node_num 7, cost 1291.444000, nodes: 0(120000.00, 120000.00) 812 263 827 267 85 0(27754.00, 27754.00)
route 181, node_num 8, cost 659.722000, nodes: 0(120000.00, 120000.00) 824 317 204 980 627 425 0(72877.00, 72877.00)
route 182, node_num 6, cost 1323.826000, nodes: 0(120000.00, 120000.00) 825 757 184 748 0(25441.00, 25441.00)
route 183, node_num 6, cost 909.622000, nodes: 0(120000.00, 120000.00) 829 165 93 815 0(55027.00, 55027.00)
route 184, node_num 5, cost 1058.232000, nodes: 0(120000.00, 120000.00) 831 278 235 0(44412.00, 44412.00)
route 185, node_num 6, cost 1389.612000, nodes: 0(120000.00, 120000.00) 837 218 458 103 0(20742.00, 20742.00)
route 186, node_num 7, cost 1834.672000, nodes: 0(120000.00, 120000.00) 839 643 318 155 1168(41474.00, 52522.00) 0(0.00, 0.00)
route 187, node_num 8, cost 2014.110000, nodes: 0(120000.00, 120000.00) 845 999 977 229 1043(2758.00, 4424.00) 1103(0.00, 22199.00) 0(0.00, 0.00)
route 188, node_num 6, cost 1776.838000, nodes: 0(120000.00, 120000.00) 848 16 466 1191(7507.00, 14424.00) 0(0.00, 0.00)
route 189, node_num 6, cost 1639.120000, nodes: 0(120000.00, 120000.00) 855 864 1007(59677.00, 59677.00) 673 0(2920.00, 2920.00)
route 190, node_num 8, cost 793.226000, nodes: 0(120000.00, 120000.00) 857 283 57 937 243 941 0(63341.00, 63341.00)
route 191, node_num 7, cost 1831.536000, nodes: 0(120000.00, 120000.00) 894 667 810 806 1088(25407.00, 36231.00) 0(0.00, 0.00)
route 192, node_num 9, cost 1754.536000, nodes: 0(120000.00, 120000.00) 860 59 639 1009(73669.00, 73669.00) 754 233 1135(40448.00, 45772.00) 0(0.00, 0.00)
route 193, node_num 7, cost 1373.554000, nodes: 0(120000.00, 120000.00) 866 559 913 5 877 0(21889.00, 21889.00)
route 194, node_num 8, cost 873.880000, nodes: 0(120000.00, 120000.00) 868 533 586 121 100 375 0(57580.00, 57580.00)
route 195, node_num 7, cost 1731.534000, nodes: 0(120000.00, 120000.00) 869 42 774 964 1151(10374.00, 14055.00) 0(0.00, 0.00)
route 196, node_num 5, cost 1095.458000, nodes: 0(120000.00, 120000.00) 871 833 658 0(41753.00, 41753.00)
route 197, node_num 8, cost 1625.960000, nodes: 0(120000.00, 120000.00) 872 400 80 327 581 1170(41129.00, 41129.00) 0(3860.00, 3860.00)
route 198, node_num 7, cost 1784.608000, nodes: 0(120000.00, 120000.00) 876 486 981 475 1107(41076.00, 48548.00) 0(0.00, 0.00)
route 199, node_num 5, cost 820.162000, nodes: 0(120000.00, 120000.00) 793 970 884 0(61417.00, 61417.00)
route 200, node_num 6, cost 1312.864000, nodes: 0(120000.00, 120000.00) 430 174 820 178 0(26224.00, 26224.00)
route 201, node_num 8, cost 1278.186000, nodes: 0(120000.00, 120000.00) 893 303 162 700 170 316 0(28701.00, 28701.00)
route 202, node_num 7, cost 1938.930000, nodes: 0(120000.00, 120000.00) 506 196 307 60 1172(24422.00, 42917.00) 0(0.00, 0.00)
route 203, node_num 6, cost 815.010000, nodes: 0(120000.00, 120000.00) 908 289 543 182 0(61785.00, 61785.00)
route 204, node_num 5, cost 1588.006000, nodes: 0(120000.00, 120000.00) 910 40 63 0(6571.00, 6571.00)
route 205, node_num 4, cost 1482.586000, nodes: 0(120000.00, 120000.00) 919 270 0(14101.00, 14101.00)
route 206, node_num 8, cost 1767.024000, nodes: 0(120000.00, 120000.00) 921 264 519 296 743 1033(6722.00, 12938.00) 0(0.00, 0.00)
route 207, node_num 5, cost 1312.892000, nodes: 0(120000.00, 120000.00) 924 584 244 0(26222.00, 26222.00)
route 208, node_num 8, cost 2143.946000, nodes: 0(120000.00, 120000.00) 927 841 22 898 49 1136(112.00, 33251.00) 0(0.00, 0.00)
route 209, node_num 5, cost 1045.688000, nodes: 0(120000.00, 120000.00) 932 98 24 0(45308.00, 45308.00)
route 210, node_num 7, cost 1977.752000, nodes: 0(120000.00, 120000.00) 935 426 711 308 1045(4634.00, 25902.00) 0(0.00, 0.00)
route 211, node_num 7, cost 1151.794000, nodes: 0(120000.00, 120000.00) 939 274 345 252 431 0(37729.00, 37729.00)
route 212, node_num 7, cost 1833.594000, nodes: 0(120000.00, 120000.00) 942 452 684 817 1010(32226.00, 43197.00) 0(0.00, 0.00)
route 213, node_num 7, cost 1001.910000, nodes: 0(120000.00, 120000.00) 944 226 997 695 610 0(48435.00, 48435.00)
route 214, node_num 7, cost 1560.706000, nodes: 0(120000.00, 120000.00) 945 701 50 526 1161(51539.00, 51539.00) 0(8521.00, 8521.00)
route 215, node_num 6, cost 961.492000, nodes: 0(120000.00, 120000.00) 946 206 635 365 0(51322.00, 51322.00)
route 216, node_num 5, cost 929.992000, nodes: 0(120000.00, 120000.00) 947 341 528 0(53572.00, 53572.00)
route 217, node_num 6, cost 1520.862000, nodes: 0(120000.00, 120000.00) 951 447 176 163 0(11367.00, 11367.00)
route 218, node_num 7, cost 1260.042000, nodes: 0(120000.00, 120000.00) 955 922 491 396 614 0(29997.00, 29997.00)
route 219, node_num 7, cost 1299.508000, nodes: 0(120000.00, 120000.00) 959 297 885 892 958 0(27178.00, 27178.00)
route 220, node_num 6, cost 589.932000, nodes: 0(120000.00, 120000.00) 960 477 388 39 0(77862.00, 77862.00)
route 221, node_num 6, cost 1512.966000, nodes: 0(120000.00, 120000.00) 965 137 13 664 0(11931.00, 11931.00)
route 222, node_num 8, cost 835.562000, nodes: 0(120000.00, 120000.00) 969 914 240 293 953 450 0(60317.00, 60317.00)
route 223, node_num 8, cost 790.272000, nodes: 0(120000.00, 120000.00) 971 443 334 790 51 142 0(63552.00, 63552.00)
route 224, node_num 5, cost 1041.614000, nodes: 0(120000.00, 120000.00) 290 622 691 0(45599.00, 45599.00)
route 225, node_num 6, cost 1296.442000, nodes: 0(120000.00, 120000.00) 975 916 340 603 0(27397.00, 27397.00)
route 226, node_num 8, cost 839.412000, nodes: 0(120000.00, 120000.00) 986 208 838 434 106 813 0(60042.00, 60042.00)
route 227, node_num 8, cost 1884.232000, nodes: 0(120000.00, 120000.00) 989 568 414 54 678 1102(9539.00, 24127.00) 0(0.00, 0.00)
route 228, node_num 6, cost 1054.200000, nodes: 0(120000.00, 120000.00) 205 130 379 784 0(44700.00, 44700.00)
route 229, node_num 8, cost 1652.154000, nodes: 0(120000.00, 120000.00) 1013(103233.00, 103233.00) 596 441 9 747 1014(39605.00, 39605.00) 0(1989.00, 1989.00)
route 230, node_num 6, cost 1207.766000, nodes: 0(120000.00, 120000.00) 114 236 492 508 0(33731.00, 33731.00)
route 231, node_num 7, cost 1468.530000, nodes: 0(120000.00, 120000.00) 1019(97834.00, 97834.00) 518 992 979 770 0(15105.00, 15105.00)
route 232, node_num 10, cost 1787.898000, nodes: 0(120000.00, 120000.00) 1022(85679.00, 89679.00) 995 326 207 548 391 1027(27443.00, 27443.00) 1017(18022.00, 21729.00) 0(0.00, 0.00)
route 233, node_num 7, cost 1882.482000, nodes: 0(120000.00, 120000.00) 1042(87408.00, 101871.00) 582 531 642 500 0(0.00, 0.00)
route 234, node_num 8, cost 1742.034000, nodes: 0(120000.00, 120000.00) 1044(106638.00, 106638.00) 720 847 513 626 1133(8507.00, 12938.00) 0(0.00, 0.00)
route 235, node_num 6, cost 1871.772000, nodes: 0(120000.00, 120000.00) 1046(85244.00, 101244.00) 509 818 696 0(2302.00, 2302.00)
route 236, node_num 7, cost 1631.154000, nodes: 0(120000.00, 120000.00) 1052(81490.00, 81490.00) 991 116 706 444 0(3489.00, 3489.00)
route 237, node_num 7, cost 1586.060000, nodes: 0(120000.00, 120000.00) 1075(77435.00, 120000.00) 844 858 438 799 0(49275.00, 49275.00)
route 238, node_num 8, cost 1900.024000, nodes: 0(120000.00, 120000.00) 1078(87618.00, 87618.00) 197 1178(80311.00, 96027.00) 87 467 249 0(0.00, 0.00)
route 239, node_num 8, cost 1807.862000, nodes: 0(120000.00, 120000.00) 1085(97648.00, 97648.00) 822 547 760 746 1198(32111.00, 41244.00) 0(0.00, 0.00)
route 240, node_num 7, cost 1953.042000, nodes: 0(120000.00, 120000.00) 336 272 117 275 1088(16728.00, 36231.00) 0(0.00, 0.00)
route 241, node_num 8, cost 1730.442000, nodes: 0(120000.00, 120000.00) 1092(87550.00, 91153.00) 448 177 554 73 194 0(0.00, 0.00)
route 242, node_num 7, cost 1869.434000, nodes: 0(120000.00, 120000.00) 1096(101321.00, 114852.00) 238 961 973 503 0(0.00, 0.00)
route 243, node_num 7, cost 1794.730000, nodes: 0(120000.00, 120000.00) 1113(103233.00, 120000.00) 376 665 497 389 0(8572.00, 8572.00)
route 244, node_num 8, cost 1913.016000, nodes: 0(120000.00, 120000.00) 1116(95738.00, 120000.00) 905 764 21 730 527 0(7618.00, 7618.00)
route 245, node_num 6, cost 908.740000, nodes: 0(120000.00, 120000.00) 4 984 574 258 0(55090.00, 55090.00)
route 246, node_num 6, cost 915.684000, nodes: 0(120000.00, 120000.00) 107 424 271 135 0(54594.00, 54594.00)
route 247, node_num 5, cost 1093.330000, nodes: 0(120000.00, 120000.00) 64 605 604 0(41905.00, 41905.00)
route 248, node_num 7, cost 1854.622000, nodes: 0(120000.00, 120000.00) 1142(87408.00, 99881.00) 157 680 358 382 0(0.00, 0.00)
route 249, node_num 5, cost 1280.874000, nodes: 0(120000.00, 120000.00) 247 715 529 0(28509.00, 28509.00)
route 250, node_num 9, cost 1525.244000, nodes: 0(120000.00, 120000.00) 1152(81490.00, 120000.00) 371 286 524 666 821 1021(88791.00, 88791.00) 0(49564.00, 49564.00)
route 251, node_num 7, cost 1708.350000, nodes: 0(120000.00, 120000.00) 1157(94699.00, 98699.00) 920 679 735 462 0(1975.00, 1975.00)
route 252, node_num 8, cost 1768.900000, nodes: 0(120000.00, 120000.00) 1169(79763.00, 87763.00) 255 534 564 987 1093(15740.00, 15740.00) 0(1650.00, 1650.00)
route 253, node_num 7, cost 1575.042000, nodes: 0(120000.00, 120000.00) 1174(107295.00, 107295.00) 628 682 273 697 0(7497.00, 7497.00)
route 254, node_num 6, cost 1710.492000, nodes: 0(120000.00, 120000.00) 1185(97648.00, 99826.00) 241 422 940 0(0.00, 0.00)
route 255, node_num 6, cost 1914.500000, nodes: 0(120000.00, 120000.00) 1189(96547.00, 120000.00) 880 996 378 0(6703.00, 6703.00)
route 256, node_num 6, cost 1262.800000, nodes: 0(120000.00, 120000.00) 44 906 738 950 0(29800.00, 29800.00)
route 257, node_num 4, cost 540.302000, nodes: 0(120000.00, 120000.00) 451 183 0(81407.00, 81407.00)
route 258, node_num 7, cost 1913.534000, nodes: 0(120000.00, 120000.00) 1196(101321.00, 101321.00) 756 772 37 1183(4772.00, 21453.00) 0(0.00, 0.00)
vehicle (route) number: 259
Total cost: 429246.69
431747.28, 32443.39
429246.69, 32467.37
450946.90, 32411.94
466948.58, 32505.38
439883.10, 32535.24
450185.65, 32810.98
460146.51, 33715.69
486043.88, 34670.99
467122.72, 36139.10
465194.52, 36584.60
