Details of the solution:
route 0, node_num 6, cost 1598.240000, nodes: 0(120000.00, 120000.00) 3 200 385 941 0(5840.00, 5840.00)
route 1, node_num 8, cost 1417.514000, nodes: 0(120000.00, 120000.00) 9 478 58 123 467 203 0(18749.00, 18749.00)
route 2, node_num 5, cost 1464.456000, nodes: 0(120000.00, 120000.00) 10 127 887 0(15396.00, 15396.00)
route 3, node_num 7, cost 1615.922000, nodes: 0(120000.00, 120000.00) 14 260 436 18 161 0(4577.00, 4577.00)
route 4, node_num 7, cost 1576.008000, nodes: 0(120000.00, 120000.00) 31 309 945 601 60 0(7428.00, 7428.00)
route 5, node_num 5, cost 502.376000, nodes: 0(120000.00, 120000.00) 44 777 878 0(84116.00, 84116.00)
route 6, node_num 6, cost 431.116000, nodes: 0(120000.00, 120000.00) 46 975 40 808 0(89206.00, 89206.00)
route 7, node_num 7, cost 1303.582000, nodes: 0(120000.00, 120000.00) 51 92 63 961 732 0(26887.00, 26887.00)
route 8, node_num 7, cost 923.300000, nodes: 0(120000.00, 120000.00) 57 588 206 625 137 0(54050.00, 54050.00)
route 9, node_num 7, cost 1137.066000, nodes: 0(120000.00, 120000.00) 70 162 745 457 900 0(38781.00, 38781.00)
route 10, node_num 7, cost 997.808000, nodes: 0(120000.00, 120000.00) 75 305 931 987 420 0(48728.00, 48728.00)
route 11, node_num 7, cost 562.828000, nodes: 0(120000.00, 120000.00) 76 566 568 418 918 0(79798.00, 79798.00)
route 12, node_num 7, cost 1038.982000, nodes: 0(120000.00, 120000.00) 77 407 982 169 382 0(45787.00, 45787.00)
route 13, node_num 6, cost 1396.570000, nodes: 0(120000.00, 120000.00) 79 117 894 343 0(20245.00, 20245.00)
route 14, node_num 8, cost 964.460000, nodes: 0(120000.00, 120000.00) 89 983 433 805 109 371 0(51110.00, 51110.00)
route 15, node_num 4, cost 367.724000, nodes: 0(120000.00, 120000.00) 94 813 0(93734.00, 93734.00)
route 16, node_num 8, cost 756.560000, nodes: 0(120000.00, 120000.00) 132 314 415 988 872 1038(87296.00, 87296.00) 0(65960.00, 65960.00)
route 17, node_num 6, cost 1004.514000, nodes: 0(120000.00, 120000.00) 135 365 915 866 0(48249.00, 48249.00)
route 18, node_num 7, cost 1353.282000, nodes: 0(120000.00, 120000.00) 140 913 68 7 830 0(23337.00, 23337.00)
route 19, node_num 7, cost 1680.966000, nodes: 0(120000.00, 120000.00) 142 667 848 509 1040(22546.00, 22615.00) 0(0.00, 0.00)
route 20, node_num 7, cost 1652.154000, nodes: 0(120000.00, 120000.00) 144 8 911 646 864 0(1989.00, 1989.00)
route 21, node_num 7, cost 754.824000, nodes: 0(120000.00, 120000.00) 146 182 955 36 510 0(66084.00, 66084.00)
route 22, node_num 6, cost 1050.616000, nodes: 0(120000.00, 120000.00) 150 673 890 974 0(44956.00, 44956.00)
route 23, node_num 5, cost 1261.890000, nodes: 0(120000.00, 120000.00) 153 307 292 0(29865.00, 29865.00)
route 24, node_num 7, cost 565.124000, nodes: 0(120000.00, 120000.00) 158 532 220 458 544 0(79634.00, 79634.00)
route 25, node_num 6, cost 1577.688000, nodes: 0(120000.00, 120000.00) 166 245 61 308 0(7308.00, 7308.00)
route 26, node_num 7, cost 543.606000, nodes: 0(120000.00, 120000.00) 167 427 683 882 336 0(81171.00, 81171.00)
route 27, node_num 7, cost 857.584000, nodes: 0(120000.00, 120000.00) 173 69 208 122 39 0(58744.00, 58744.00)
route 28, node_num 7, cost 1564.654000, nodes: 0(120000.00, 120000.00) 185 104 151 463 928 0(8239.00, 8239.00)
route 29, node_num 9, cost 998.312000, nodes: 0(120000.00, 120000.00) 187 196 324 561 879 536 1145(73754.00, 73754.00) 0(48692.00, 48692.00)
route 30, node_num 7, cost 1027.460000, nodes: 0(120000.00, 120000.00) 189 375 948 59 444 0(46610.00, 46610.00)
route 31, node_num 6, cost 1222.970000, nodes: 0(120000.00, 120000.00) 192 930 638 218 0(32645.00, 32645.00)
route 32, node_num 7, cost 790.930000, nodes: 0(120000.00, 120000.00) 199 513 258 835 164 0(63505.00, 63505.00)
route 33, node_num 6, cost 885.654000, nodes: 0(120000.00, 120000.00) 201 531 488 865 0(56739.00, 56739.00)
route 34, node_num 7, cost 722.386000, nodes: 0(120000.00, 120000.00) 204 702 725 93 762 0(68401.00, 68401.00)
route 35, node_num 8, cost 1449.770000, nodes: 0(120000.00, 120000.00) 210 612 498 439 424 290 0(16445.00, 16445.00)
route 36, node_num 6, cost 473.452000, nodes: 0(120000.00, 120000.00) 222 86 776 908 0(86182.00, 86182.00)
route 37, node_num 6, cost 1294.104000, nodes: 0(120000.00, 120000.00) 225 98 585 662 0(27564.00, 27564.00)
route 38, node_num 8, cost 855.960000, nodes: 0(120000.00, 120000.00) 229 389 87 943 755 840 0(58860.00, 58860.00)
route 39, node_num 8, cost 947.744000, nodes: 0(120000.00, 120000.00) 230 680 508 26 552 1108(66630.00, 66630.00) 0(52304.00, 52304.00)
route 40, node_num 8, cost 1181.082000, nodes: 0(120000.00, 120000.00) 231 923 25 892 791 276 0(35637.00, 35637.00)
route 41, node_num 5, cost 922.460000, nodes: 0(120000.00, 120000.00) 233 965 262 0(54110.00, 54110.00)
route 42, node_num 8, cost 673.596000, nodes: 0(120000.00, 120000.00) 235 842 885 74 134 837 0(71886.00, 71886.00)
route 43, node_num 6, cost 637.644000, nodes: 0(120000.00, 120000.00) 242 898 287 395 0(74454.00, 74454.00)
route 44, node_num 8, cost 1181.152000, nodes: 0(120000.00, 120000.00) 244 714 666 24 756 294 0(35632.00, 35632.00)
route 45, node_num 8, cost 1003.394000, nodes: 0(120000.00, 120000.00) 250 465 101 30 877 816 0(48329.00, 48329.00)
route 46, node_num 8, cost 1354.752000, nodes: 0(120000.00, 120000.00) 255 176 347 947 560 462 0(23232.00, 23232.00)
route 47, node_num 6, cost 1365.084000, nodes: 0(120000.00, 120000.00) 257 870 967 252 0(22494.00, 22494.00)
route 48, node_num 7, cost 1035.286000, nodes: 0(120000.00, 120000.00) 259 84 445 849 168 0(46051.00, 46051.00)
route 49, node_num 7, cost 1407.448000, nodes: 0(120000.00, 120000.00) 261 82 867 768 384 0(19468.00, 19468.00)
route 50, node_num 7, cost 176.890000, nodes: 0(120000.00, 120000.00) 265 372 650 333 226 0(107365.00, 107365.00)
route 51, node_num 8, cost 1425.578000, nodes: 0(120000.00, 120000.00) 271 839 874 518 112 23 0(18173.00, 18173.00)
route 52, node_num 7, cost 1040.816000, nodes: 0(120000.00, 120000.00) 278 676 313 171 880 0(45656.00, 45656.00)
route 53, node_num 9, cost 1637.244000, nodes: 0(120000.00, 120000.00) 285 251 332 440 595 614 1072(40499.00, 40499.00) 0(3054.00, 3054.00)
route 54, node_num 6, cost 1032.584000, nodes: 0(120000.00, 120000.00) 289 657 103 966 0(46244.00, 46244.00)
route 55, node_num 8, cost 1579.746000, nodes: 0(120000.00, 120000.00) 300 610 884 828 626 1061(39154.00, 39154.00) 0(7161.00, 7161.00)
route 56, node_num 5, cost 1222.830000, nodes: 0(120000.00, 120000.00) 304 655 359 0(32655.00, 32655.00)
route 57, node_num 7, cost 1134.448000, nodes: 0(120000.00, 120000.00) 306 728 364 228 329 0(38968.00, 38968.00)
route 58, node_num 7, cost 785.274000, nodes: 0(120000.00, 120000.00) 310 749 659 883 341 0(63909.00, 63909.00)
route 59, node_num 6, cost 719.810000, nodes: 0(120000.00, 120000.00) 311 751 765 888 0(68585.00, 68585.00)
route 60, node_num 8, cost 679.686000, nodes: 0(120000.00, 120000.00) 315 502 916 32 239 111 0(71451.00, 71451.00)
route 61, node_num 7, cost 1059.240000, nodes: 0(120000.00, 120000.00) 326 891 507 577 973 0(44340.00, 44340.00)
route 62, node_num 6, cost 1508.122000, nodes: 0(120000.00, 120000.00) 346 841 128 316 0(12277.00, 12277.00)
route 63, node_num 8, cost 1700.748000, nodes: 0(120000.00, 120000.00) 351 1 618 716 172 1125(22645.00, 24127.00) 0(0.00, 0.00)
route 64, node_num 8, cost 683.242000, nodes: 0(120000.00, 120000.00) 355 706 447 954 223 670 0(71197.00, 71197.00)
route 65, node_num 5, cost 953.470000, nodes: 0(120000.00, 120000.00) 356 160 386 0(51895.00, 51895.00)
route 66, node_num 8, cost 899.010000, nodes: 0(120000.00, 120000.00) 357 794 175 234 699 927 0(55785.00, 55785.00)
route 67, node_num 7, cost 1157.576000, nodes: 0(120000.00, 120000.00) 360 19 379 115 704 0(37316.00, 37316.00)
route 68, node_num 8, cost 1574.720000, nodes: 0(120000.00, 120000.00) 363 247 671 358 901 1067(22198.00, 22198.00) 0(7520.00, 7520.00)
route 69, node_num 8, cost 949.214000, nodes: 0(120000.00, 120000.00) 366 953 17 790 819 969 0(52199.00, 52199.00)
route 70, node_num 6, cost 1421.770000, nodes: 0(120000.00, 120000.00) 368 303 456 155 0(18445.00, 18445.00)
route 71, node_num 6, cost 512.960000, nodes: 0(120000.00, 120000.00) 373 270 249 936 0(83360.00, 83360.00)
route 72, node_num 7, cost 532.378000, nodes: 0(120000.00, 120000.00) 376 321 810 855 832 0(81973.00, 81973.00)
route 73, node_num 8, cost 1683.150000, nodes: 0(120000.00, 120000.00) 378 240 773 527 65 1196(25260.00, 25485.00) 0(0.00, 0.00)
route 74, node_num 6, cost 1679.188000, nodes: 0(120000.00, 120000.00) 380 937 712 779 0(58.00, 58.00)
route 75, node_num 6, cost 1248.632000, nodes: 0(120000.00, 120000.00) 383 772 715 857 0(30812.00, 30812.00)
route 76, node_num 7, cost 955.122000, nodes: 0(120000.00, 120000.00) 390 796 708 600 758 0(51777.00, 51777.00)
route 77, node_num 7, cost 610.918000, nodes: 0(120000.00, 120000.00) 391 283 21 256 37 0(76363.00, 76363.00)
route 78, node_num 7, cost 892.108000, nodes: 0(120000.00, 120000.00) 400 541 578 130 778 0(56278.00, 56278.00)
route 79, node_num 9, cost 1564.920000, nodes: 0(120000.00, 120000.00) 409 174 521 28 739 398 1047(48957.00, 48957.00) 0(8220.00, 8220.00)
route 80, node_num 9, cost 945.070000, nodes: 0(120000.00, 120000.00) 411 280 284 22 761 678 154 0(52495.00, 52495.00)
route 81, node_num 8, cost 939.652000, nodes: 0(120000.00, 120000.00) 412 170 593 545 268 4 0(52882.00, 52882.00)
route 82, node_num 6, cost 1038.576000, nodes: 0(120000.00, 120000.00) 430 273 781 216 0(45816.00, 45816.00)
route 83, node_num 7, cost 439.082000, nodes: 0(120000.00, 120000.00) 431 484 771 417 396 0(88637.00, 88637.00)
route 84, node_num 7, cost 1538.950000, nodes: 0(120000.00, 120000.00) 432 759 339 302 281 0(10075.00, 10075.00)
route 85, node_num 7, cost 886.018000, nodes: 0(120000.00, 120000.00) 434 406 797 410 419 0(56713.00, 56713.00)
route 86, node_num 7, cost 1296.162000, nodes: 0(120000.00, 120000.00) 442 108 721 253 926 0(27417.00, 27417.00)
route 87, node_num 8, cost 1319.108000, nodes: 0(120000.00, 120000.00) 450 860 604 66 323 54 0(25778.00, 25778.00)
route 88, node_num 8, cost 1614.088000, nodes: 0(120000.00, 120000.00) 460 738 854 126 505 1075(22233.00, 22233.00) 0(4708.00, 4708.00)
route 89, node_num 8, cost 1338.554000, nodes: 0(120000.00, 120000.00) 468 441 100 64 730 654 0(24389.00, 24389.00)
route 90, node_num 6, cost 1573.236000, nodes: 0(120000.00, 120000.00) 472 156 97 116 0(7626.00, 7626.00)
route 91, node_num 8, cost 1095.318000, nodes: 0(120000.00, 120000.00) 475 515 56 850 576 288 0(41763.00, 41763.00)
route 92, node_num 9, cost 751.030000, nodes: 0(120000.00, 120000.00) 479 847 713 651 664 692 47 0(66355.00, 66355.00)
route 93, node_num 8, cost 709.772000, nodes: 0(120000.00, 120000.00) 481 362 799 750 62 720 0(69302.00, 69302.00)
route 94, node_num 8, cost 672.182000, nodes: 0(120000.00, 120000.00) 486 557 970 180 511 753 0(71987.00, 71987.00)
route 95, node_num 8, cost 1071.742000, nodes: 0(120000.00, 120000.00) 487 345 438 701 119 448 0(43447.00, 43447.00)
route 96, node_num 7, cost 976.626000, nodes: 0(120000.00, 120000.00) 489 90 574 221 681 0(50241.00, 50241.00)
route 97, node_num 7, cost 829.220000, nodes: 0(120000.00, 120000.00) 492 350 978 491 80 0(60770.00, 60770.00)
route 98, node_num 6, cost 1057.434000, nodes: 0(120000.00, 120000.00) 496 629 38 254 0(44469.00, 44469.00)
route 99, node_num 8, cost 809.550000, nodes: 0(120000.00, 120000.00) 497 139 711 327 133 369 0(62175.00, 62175.00)
route 100, node_num 8, cost 1740.032000, nodes: 0(120000.00, 120000.00) 504 102 183 740 811 1184(38506.00, 42794.00) 0(0.00, 0.00)
route 101, node_num 7, cost 581.420000, nodes: 0(120000.00, 120000.00) 514 320 291 211 724 0(78470.00, 78470.00)
route 102, node_num 8, cost 1676.402000, nodes: 0(120000.00, 120000.00) 516 582 213 85 354 1096(25742.00, 25742.00) 0(257.00, 257.00)
route 103, node_num 7, cost 295.624000, nodes: 0(120000.00, 120000.00) 525 935 634 981 500 0(98884.00, 98884.00)
route 104, node_num 6, cost 1001.406000, nodes: 0(120000.00, 120000.00) 526 795 785 459 0(48471.00, 48471.00)
route 105, node_num 9, cost 997.164000, nodes: 0(120000.00, 120000.00) 528 958 806 95 91 616 1083(68457.00, 68457.00) 0(48774.00, 48774.00)
route 106, node_num 7, cost 777.210000, nodes: 0(120000.00, 120000.00) 529 939 868 217 940 0(64485.00, 64485.00)
route 107, node_num 6, cost 1614.592000, nodes: 0(120000.00, 120000.00) 533 631 405 889 0(4672.00, 4672.00)
route 108, node_num 9, cost 1759.744000, nodes: 0(120000.00, 120000.00) 535 88 836 851 264 938 1161(26297.00, 31993.00) 0(0.00, 0.00)
route 109, node_num 8, cost 745.500000, nodes: 0(120000.00, 120000.00) 540 501 929 426 789 636 0(66750.00, 66750.00)
route 110, node_num 7, cost 778.792000, nodes: 0(120000.00, 120000.00) 542 679 609 733 474 0(64372.00, 64372.00)
route 111, node_num 8, cost 1466.192000, nodes: 0(120000.00, 120000.00) 549 537 402 318 232 703 0(15272.00, 15272.00)
route 112, node_num 7, cost 512.246000, nodes: 0(120000.00, 120000.00) 554 52 690 956 2 0(83411.00, 83411.00)
route 113, node_num 7, cost 259.504000, nodes: 0(120000.00, 120000.00) 555 179 344 325 914 0(101464.00, 101464.00)
route 114, node_num 8, cost 915.936000, nodes: 0(120000.00, 120000.00) 563 41 191 833 569 340 0(54576.00, 54576.00)
route 115, node_num 7, cost 854.014000, nodes: 0(120000.00, 120000.00) 570 328 197 843 293 0(58999.00, 58999.00)
route 116, node_num 7, cost 1357.496000, nodes: 0(120000.00, 120000.00) 592 429 224 67 105 0(23036.00, 23036.00)
route 117, node_num 7, cost 1372.742000, nodes: 0(120000.00, 120000.00) 594 149 334 353 744 0(21947.00, 21947.00)
route 118, node_num 7, cost 1302.154000, nodes: 0(120000.00, 120000.00) 596 152 814 437 469 0(26989.00, 26989.00)
route 119, node_num 7, cost 1383.186000, nodes: 0(120000.00, 120000.00) 606 628 55 393 519 0(21201.00, 21201.00)
route 120, node_num 8, cost 799.974000, nodes: 0(120000.00, 120000.00) 608 735 809 520 188 767 0(62859.00, 62859.00)
route 121, node_num 8, cost 1491.210000, nodes: 0(120000.00, 120000.00) 613 605 672 455 869 452 0(13485.00, 13485.00)
route 122, node_num 8, cost 1006.110000, nodes: 0(120000.00, 120000.00) 615 416 148 547 741 959 0(48135.00, 48135.00)
route 123, node_num 5, cost 711.032000, nodes: 0(120000.00, 120000.00) 627 120 559 0(69212.00, 69212.00)
route 124, node_num 7, cost 545.202000, nodes: 0(120000.00, 120000.00) 630 272 656 470 782 0(81057.00, 81057.00)
route 125, node_num 7, cost 1622.600000, nodes: 0(120000.00, 120000.00) 632 787 99 951 962 0(4100.00, 4100.00)
route 126, node_num 6, cost 1013.152000, nodes: 0(120000.00, 120000.00) 633 248 747 42 0(47632.00, 47632.00)
route 127, node_num 9, cost 797.384000, nodes: 0(120000.00, 120000.00) 641 599 96 422 707 238 374 0(63044.00, 63044.00)
route 128, node_num 8, cost 1422.848000, nodes: 0(120000.00, 120000.00) 643 957 461 648 186 1192(41125.00, 41125.00) 0(18368.00, 18368.00)
route 129, node_num 7, cost 1277.906000, nodes: 0(120000.00, 120000.00) 658 548 649 16 553 0(28721.00, 28721.00)
route 130, node_num 5, cost 1374.842000, nodes: 0(120000.00, 120000.00) 660 114 989 0(21797.00, 21797.00)
route 131, node_num 7, cost 410.956000, nodes: 0(120000.00, 120000.00) 663 853 822 999 589 0(90646.00, 90646.00)
route 132, node_num 9, cost 1177.834000, nodes: 0(120000.00, 120000.00) 669 401 337 275 763 476 1119(59583.00, 59583.00) 0(35869.00, 35869.00)
route 133, node_num 7, cost 1574.930000, nodes: 0(120000.00, 120000.00) 674 852 194 902 202 0(7505.00, 7505.00)
route 134, node_num 6, cost 1275.260000, nodes: 0(120000.00, 120000.00) 675 897 845 635 0(28910.00, 28910.00)
route 135, node_num 7, cost 967.806000, nodes: 0(120000.00, 120000.00) 677 81 33 645 106 0(50871.00, 50871.00)
route 136, node_num 8, cost 945.112000, nodes: 0(120000.00, 120000.00) 682 742 689 178 579 198 0(52492.00, 52492.00)
route 137, node_num 7, cost 1358.910000, nodes: 0(120000.00, 120000.00) 684 567 301 624 494 0(22935.00, 22935.00)
route 138, node_num 7, cost 1192.660000, nodes: 0(120000.00, 120000.00) 685 110 637 506 590 0(34810.00, 34810.00)
route 139, node_num 7, cost 790.048000, nodes: 0(120000.00, 120000.00) 686 394 723 986 352 0(63568.00, 63568.00)
route 140, node_num 8, cost 1337.672000, nodes: 0(120000.00, 120000.00) 688 562 770 580 477 205 0(24452.00, 24452.00)
route 141, node_num 7, cost 1437.100000, nodes: 0(120000.00, 120000.00) 691 236 729 534 367 0(17350.00, 17350.00)
route 142, node_num 6, cost 1553.160000, nodes: 0(120000.00, 120000.00) 693 875 43 145 0(9060.00, 9060.00)
route 143, node_num 8, cost 1449.280000, nodes: 0(120000.00, 120000.00) 696 946 499 697 319 543 0(16480.00, 16480.00)
route 144, node_num 8, cost 1811.964000, nodes: 0(120000.00, 120000.00) 710 863 793 644 996 1189(30761.00, 40187.00) 0(0.00, 0.00)
route 145, node_num 8, cost 1318.982000, nodes: 0(120000.00, 120000.00) 717 446 296 807 871 1010(57587.00, 57587.00) 0(25787.00, 25787.00)
route 146, node_num 7, cost 793.814000, nodes: 0(120000.00, 120000.00) 719 131 503 118 788 0(63299.00, 63299.00)
route 147, node_num 7, cost 1132.726000, nodes: 0(120000.00, 120000.00) 722 846 15 523 572 0(39091.00, 39091.00)
route 148, node_num 5, cost 1013.474000, nodes: 0(120000.00, 120000.00) 731 802 804 0(47609.00, 47609.00)
route 149, node_num 5, cost 672.154000, nodes: 0(120000.00, 120000.00) 734 147 859 0(71989.00, 71989.00)
route 150, node_num 6, cost 835.324000, nodes: 0(120000.00, 120000.00) 736 622 665 181 0(60334.00, 60334.00)
route 151, node_num 7, cost 838.376000, nodes: 0(120000.00, 120000.00) 743 546 512 607 403 0(60116.00, 60116.00)
route 152, node_num 7, cost 1266.790000, nodes: 0(120000.00, 120000.00) 746 522 904 925 78 0(29515.00, 29515.00)
route 153, node_num 7, cost 1452.262000, nodes: 0(120000.00, 120000.00) 752 493 774 237 348 0(16267.00, 16267.00)
route 154, node_num 9, cost 999.278000, nodes: 0(120000.00, 120000.00) 757 453 335 587 451 881 642 0(48623.00, 48623.00)
route 155, node_num 8, cost 948.850000, nodes: 0(120000.00, 120000.00) 764 524 209 818 827 1008(66551.00, 66551.00) 0(52225.00, 52225.00)
route 156, node_num 7, cost 700.966000, nodes: 0(120000.00, 120000.00) 780 480 920 539 575 0(69931.00, 69931.00)
route 157, node_num 6, cost 1035.664000, nodes: 0(120000.00, 120000.00) 798 483 952 331 0(46024.00, 46024.00)
route 158, node_num 5, cost 848.274000, nodes: 0(120000.00, 120000.00) 801 163 20 0(59409.00, 59409.00)
route 159, node_num 7, cost 706.118000, nodes: 0(120000.00, 120000.00) 817 551 298 760 338 0(69563.00, 69563.00)
route 160, node_num 6, cost 1247.078000, nodes: 0(120000.00, 120000.00) 824 591 243 404 0(30923.00, 30923.00)
route 161, node_num 4, cost 862.400000, nodes: 0(120000.00, 120000.00) 825 299 0(58400.00, 58400.00)
route 162, node_num 8, cost 1404.774000, nodes: 0(120000.00, 120000.00) 829 786 583 48 571 267 0(19659.00, 19659.00)
route 163, node_num 6, cost 813.148000, nodes: 0(120000.00, 120000.00) 834 29 564 997 0(61918.00, 61918.00)
route 164, node_num 6, cost 650.454000, nodes: 0(120000.00, 120000.00) 838 71 844 282 0(73539.00, 73539.00)
route 165, node_num 7, cost 647.374000, nodes: 0(120000.00, 120000.00) 861 397 190 317 195 0(73759.00, 73759.00)
route 166, node_num 7, cost 536.704000, nodes: 0(120000.00, 120000.00) 886 826 556 428 464 0(81664.00, 81664.00)
route 167, node_num 7, cost 1074.024000, nodes: 0(120000.00, 120000.00) 895 565 748 295 297 0(43284.00, 43284.00)
route 168, node_num 7, cost 974.778000, nodes: 0(120000.00, 120000.00) 896 611 831 934 443 0(50373.00, 50373.00)
route 169, node_num 7, cost 1407.420000, nodes: 0(120000.00, 120000.00) 899 538 653 1000 274 0(19470.00, 19470.00)
route 170, node_num 8, cost 850.710000, nodes: 0(120000.00, 120000.00) 903 83 35 980 960 823 0(59235.00, 59235.00)
route 171, node_num 7, cost 1165.822000, nodes: 0(120000.00, 120000.00) 905 602 227 976 990 0(36727.00, 36727.00)
route 172, node_num 7, cost 663.432000, nodes: 0(120000.00, 120000.00) 910 263 121 136 800 0(72612.00, 72612.00)
route 173, node_num 7, cost 740.698000, nodes: 0(120000.00, 120000.00) 912 668 286 550 784 0(67093.00, 67093.00)
route 174, node_num 7, cost 1377.936000, nodes: 0(120000.00, 120000.00) 917 694 573 661 435 0(21576.00, 21576.00)
route 175, node_num 9, cost 1793.736000, nodes: 0(120000.00, 120000.00) 924 159 856 414 598 72 1021(20569.00, 28693.00) 0(0.00, 0.00)
route 176, node_num 7, cost 1204.056000, nodes: 0(120000.00, 120000.00) 933 138 277 619 215 0(33996.00, 33996.00)
route 177, node_num 8, cost 442.036000, nodes: 0(120000.00, 120000.00) 942 279 558 909 485 124 0(88426.00, 88426.00)
route 178, node_num 7, cost 1043.294000, nodes: 0(120000.00, 120000.00) 949 876 408 906 193 0(45479.00, 45479.00)
route 179, node_num 5, cost 652.750000, nodes: 0(120000.00, 120000.00) 950 907 449 0(73375.00, 73375.00)
route 180, node_num 8, cost 1607.340000, nodes: 0(120000.00, 120000.00) 963 466 921 858 718 207 0(5190.00, 5190.00)
route 181, node_num 9, cost 707.560000, nodes: 0(120000.00, 120000.00) 964 388 873 792 425 944 50 0(69460.00, 69460.00)
route 182, node_num 6, cost 602.140000, nodes: 0(120000.00, 120000.00) 968 34 246 584 0(76990.00, 76990.00)
route 183, node_num 7, cost 546.154000, nodes: 0(120000.00, 120000.00) 972 820 312 737 349 0(80989.00, 80989.00)
route 184, node_num 7, cost 1213.086000, nodes: 0(120000.00, 120000.00) 977 862 5 803 423 0(33351.00, 33351.00)
route 185, node_num 6, cost 1193.234000, nodes: 0(120000.00, 120000.00) 979 165 705 603 0(34769.00, 34769.00)
route 186, node_num 8, cost 1650.656000, nodes: 0(120000.00, 120000.00) 992 812 421 387 377 241 0(2096.00, 2096.00)
route 187, node_num 6, cost 1199.464000, nodes: 0(120000.00, 120000.00) 993 45 581 620 0(34324.00, 34324.00)
route 188, node_num 5, cost 482.398000, nodes: 0(120000.00, 120000.00) 994 984 11 0(85543.00, 85543.00)
route 189, node_num 8, cost 965.944000, nodes: 0(120000.00, 120000.00) 995 727 490 775 12 219 0(51004.00, 51004.00)
route 190, node_num 6, cost 1357.202000, nodes: 0(120000.00, 120000.00) 998 266 821 370 0(23057.00, 23057.00)
route 191, node_num 9, cost 1730.218000, nodes: 0(120000.00, 120000.00) 1019(95324.00, 98911.00) 361 530 113 769 640 709 0(0.00, 0.00)
route 192, node_num 9, cost 1854.552000, nodes: 0(120000.00, 120000.00) 1039(67416.00, 67416.00) 695 783 6 141 125 1025(11659.00, 24127.00) 0(0.00, 0.00)
route 193, node_num 9, cost 1822.772000, nodes: 0(120000.00, 120000.00) 1060(66386.00, 66386.00) 985 687 815 495 517 1130(17480.00, 27678.00) 0(0.00, 0.00)
route 194, node_num 6, cost 813.330000, nodes: 0(120000.00, 120000.00) 1068(95394.00, 115394.00) 322 932 342 0(81905.00, 81905.00)
route 195, node_num 9, cost 1542.660000, nodes: 0(120000.00, 120000.00) 1089(78600.00, 78600.00) 700 392 919 73 177 1135(41800.00, 41800.00) 0(9810.00, 9810.00)
route 196, node_num 8, cost 1754.494000, nodes: 0(120000.00, 120000.00) 1112(72845.00, 84845.00) 586 766 269 129 1012(52967.00, 52967.00) 0(6679.00, 6679.00)
route 197, node_num 6, cost 799.778000, nodes: 0(120000.00, 120000.00) 1114(102551.00, 120000.00) 157 454 726 0(80322.00, 80322.00)
route 198, node_num 8, cost 794.024000, nodes: 0(120000.00, 120000.00) 1122(95598.00, 95598.00) 214 482 698 991 652 0(63284.00, 63284.00)
route 199, node_num 9, cost 1920.856000, nodes: 0(120000.00, 120000.00) 1139(67416.00, 67416.00) 754 647 623 107 471 1110(14596.00, 31800.00) 0(0.00, 0.00)
route 200, node_num 7, cost 1659.490000, nodes: 0(120000.00, 120000.00) 1153(82481.00, 102481.00) 473 639 49 143 0(21465.00, 21465.00)
route 201, node_num 8, cost 1802.654000, nodes: 0(120000.00, 120000.00) 1160(66386.00, 75147.00) 597 922 53 617 413 0(0.00, 0.00)
route 202, node_num 7, cost 776.776000, nodes: 0(120000.00, 120000.00) 1167(105637.00, 105637.00) 621 399 184 893 0(64516.00, 64516.00)
route 203, node_num 9, cost 1063.090000, nodes: 0(120000.00, 120000.00) 1168(95394.00, 95394.00) 212 330 27 971 13 381 0(44065.00, 44065.00)
vehicle (route) number: 204
Total cost: 283186.67
286681.11, 32424.57
286261.64, 32412.65
289544.55, 32414.71
289216.72, 32402.43
291589.28, 39680.86
283186.67, 32426.55
289793.77, 32445.32
290710.34, 32430.02
289503.39, 32408.51
287382.87, 32400.02
