Details of the solution:
route 0, node_num 8, cost 1432.382000, nodes: 0(120000.00, 120000.00) 3 155 714 582 428 1152(56107.00, 56107.00) 0(17687.00, 17687.00)
route 1, node_num 8, cost 1421.854000, nodes: 0(120000.00, 120000.00) 11 932 284 73 826 965 0(18439.00, 18439.00)
route 2, node_num 5, cost 971.124000, nodes: 0(120000.00, 120000.00) 12 583 559 0(50634.00, 50634.00)
route 3, node_num 8, cost 855.498000, nodes: 0(120000.00, 120000.00) 21 862 93 789 312 636 0(58893.00, 58893.00)
route 4, node_num 8, cost 978.950000, nodes: 0(120000.00, 120000.00) 36 824 240 999 691 863 0(50075.00, 50075.00)
route 5, node_num 7, cost 818.328000, nodes: 0(120000.00, 120000.00) 38 759 328 558 625 0(61548.00, 61548.00)
route 6, node_num 8, cost 1896.580000, nodes: 0(120000.00, 120000.00) 41 378 996 316 947 1131(21420.00, 36890.00) 0(0.00, 0.00)
route 7, node_num 5, cost 895.230000, nodes: 0(120000.00, 120000.00) 44 934 688 0(56055.00, 56055.00)
route 8, node_num 8, cost 1766.254000, nodes: 0(120000.00, 120000.00) 79 162 291 922 682 1103(36857.00, 43018.00) 0(0.00, 0.00)
route 9, node_num 7, cost 1208.130000, nodes: 0(120000.00, 120000.00) 81 129 172 930 320 0(33705.00, 33705.00)
route 10, node_num 8, cost 1803.368000, nodes: 0(120000.00, 120000.00) 83 770 954 562 483 1003(34206.00, 43018.00) 0(0.00, 0.00)
route 11, node_num 7, cost 1242.654000, nodes: 0(120000.00, 120000.00) 102 867 535 829 55 0(31239.00, 31239.00)
route 12, node_num 9, cost 1312.850000, nodes: 0(120000.00, 120000.00) 103 334 407 50 479 802 1060(48944.00, 48944.00) 0(26225.00, 26225.00)
route 13, node_num 6, cost 961.338000, nodes: 0(120000.00, 120000.00) 108 335 406 531 0(51333.00, 51333.00)
route 14, node_num 8, cost 278.250000, nodes: 0(120000.00, 120000.00) 111 983 315 689 455 741 0(100125.00, 100125.00)
route 15, node_num 7, cost 727.188000, nodes: 0(120000.00, 120000.00) 131 205 544 624 694 0(68058.00, 68058.00)
route 16, node_num 8, cost 963.858000, nodes: 0(120000.00, 120000.00) 138 569 538 871 72 297 0(51153.00, 51153.00)
route 17, node_num 9, cost 1152.550000, nodes: 0(120000.00, 120000.00) 142 820 192 977 457 649 1113(47411.00, 47411.00) 0(37675.00, 37675.00)
route 18, node_num 9, cost 1646.162000, nodes: 0(120000.00, 120000.00) 148 703 818 919 356 1084(48724.00, 48724.00) 1179(14244.00, 14244.00) 0(2417.00, 2417.00)
route 19, node_num 8, cost 643.734000, nodes: 0(120000.00, 120000.00) 153 563 18 805 933 347 0(74019.00, 74019.00)
route 20, node_num 6, cost 549.766000, nodes: 0(120000.00, 120000.00) 154 296 398 462 0(80731.00, 80731.00)
route 21, node_num 9, cost 1738.002000, nodes: 0(120000.00, 120000.00) 186 692 223 215 45 753 1063(50326.00, 54469.00) 0(0.00, 0.00)
route 22, node_num 7, cost 1154.678000, nodes: 0(120000.00, 120000.00) 189 659 851 620 250 0(37523.00, 37523.00)
route 23, node_num 8, cost 1380.778000, nodes: 0(120000.00, 120000.00) 191 179 690 15 214 1002(65116.00, 65116.00) 0(21373.00, 21373.00)
route 24, node_num 7, cost 1399.230000, nodes: 0(120000.00, 120000.00) 195 58 95 438 1097(30941.00, 30941.00) 0(20055.00, 20055.00)
route 25, node_num 7, cost 657.916000, nodes: 0(120000.00, 120000.00) 206 174 140 641 354 0(73006.00, 73006.00)
route 26, node_num 7, cost 1453.242000, nodes: 0(120000.00, 120000.00) 211 522 325 59 1015(58285.00, 58285.00) 0(16197.00, 16197.00)
route 27, node_num 7, cost 419.440000, nodes: 0(120000.00, 120000.00) 212 23 357 458 737 0(90040.00, 90040.00)
route 28, node_num 6, cost 853.510000, nodes: 0(120000.00, 120000.00) 218 939 417 942 0(59035.00, 59035.00)
route 29, node_num 8, cost 1444.828000, nodes: 0(120000.00, 120000.00) 224 698 606 647 810 1148(47692.00, 47692.00) 0(16798.00, 16798.00)
route 30, node_num 7, cost 1466.416000, nodes: 0(120000.00, 120000.00) 226 264 846 852 265 0(15256.00, 15256.00)
route 31, node_num 8, cost 1029.280000, nodes: 0(120000.00, 120000.00) 228 56 225 957 253 830 0(46480.00, 46480.00)
route 32, node_num 8, cost 1656.130000, nodes: 0(120000.00, 120000.00) 229 956 776 1010(54978.00, 54978.00) 408 1066(46660.00, 46660.00) 0(1705.00, 1705.00)
route 33, node_num 6, cost 1532.580000, nodes: 0(120000.00, 120000.00) 231 69 857 588 0(10530.00, 10530.00)
route 34, node_num 9, cost 1740.788000, nodes: 0(120000.00, 120000.00) 233 1147(62054.00, 62054.00) 149 672 426 955 1162(40243.00, 44585.00) 0(0.00, 0.00)
route 35, node_num 5, cost 964.292000, nodes: 0(120000.00, 120000.00) 237 190 345 0(51122.00, 51122.00)
route 36, node_num 6, cost 717.752000, nodes: 0(120000.00, 120000.00) 247 603 178 491 0(68732.00, 68732.00)
route 37, node_num 7, cost 445.592000, nodes: 0(120000.00, 120000.00) 249 261 290 124 800 0(88172.00, 88172.00)
route 38, node_num 7, cost 1138.844000, nodes: 0(120000.00, 120000.00) 254 282 699 701 241 0(38654.00, 38654.00)
route 39, node_num 6, cost 328.972000, nodes: 0(120000.00, 120000.00) 277 109 135 216 0(96502.00, 96502.00)
route 40, node_num 7, cost 586.782000, nodes: 0(120000.00, 120000.00) 280 326 648 751 445 0(78087.00, 78087.00)
route 41, node_num 9, cost 1342.222000, nodes: 0(120000.00, 120000.00) 289 167 806 815 220 712 1048(55021.00, 55021.00) 0(24127.00, 24127.00)
route 42, node_num 6, cost 1476.860000, nodes: 0(120000.00, 120000.00) 294 984 66 920 0(14510.00, 14510.00)
route 43, node_num 8, cost 593.586000, nodes: 0(120000.00, 120000.00) 300 943 657 115 515 7 0(77601.00, 77601.00)
route 44, node_num 5, cost 733.418000, nodes: 0(120000.00, 120000.00) 301 766 467 0(67613.00, 67613.00)
route 45, node_num 7, cost 1395.282000, nodes: 0(120000.00, 120000.00) 302 687 120 779 787 0(20337.00, 20337.00)
route 46, node_num 8, cost 1394.862000, nodes: 0(120000.00, 120000.00) 303 89 485 76 717 1178(64633.00, 64633.00) 0(20367.00, 20367.00)
route 47, node_num 7, cost 986.720000, nodes: 0(120000.00, 120000.00) 306 521 489 40 152 0(49520.00, 49520.00)
route 48, node_num 8, cost 1057.028000, nodes: 0(120000.00, 120000.00) 307 564 436 219 454 1164(64681.00, 64681.00) 0(44498.00, 44498.00)
route 49, node_num 6, cost 267.750000, nodes: 0(120000.00, 120000.00) 311 738 684 628 0(100875.00, 100875.00)
route 50, node_num 7, cost 983.584000, nodes: 0(120000.00, 120000.00) 317 893 4 380 853 0(49744.00, 49744.00)
route 51, node_num 4, cost 42.812000, nodes: 0(120000.00, 120000.00) 327 286 0(116942.00, 116942.00)
route 52, node_num 6, cost 286.804000, nodes: 0(120000.00, 120000.00) 338 674 713 509 0(99514.00, 99514.00)
route 53, node_num 7, cost 473.732000, nodes: 0(120000.00, 120000.00) 342 314 295 324 310 0(86162.00, 86162.00)
route 54, node_num 5, cost 345.828000, nodes: 0(120000.00, 120000.00) 343 726 451 0(95298.00, 95298.00)
route 55, node_num 7, cost 1041.124000, nodes: 0(120000.00, 120000.00) 344 685 272 379 551 0(45634.00, 45634.00)
route 56, node_num 7, cost 1635.802000, nodes: 0(120000.00, 120000.00) 348 752 476 383 86 0(3157.00, 3157.00)
route 57, node_num 7, cost 1112.930000, nodes: 0(120000.00, 120000.00) 353 998 366 991 524 0(40505.00, 40505.00)
route 58, node_num 6, cost 832.286000, nodes: 0(120000.00, 120000.00) 359 925 413 255 0(60551.00, 60551.00)
route 59, node_num 8, cost 1293.712000, nodes: 0(120000.00, 120000.00) 389 898 442 496 268 360 0(27592.00, 27592.00)
route 60, node_num 5, cost 1473.388000, nodes: 0(120000.00, 120000.00) 390 727 274 0(14758.00, 14758.00)
route 61, node_num 6, cost 965.160000, nodes: 0(120000.00, 120000.00) 403 351 169 667 0(51060.00, 51060.00)
route 62, node_num 6, cost 754.530000, nodes: 0(120000.00, 120000.00) 419 481 123 858 0(66105.00, 66105.00)
route 63, node_num 8, cost 1564.066000, nodes: 0(120000.00, 120000.00) 420 781 962 78 322 1191(15322.00, 15322.00) 0(8281.00, 8281.00)
route 64, node_num 7, cost 1107.596000, nodes: 0(120000.00, 120000.00) 422 952 298 730 221 0(40886.00, 40886.00)
route 65, node_num 6, cost 908.712000, nodes: 0(120000.00, 120000.00) 423 604 446 166 0(55092.00, 55092.00)
route 66, node_num 8, cost 1713.348000, nodes: 0(120000.00, 120000.00) 424 553 917 794 704 1095(24131.00, 26513.00) 0(0.00, 0.00)
route 67, node_num 6, cost 1597.834000, nodes: 0(120000.00, 120000.00) 425 134 856 517 0(5869.00, 5869.00)
route 68, node_num 7, cost 1834.042000, nodes: 0(120000.00, 120000.00) 429 460 765 723 1181(46891.00, 57894.00) 0(0.00, 0.00)
route 69, node_num 8, cost 1097.880000, nodes: 0(120000.00, 120000.00) 430 127 87 874 414 333 0(41580.00, 41580.00)
route 70, node_num 8, cost 1726.662000, nodes: 0(120000.00, 120000.00) 431 355 619 466 252 1100(34863.00, 38196.00) 0(0.00, 0.00)
route 71, node_num 8, cost 1182.762000, nodes: 0(120000.00, 120000.00) 450 321 745 746 909 1012(40044.00, 40044.00) 0(35517.00, 35517.00)
route 72, node_num 6, cost 1263.304000, nodes: 0(120000.00, 120000.00) 453 764 362 47 0(29764.00, 29764.00)
route 73, node_num 6, cost 1444.660000, nodes: 0(120000.00, 120000.00) 456 643 743 331 0(16810.00, 16810.00)
route 74, node_num 8, cost 1051.036000, nodes: 0(120000.00, 120000.00) 464 371 861 388 288 985 0(44926.00, 44926.00)
route 75, node_num 7, cost 1441.006000, nodes: 0(120000.00, 120000.00) 468 490 160 432 117 0(17071.00, 17071.00)
route 76, node_num 10, cost 1066.520000, nodes: 0(120000.00, 120000.00) 469 817 88 121 968 722 1024(72315.00, 72315.00) 1069(58107.00, 58107.00) 0(43820.00, 43820.00)
route 77, node_num 6, cost 1233.708000, nodes: 0(120000.00, 120000.00) 471 60 793 165 0(31878.00, 31878.00)
route 78, node_num 7, cost 1137.150000, nodes: 0(120000.00, 120000.00) 475 213 243 258 530 0(38775.00, 38775.00)
route 79, node_num 9, cost 1022.574000, nodes: 0(120000.00, 120000.00) 493 695 602 782 367 693 1011(74615.00, 74615.00) 0(46959.00, 46959.00)
route 80, node_num 8, cost 1635.900000, nodes: 0(120000.00, 120000.00) 494 591 936 198 725 1102(46893.00, 46893.00) 0(3150.00, 3150.00)
route 81, node_num 7, cost 1312.066000, nodes: 0(120000.00, 120000.00) 498 768 141 935 571 0(26281.00, 26281.00)
route 82, node_num 8, cost 1669.346000, nodes: 0(120000.00, 120000.00) 499 790 607 671 104 1075(39611.00, 39611.00) 0(761.00, 761.00)
route 83, node_num 6, cost 896.560000, nodes: 0(120000.00, 120000.00) 501 313 504 361 0(55960.00, 55960.00)
route 84, node_num 8, cost 1998.934000, nodes: 0(120000.00, 120000.00) 502 128 26 769 869 1046(30150.00, 52931.00) 0(0.00, 0.00)
route 85, node_num 9, cost 1581.566000, nodes: 0(120000.00, 120000.00) 506 708 1192(69586.00, 69586.00) 437 194 799 1092(53330.00, 53330.00) 0(7031.00, 7031.00)
route 86, node_num 6, cost 680.540000, nodes: 0(120000.00, 120000.00) 508 136 266 65 0(71390.00, 71390.00)
route 87, node_num 5, cost 1055.264000, nodes: 0(120000.00, 120000.00) 532 578 773 0(44624.00, 44624.00)
route 88, node_num 5, cost 441.616000, nodes: 0(120000.00, 120000.00) 540 808 381 0(88456.00, 88456.00)
route 89, node_num 6, cost 966.112000, nodes: 0(120000.00, 120000.00) 541 827 2 210 0(50992.00, 50992.00)
route 90, node_num 7, cost 1164.436000, nodes: 0(120000.00, 120000.00) 542 533 409 848 421 0(36826.00, 36826.00)
route 91, node_num 6, cost 860.230000, nodes: 0(120000.00, 120000.00) 545 22 416 465 0(58555.00, 58555.00)
route 92, node_num 8, cost 1155.686000, nodes: 0(120000.00, 120000.00) 547 536 386 644 269 448 0(37451.00, 37451.00)
route 93, node_num 8, cost 1163.988000, nodes: 0(120000.00, 120000.00) 548 527 273 71 892 1143(53375.00, 53375.00) 0(36858.00, 36858.00)
route 94, node_num 8, cost 964.516000, nodes: 0(120000.00, 120000.00) 549 396 287 580 754 482 0(51106.00, 51106.00)
route 95, node_num 6, cost 1632.260000, nodes: 0(120000.00, 120000.00) 556 680 395 197 0(3410.00, 3410.00)
route 96, node_num 6, cost 1562.722000, nodes: 0(120000.00, 120000.00) 560 598 872 573 0(8377.00, 8377.00)
route 97, node_num 6, cost 1385.006000, nodes: 0(120000.00, 120000.00) 561 230 245 1168(62143.00, 62143.00) 0(21071.00, 21071.00)
route 98, node_num 9, cost 1064.504000, nodes: 0(120000.00, 120000.00) 565 385 35 503 299 679 1133(53719.00, 53719.00) 0(43964.00, 43964.00)
route 99, node_num 7, cost 928.760000, nodes: 0(120000.00, 120000.00) 585 731 581 616 596 0(53660.00, 53660.00)
route 100, node_num 9, cost 1248.212000, nodes: 0(120000.00, 120000.00) 587 64 539 349 400 809 1008(53843.00, 53843.00) 0(30842.00, 30842.00)
route 101, node_num 7, cost 1107.806000, nodes: 0(120000.00, 120000.00) 601 105 304 609 949 0(40871.00, 40871.00)
route 102, node_num 6, cost 1059.296000, nodes: 0(120000.00, 120000.00) 605 557 681 597 0(44336.00, 44336.00)
route 103, node_num 6, cost 1352.596000, nodes: 0(120000.00, 120000.00) 610 665 828 200 0(23386.00, 23386.00)
route 104, node_num 7, cost 1370.768000, nodes: 0(120000.00, 120000.00) 617 260 84 594 171 0(22088.00, 22088.00)
route 105, node_num 7, cost 1210.846000, nodes: 0(120000.00, 120000.00) 618 627 976 412 486 0(33511.00, 33511.00)
route 106, node_num 8, cost 967.834000, nodes: 0(120000.00, 120000.00) 621 257 763 263 972 748 0(50869.00, 50869.00)
route 107, node_num 8, cost 1622.138000, nodes: 0(120000.00, 120000.00) 623 181 452 868 870 1098(37590.00, 37590.00) 0(4133.00, 4133.00)
route 108, node_num 6, cost 1129.394000, nodes: 0(120000.00, 120000.00) 626 62 447 9 0(39329.00, 39329.00)
route 109, node_num 7, cost 1414.938000, nodes: 0(120000.00, 120000.00) 637 185 992 822 555 0(18933.00, 18933.00)
route 110, node_num 8, cost 698.852000, nodes: 0(120000.00, 120000.00) 639 570 812 891 572 336 0(70082.00, 70082.00)
route 111, node_num 8, cost 1482.642000, nodes: 0(120000.00, 120000.00) 640 100 365 402 248 1185(50924.00, 50924.00) 0(14097.00, 14097.00)
route 112, node_num 10, cost 1088.556000, nodes: 0(120000.00, 120000.00) 650 19 472 786 903 523 1156(72837.00, 72837.00) 1079(54073.00, 54073.00) 0(42246.00, 42246.00)
route 113, node_num 5, cost 280.420000, nodes: 0(120000.00, 120000.00) 651 57 201 0(99970.00, 99970.00)
route 114, node_num 7, cost 823.900000, nodes: 0(120000.00, 120000.00) 654 147 25 715 841 0(61150.00, 61150.00)
route 115, node_num 7, cost 1413.076000, nodes: 0(120000.00, 120000.00) 655 950 170 931 975 0(19066.00, 19066.00)
route 116, node_num 8, cost 1004.612000, nodes: 0(120000.00, 120000.00) 658 340 982 434 645 1155(64997.00, 64997.00) 0(48242.00, 48242.00)
route 117, node_num 6, cost 1324.652000, nodes: 0(120000.00, 120000.00) 660 1 96 514 0(25382.00, 25382.00)
route 118, node_num 7, cost 679.070000, nodes: 0(120000.00, 120000.00) 662 777 989 459 757 0(71495.00, 71495.00)
route 119, node_num 7, cost 762.748000, nodes: 0(120000.00, 120000.00) 664 595 816 384 42 0(65518.00, 65518.00)
route 120, node_num 5, cost 302.204000, nodes: 0(120000.00, 120000.00) 675 670 767 0(98414.00, 98414.00)
route 121, node_num 7, cost 1175.510000, nodes: 0(120000.00, 120000.00) 676 34 901 6 391 0(36035.00, 36035.00)
route 122, node_num 7, cost 1274.812000, nodes: 0(120000.00, 120000.00) 683 319 912 843 783 0(28942.00, 28942.00)
route 123, node_num 7, cost 1094.170000, nodes: 0(120000.00, 120000.00) 696 126 116 778 278 0(41845.00, 41845.00)
route 124, node_num 6, cost 1210.202000, nodes: 0(120000.00, 120000.00) 700 30 332 10 0(33557.00, 33557.00)
route 125, node_num 9, cost 1274.602000, nodes: 0(120000.00, 120000.00) 702 652 497 199 495 411 1169(43244.00, 43244.00) 0(28957.00, 28957.00)
route 126, node_num 8, cost 1609.566000, nodes: 0(120000.00, 120000.00) 705 860 5 236 13 1078(49297.00, 49297.00) 0(5031.00, 5031.00)
route 127, node_num 7, cost 1123.570000, nodes: 0(120000.00, 120000.00) 706 394 821 732 813 0(39745.00, 39745.00)
route 128, node_num 5, cost 982.968000, nodes: 0(120000.00, 120000.00) 707 27 937 0(49788.00, 49788.00)
route 129, node_num 9, cost 1504.496000, nodes: 0(120000.00, 120000.00) 716 51 1039(64084.00, 64084.00) 890 492 478 1064(32719.00, 32719.00) 0(12536.00, 12536.00)
route 130, node_num 5, cost 773.808000, nodes: 0(120000.00, 120000.00) 719 697 586 0(64728.00, 64728.00)
route 131, node_num 8, cost 868.896000, nodes: 0(120000.00, 120000.00) 733 110 196 203 217 1043(74453.00, 74453.00) 0(57936.00, 57936.00)
route 132, node_num 6, cost 927.052000, nodes: 0(120000.00, 120000.00) 734 139 631 387 0(53782.00, 53782.00)
route 133, node_num 6, cost 471.688000, nodes: 0(120000.00, 120000.00) 747 987 441 908 0(86308.00, 86308.00)
route 134, node_num 8, cost 1639.862000, nodes: 0(120000.00, 120000.00) 749 112 958 276 835 1114(47617.00, 47617.00) 0(2867.00, 2867.00)
route 135, node_num 9, cost 925.862000, nodes: 0(120000.00, 120000.00) 761 993 275 923 382 77 1093(81492.00, 81492.00) 0(53867.00, 53867.00)
route 136, node_num 6, cost 726.796000, nodes: 0(120000.00, 120000.00) 762 724 270 512 0(68086.00, 68086.00)
route 137, node_num 8, cost 1388.870000, nodes: 0(120000.00, 120000.00) 785 554 20 227 173 1055(37550.00, 37550.00) 0(20795.00, 20795.00)
route 138, node_num 6, cost 1324.638000, nodes: 0(120000.00, 120000.00) 795 24 193 744 0(25383.00, 25383.00)
route 139, node_num 7, cost 835.660000, nodes: 0(120000.00, 120000.00) 797 187 37 119 130 0(60310.00, 60310.00)
route 140, node_num 7, cost 644.336000, nodes: 0(120000.00, 120000.00) 798 914 175 341 878 0(73976.00, 73976.00)
route 141, node_num 7, cost 1224.888000, nodes: 0(120000.00, 120000.00) 811 337 904 239 575 0(32508.00, 32508.00)
route 142, node_num 6, cost 1184.694000, nodes: 0(120000.00, 120000.00) 819 772 686 946 0(35379.00, 35379.00)
route 143, node_num 4, cost 230.888000, nodes: 0(120000.00, 120000.00) 831 566 0(103508.00, 103508.00)
route 144, node_num 7, cost 1040.942000, nodes: 0(120000.00, 120000.00) 832 251 339 323 510 0(45647.00, 45647.00)
route 145, node_num 6, cost 872.410000, nodes: 0(120000.00, 120000.00) 834 825 755 234 0(57685.00, 57685.00)
route 146, node_num 8, cost 1678.418000, nodes: 0(120000.00, 120000.00) 837 978 474 918 80 1062(44698.00, 44698.00) 0(113.00, 113.00)
route 147, node_num 7, cost 671.104000, nodes: 0(120000.00, 120000.00) 839 568 98 666 374 0(72064.00, 72064.00)
route 148, node_num 6, cost 291.578000, nodes: 0(120000.00, 120000.00) 850 133 973 970 0(99173.00, 99173.00)
route 149, node_num 6, cost 1191.344000, nodes: 0(120000.00, 120000.00) 854 953 646 146 0(34904.00, 34904.00)
route 150, node_num 8, cost 1490.594000, nodes: 0(120000.00, 120000.00) 855 401 974 847 283 1094(38611.00, 38611.00) 0(13529.00, 13529.00)
route 151, node_num 7, cost 1557.528000, nodes: 0(120000.00, 120000.00) 876 845 632 427 1126(40871.00, 40871.00) 0(8748.00, 8748.00)
route 152, node_num 8, cost 1183.224000, nodes: 0(120000.00, 120000.00) 877 480 1022(75437.00, 75437.00) 880 971 507 0(35484.00, 35484.00)
route 153, node_num 7, cost 634.508000, nodes: 0(120000.00, 120000.00) 881 838 1000 611 14 0(74678.00, 74678.00)
route 154, node_num 8, cost 1385.104000, nodes: 0(120000.00, 120000.00) 882 941 285 373 279 1200(59260.00, 59260.00) 0(21064.00, 21064.00)
route 155, node_num 9, cost 1680.406000, nodes: 0(120000.00, 120000.00) 883 550 803 788 329 33 1118(51806.00, 51835.00) 0(0.00, 0.00)
route 156, node_num 6, cost 1409.562000, nodes: 0(120000.00, 120000.00) 884 760 780 592 0(19317.00, 19317.00)
route 157, node_num 6, cost 748.636000, nodes: 0(120000.00, 120000.00) 885 634 53 405 0(66526.00, 66526.00)
route 158, node_num 8, cost 1292.466000, nodes: 0(120000.00, 120000.00) 886 756 101 75 94 1085(64508.00, 64508.00) 0(27681.00, 27681.00)
route 159, node_num 6, cost 613.536000, nodes: 0(120000.00, 120000.00) 888 375 46 488 0(76176.00, 76176.00)
route 160, node_num 9, cost 1097.180000, nodes: 0(120000.00, 120000.00) 902 629 246 844 807 159 1119(66380.00, 66380.00) 0(41630.00, 41630.00)
route 161, node_num 7, cost 987.952000, nodes: 0(120000.00, 120000.00) 906 164 740 144 1160(72151.00, 72151.00) 0(49432.00, 49432.00)
route 162, node_num 7, cost 1064.728000, nodes: 0(120000.00, 120000.00) 910 17 256 28 500 0(43948.00, 43948.00)
route 163, node_num 8, cost 1042.188000, nodes: 0(120000.00, 120000.00) 911 8 924 728 39 1019(70308.00, 70308.00) 0(45558.00, 45558.00)
route 164, node_num 6, cost 1061.074000, nodes: 0(120000.00, 120000.00) 913 31 74 630 0(44209.00, 44209.00)
route 165, node_num 7, cost 1092.294000, nodes: 0(120000.00, 120000.00) 921 916 638 399 750 0(41979.00, 41979.00)
route 166, node_num 3, cost 45.108000, nodes: 0(120000.00, 120000.00) 948 0(116778.00, 116778.00)
route 167, node_num 7, cost 1117.032000, nodes: 0(120000.00, 120000.00) 959 505 262 372 771 0(40212.00, 40212.00)
route 168, node_num 8, cost 1566.656000, nodes: 0(120000.00, 120000.00) 960 309 833 377 114 1013(17832.00, 17832.00) 0(8096.00, 8096.00)
route 169, node_num 8, cost 1820.056000, nodes: 0(120000.00, 120000.00) 961 292 613 784 938 1154(11912.00, 21916.00) 0(0.00, 0.00)
route 170, node_num 9, cost 1518.104000, nodes: 0(120000.00, 120000.00) 963 653 735 1017(62335.00, 62335.00) 67 477 1068(52636.00, 52636.00) 0(11564.00, 11564.00)
route 171, node_num 8, cost 1556.128000, nodes: 0(120000.00, 120000.00) 964 91 54 435 308 106 0(8848.00, 8848.00)
route 172, node_num 6, cost 449.820000, nodes: 0(120000.00, 120000.00) 994 484 864 82 0(87870.00, 87870.00)
route 173, node_num 9, cost 1505.112000, nodes: 0(120000.00, 120000.00) 997 90 622 440 463 710 1091(19533.00, 19533.00) 0(12492.00, 12492.00)
route 174, node_num 8, cost 1386.784000, nodes: 0(120000.00, 120000.00) 1001(89828.00, 109828.00) 599 673 986 52 1009(75821.00, 75821.00) 0(40944.00, 40944.00)
route 175, node_num 9, cost 1558.578000, nodes: 0(120000.00, 120000.00) 1004(114583.00, 114583.00) 720 899 202 97 633 1109(43550.00, 43550.00) 0(8673.00, 8673.00)
route 176, node_num 7, cost 1591.744000, nodes: 0(120000.00, 120000.00) 1020(88305.00, 88305.00) 222 204 259 1096(36380.00, 36380.00) 0(6304.00, 6304.00)
route 177, node_num 8, cost 1302.000000, nodes: 0(120000.00, 120000.00) 1023(78884.00, 94884.00) 444 836 235 859 473 0(43000.00, 43000.00)
route 178, node_num 9, cost 1363.852000, nodes: 0(120000.00, 120000.00) 1025(97482.00, 97482.00) 951 232 183 600 791 1052(61002.00, 61002.00) 0(22582.00, 22582.00)
route 179, node_num 8, cost 1557.192000, nodes: 0(120000.00, 120000.00) 1026(87936.00, 120000.00) 944 979 177 905 584 0(40836.00, 40836.00)
route 180, node_num 8, cost 944.874000, nodes: 0(120000.00, 120000.00) 1028(112837.00, 120000.00) 137 615 981 529 995 0(59672.00, 59672.00)
route 181, node_num 8, cost 1474.984000, nodes: 0(120000.00, 120000.00) 1029(89163.00, 120000.00) 945 552 208 305 1196(75557.00, 75557.00) 0(45481.00, 45481.00)
route 182, node_num 8, cost 1600.844000, nodes: 0(120000.00, 120000.00) 1030(107271.00, 107271.00) 614 439 774 151 814 0(5654.00, 5654.00)
route 183, node_num 8, cost 1699.558000, nodes: 0(120000.00, 120000.00) 1031(83199.00, 83199.00) 368 590 940 369 1166(43558.00, 44955.00) 0(0.00, 0.00)
route 184, node_num 6, cost 1225.630000, nodes: 0(120000.00, 120000.00) 1032(86549.00, 120000.00) 969 758 352 0(65906.00, 65906.00)
route 185, node_num 8, cost 1271.998000, nodes: 0(120000.00, 120000.00) 1033(110242.00, 110242.00) 168 392 516 889 1194(54225.00, 54225.00) 0(29143.00, 29143.00)
route 186, node_num 8, cost 1486.548000, nodes: 0(120000.00, 120000.00) 1035(84119.00, 84119.00) 709 742 842 158 576 0(13818.00, 13818.00)
route 187, node_num 7, cost 1103.242000, nodes: 0(120000.00, 120000.00) 1036(104529.00, 120000.00) 804 267 928 122 0(56668.00, 56668.00)
route 188, node_num 8, cost 1248.632000, nodes: 0(120000.00, 120000.00) 1038(101984.00, 101984.00) 796 823 443 188 364 0(30812.00, 30812.00)
route 189, node_num 8, cost 1618.246000, nodes: 0(120000.00, 120000.00) 1045(94527.00, 110527.00) 718 43 244 988 1190(56512.00, 56512.00) 0(20411.00, 20411.00)
route 190, node_num 9, cost 1786.274000, nodes: 0(120000.00, 120000.00) 1054(97972.00, 97972.00) 887 907 511 519 209 1005(46313.00, 53904.00) 0(0.00, 0.00)
route 191, node_num 10, cost 1614.494000, nodes: 0(120000.00, 120000.00) 1072(109258.00, 109258.00) 926 107 1161(62966.00, 62966.00) 900 85 48 1115(46767.00, 46767.00) 0(4679.00, 4679.00)
route 192, node_num 7, cost 1628.550000, nodes: 0(120000.00, 120000.00) 1073(97835.00, 120000.00) 99 546 397 534 0(25840.00, 25840.00)
route 193, node_num 7, cost 1708.084000, nodes: 0(120000.00, 120000.00) 1074(83303.00, 85309.00) 520 145 281 207 0(0.00, 0.00)
route 194, node_num 7, cost 1607.396000, nodes: 0(120000.00, 120000.00) 1080(86483.00, 86483.00) 393 966 635 729 0(5186.00, 5186.00)
route 195, node_num 8, cost 1719.228000, nodes: 0(120000.00, 120000.00) 1083(90546.00, 90546.00) 318 32 29 927 1146(50129.00, 52931.00) 0(0.00, 0.00)
route 196, node_num 8, cost 1129.856000, nodes: 0(120000.00, 120000.00) 1101(89828.00, 117828.00) 113 567 897 642 1198(100753.00, 100753.00) 0(67296.00, 67296.00)
route 197, node_num 8, cost 1642.914000, nodes: 0(120000.00, 120000.00) 1104(114583.00, 114583.00) 577 678 242 293 358 0(2649.00, 2649.00)
route 198, node_num 7, cost 1706.194000, nodes: 0(120000.00, 120000.00) 1112(114641.00, 120000.00) 415 176 929 525 0(3488.00, 3488.00)
route 199, node_num 8, cost 1439.914000, nodes: 0(120000.00, 120000.00) 1121(99220.00, 99220.00) 487 894 49 370 363 0(17149.00, 17149.00)
route 200, node_num 8, cost 1677.620000, nodes: 0(120000.00, 120000.00) 1125(97482.00, 97482.00) 537 163 92 118 915 0(170.00, 170.00)
route 201, node_num 9, cost 986.958000, nodes: 0(120000.00, 120000.00) 1128(112837.00, 120000.00) 518 801 721 711 156 1027(71088.00, 71088.00) 0(56666.00, 56666.00)
route 202, node_num 6, cost 1649.886000, nodes: 0(120000.00, 120000.00) 1129(89163.00, 89163.00) 967 418 150 0(2151.00, 2151.00)
route 203, node_num 8, cost 1763.076000, nodes: 0(120000.00, 120000.00) 1130(107271.00, 107271.00) 775 125 543 526 1180(27311.00, 33245.00) 0(0.00, 0.00)
route 204, node_num 8, cost 1470.322000, nodes: 0(120000.00, 120000.00) 1132(86549.00, 94549.00) 513 470 879 68 376 0(22977.00, 22977.00)
route 205, node_num 9, cost 1477.952000, nodes: 0(120000.00, 120000.00) 1135(84119.00, 84119.00) 180 157 461 980 736 1090(50533.00, 50533.00) 0(14432.00, 14432.00)
route 206, node_num 8, cost 1160.446000, nodes: 0(120000.00, 120000.00) 1136(104529.00, 120000.00) 404 661 668 896 161 0(52582.00, 52582.00)
route 207, node_num 9, cost 1535.674000, nodes: 0(120000.00, 120000.00) 1145(94527.00, 94527.00) 16 132 873 182 840 1014(55059.00, 55059.00) 0(10309.00, 10309.00)
route 208, node_num 9, cost 1495.732000, nodes: 0(120000.00, 120000.00) 1172(109258.00, 109258.00) 574 350 792 612 1049(60127.00, 60127.00) 346 0(13162.00, 13162.00)
route 209, node_num 8, cost 1614.760000, nodes: 0(120000.00, 120000.00) 1173(97835.00, 105835.00) 433 330 238 1134(61482.00, 61482.00) 589 0(12660.00, 12660.00)
route 210, node_num 8, cost 1596.182000, nodes: 0(120000.00, 120000.00) 1174(83303.00, 83303.00) 608 875 865 410 677 0(5987.00, 5987.00)
route 211, node_num 7, cost 1587.810000, nodes: 0(120000.00, 120000.00) 1175(81210.00, 109210.00) 449 849 143 528 0(34585.00, 34585.00)
route 212, node_num 7, cost 1213.954000, nodes: 0(120000.00, 120000.00) 1183(90546.00, 90546.00) 866 895 739 184 0(33289.00, 33289.00)
route 213, node_num 8, cost 521.752000, nodes: 0(120000.00, 120000.00) 1186(112711.00, 120000.00) 579 61 656 70 1138(100817.00, 100817.00) 0(90021.00, 90021.00)
route 214, node_num 9, cost 1082.046000, nodes: 0(120000.00, 120000.00) 1197(109074.00, 109074.00) 990 663 593 669 63 271 0(42711.00, 42711.00)
vehicle (route) number: 215
Total cost: 316816.36
318039.91, 32484.75
327838.55, 32443.30
329685.94, 32418.31
324959.01, 32446.59
332921.49, 32434.05
318463.35, 32446.81
322868.05, 32456.38
323375.78, 32400.53
316816.36, 32433.72
318309.56, 32548.51
