Details of the solution:
route 0, node_num 7, cost 1042.482000, nodes: 0(120000.00, 120000.00) 7 715 957 908 886 0(45537.00, 45537.00)
route 1, node_num 5, cost 1297.002000, nodes: 0(120000.00, 120000.00) 8 389 127 0(27357.00, 27357.00)
route 2, node_num 5, cost 1629.194000, nodes: 0(120000.00, 120000.00) 16 85 439 0(3629.00, 3629.00)
route 3, node_num 5, cost 737.842000, nodes: 0(120000.00, 120000.00) 21 142 311 0(67297.00, 67297.00)
route 4, node_num 8, cost 1879.458000, nodes: 0(120000.00, 120000.00) 755 26 960 41 209 1047(34951.00, 49198.00) 0(0.00, 0.00)
route 5, node_num 5, cost 978.488000, nodes: 0(120000.00, 120000.00) 27 806 345 0(50108.00, 50108.00)
route 6, node_num 4, cost 1031.268000, nodes: 0(120000.00, 120000.00) 31 313 0(46338.00, 46338.00)
route 7, node_num 6, cost 913.416000, nodes: 0(120000.00, 120000.00) 38 391 958 993 0(54756.00, 54756.00)
route 8, node_num 5, cost 1273.888000, nodes: 0(120000.00, 120000.00) 52 344 62 0(29008.00, 29008.00)
route 9, node_num 6, cost 1586.046000, nodes: 0(120000.00, 120000.00) 55 282 868 839 0(6711.00, 6711.00)
route 10, node_num 5, cost 252.000000, nodes: 0(120000.00, 120000.00) 57 398 808 0(102000.00, 102000.00)
route 11, node_num 6, cost 1136.128000, nodes: 0(120000.00, 120000.00) 64 438 500 873 0(38848.00, 38848.00)
route 12, node_num 6, cost 1484.826000, nodes: 0(120000.00, 120000.00) 68 446 777 643 0(13941.00, 13941.00)
route 13, node_num 4, cost 1322.146000, nodes: 0(120000.00, 120000.00) 80 69 0(25561.00, 25561.00)
route 14, node_num 7, cost 1725.682000, nodes: 0(120000.00, 120000.00) 204 305 816 207 1003(5852.00, 9115.00) 0(0.00, 0.00)
route 15, node_num 7, cost 1790.334000, nodes: 0(120000.00, 120000.00) 89 926 827 425 1095(6349.00, 14230.00) 0(0.00, 0.00)
route 16, node_num 7, cost 1443.554000, nodes: 0(120000.00, 120000.00) 90 334 998 396 947 0(16889.00, 16889.00)
route 17, node_num 5, cost 1428.350000, nodes: 0(120000.00, 120000.00) 93 931 711 0(17975.00, 17975.00)
route 18, node_num 6, cost 1036.238000, nodes: 0(120000.00, 120000.00) 946 945 493 763 0(45983.00, 45983.00)
route 19, node_num 7, cost 1078.546000, nodes: 0(120000.00, 120000.00) 119 628 471 257 577 0(42961.00, 42961.00)
route 20, node_num 6, cost 1503.754000, nodes: 0(120000.00, 120000.00) 120 719 666 770 0(12589.00, 12589.00)
route 21, node_num 4, cost 154.770000, nodes: 0(120000.00, 120000.00) 347 464 0(108945.00, 108945.00)
route 22, node_num 6, cost 1394.582000, nodes: 0(120000.00, 120000.00) 126 918 717 712 0(20387.00, 20387.00)
route 23, node_num 5, cost 691.320000, nodes: 0(120000.00, 120000.00) 942 605 943 0(70620.00, 70620.00)
route 24, node_num 6, cost 1650.446000, nodes: 0(120000.00, 120000.00) 582 132 186 491 0(2111.00, 2111.00)
route 25, node_num 5, cost 1188.768000, nodes: 0(120000.00, 120000.00) 133 321 579 0(35088.00, 35088.00)
route 26, node_num 5, cost 850.094000, nodes: 0(120000.00, 120000.00) 135 465 591 0(59279.00, 59279.00)
route 27, node_num 6, cost 1344.154000, nodes: 0(120000.00, 120000.00) 146 990 379 949 0(23989.00, 23989.00)
route 28, node_num 6, cost 997.486000, nodes: 0(120000.00, 120000.00) 154 472 36 312 0(48751.00, 48751.00)
route 29, node_num 6, cost 1551.466000, nodes: 0(120000.00, 120000.00) 160 909 525 979 0(9181.00, 9181.00)
route 30, node_num 6, cost 1385.174000, nodes: 0(120000.00, 120000.00) 166 167 609 122 0(21059.00, 21059.00)
route 31, node_num 5, cost 674.128000, nodes: 0(120000.00, 120000.00) 171 930 705 0(71848.00, 71848.00)
route 32, node_num 4, cost 415.254000, nodes: 0(120000.00, 120000.00) 295 221 0(90339.00, 90339.00)
route 33, node_num 6, cost 848.988000, nodes: 0(120000.00, 120000.00) 174 898 63 707 0(59358.00, 59358.00)
route 34, node_num 7, cost 1442.490000, nodes: 0(120000.00, 120000.00) 178 188 821 251 1140(50111.00, 50111.00) 0(16965.00, 16965.00)
route 35, node_num 7, cost 1675.786000, nodes: 0(120000.00, 120000.00) 1007(76524.00, 76524.00) 183 890 862 224 0(301.00, 301.00)
route 36, node_num 6, cost 1270.640000, nodes: 0(120000.00, 120000.00) 196 732 262 253 0(29240.00, 29240.00)
route 37, node_num 7, cost 1594.530000, nodes: 0(120000.00, 120000.00) 198 435 325 48 1092(28296.00, 28296.00) 0(6105.00, 6105.00)
route 38, node_num 7, cost 931.672000, nodes: 0(120000.00, 120000.00) 760 173 121 514 865 0(53452.00, 53452.00)
route 39, node_num 5, cost 1065.834000, nodes: 0(120000.00, 120000.00) 210 767 299 0(43869.00, 43869.00)
route 40, node_num 7, cost 1187.802000, nodes: 0(120000.00, 120000.00) 213 225 22 390 71 0(35157.00, 35157.00)
route 41, node_num 6, cost 1217.972000, nodes: 0(120000.00, 120000.00) 86 60 530 76 0(33002.00, 33002.00)
route 42, node_num 5, cost 1154.286000, nodes: 0(120000.00, 120000.00) 792 287 887 0(37551.00, 37551.00)
route 43, node_num 8, cost 1706.362000, nodes: 0(120000.00, 120000.00) 131 229 915 134 622 1184(38227.00, 40110.00) 0(0.00, 0.00)
route 44, node_num 8, cost 1775.326000, nodes: 0(120000.00, 120000.00) 223 429 460 215 45 1056(16569.00, 23378.00) 0(0.00, 0.00)
route 45, node_num 5, cost 570.080000, nodes: 0(120000.00, 120000.00) 341 117 559 0(79280.00, 79280.00)
route 46, node_num 8, cost 1697.024000, nodes: 0(120000.00, 120000.00) 235 861 440 723 782 1181(36033.00, 37249.00) 0(0.00, 0.00)
route 47, node_num 6, cost 1350.552000, nodes: 0(120000.00, 120000.00) 231 859 179 607 0(23532.00, 23532.00)
route 48, node_num 6, cost 1339.198000, nodes: 0(120000.00, 120000.00) 232 444 406 404 0(24343.00, 24343.00)
route 49, node_num 7, cost 1321.558000, nodes: 0(120000.00, 120000.00) 100 560 402 766 113 0(25603.00, 25603.00)
route 50, node_num 4, cost 1153.964000, nodes: 0(120000.00, 120000.00) 239 976 0(37574.00, 37574.00)
route 51, node_num 6, cost 1163.400000, nodes: 0(120000.00, 120000.00) 333 116 729 211 0(36900.00, 36900.00)
route 52, node_num 6, cost 1635.172000, nodes: 0(120000.00, 120000.00) 250 986 941 260 0(3202.00, 3202.00)
route 53, node_num 4, cost 897.302000, nodes: 0(120000.00, 120000.00) 255 657 0(55907.00, 55907.00)
route 54, node_num 8, cost 939.260000, nodes: 0(120000.00, 120000.00) 261 249 290 654 457 1000 0(52910.00, 52910.00)
route 55, node_num 5, cost 536.690000, nodes: 0(120000.00, 120000.00) 266 453 455 0(81665.00, 81665.00)
route 56, node_num 5, cost 974.988000, nodes: 0(120000.00, 120000.00) 267 678 144 0(50358.00, 50358.00)
route 57, node_num 5, cost 446.586000, nodes: 0(120000.00, 120000.00) 268 359 360 0(88101.00, 88101.00)
route 58, node_num 6, cost 1576.554000, nodes: 0(120000.00, 120000.00) 284 645 366 486 0(7389.00, 7389.00)
route 59, node_num 4, cost 936.908000, nodes: 0(120000.00, 120000.00) 536 520 0(53078.00, 53078.00)
route 60, node_num 5, cost 915.502000, nodes: 0(120000.00, 120000.00) 655 353 932 0(54607.00, 54607.00)
route 61, node_num 6, cost 1499.540000, nodes: 0(120000.00, 120000.00) 289 293 584 722 0(12890.00, 12890.00)
route 62, node_num 5, cost 1542.268000, nodes: 0(120000.00, 120000.00) 594 433 315 0(9838.00, 9838.00)
route 63, node_num 6, cost 872.382000, nodes: 0(120000.00, 120000.00) 296 858 153 961 0(57687.00, 57687.00)
route 64, node_num 7, cost 1422.792000, nodes: 0(120000.00, 120000.00) 302 349 49 895 697 0(18372.00, 18372.00)
route 65, node_num 7, cost 1710.618000, nodes: 0(120000.00, 120000.00) 303 1 1020(70011.00, 72198.00) 872 506 0(0.00, 0.00)
route 66, node_num 6, cost 770.434000, nodes: 0(120000.00, 120000.00) 970 833 115 837 0(64969.00, 64969.00)
route 67, node_num 7, cost 676.004000, nodes: 0(120000.00, 120000.00) 326 778 459 206 342 0(71714.00, 71714.00)
route 68, node_num 6, cost 808.948000, nodes: 0(120000.00, 120000.00) 328 541 65 906 0(62218.00, 62218.00)
route 69, node_num 5, cost 1520.358000, nodes: 0(120000.00, 120000.00) 332 825 586 0(11403.00, 11403.00)
route 70, node_num 4, cost 534.604000, nodes: 0(120000.00, 120000.00) 82 140 0(81814.00, 81814.00)
route 71, node_num 6, cost 1602.020000, nodes: 0(120000.00, 120000.00) 513 951 92 118 0(5570.00, 5570.00)
route 72, node_num 8, cost 1578.458000, nodes: 0(120000.00, 120000.00) 885 339 981 845 952 1040(40399.00, 40399.00) 0(7253.00, 7253.00)
route 73, node_num 7, cost 1398.768000, nodes: 0(120000.00, 120000.00) 228 801 81 129 192 0(20088.00, 20088.00)
route 74, node_num 6, cost 1471.288000, nodes: 0(120000.00, 120000.00) 348 432 875 279 0(14908.00, 14908.00)
route 75, node_num 5, cost 1567.230000, nodes: 0(120000.00, 120000.00) 112 350 214 0(8055.00, 8055.00)
route 76, node_num 7, cost 1608.418000, nodes: 0(120000.00, 120000.00) 735 637 104 54 1192(27304.00, 27304.00) 0(5113.00, 5113.00)
route 77, node_num 5, cost 1455.426000, nodes: 0(120000.00, 120000.00) 352 319 18 0(16041.00, 16041.00)
route 78, node_num 7, cost 636.636000, nodes: 0(120000.00, 120000.00) 357 23 938 458 354 0(74526.00, 74526.00)
route 79, node_num 6, cost 1655.542000, nodes: 0(120000.00, 120000.00) 362 925 106 818 0(1747.00, 1747.00)
route 80, node_num 7, cost 1013.432000, nodes: 0(120000.00, 120000.00) 713 19 495 597 77 0(47612.00, 47612.00)
route 81, node_num 6, cost 1666.546000, nodes: 0(120000.00, 120000.00) 814 66 407 1023(5475.00, 5475.00) 0(961.00, 961.00)
route 82, node_num 5, cost 1388.464000, nodes: 0(120000.00, 120000.00) 400 537 227 0(20824.00, 20824.00)
route 83, node_num 6, cost 1418.984000, nodes: 0(120000.00, 120000.00) 542 574 828 309 0(18644.00, 18644.00)
route 84, node_num 7, cost 1207.192000, nodes: 0(120000.00, 120000.00) 217 387 642 516 385 0(33772.00, 33772.00)
route 85, node_num 5, cost 1390.102000, nodes: 0(120000.00, 120000.00) 388 318 185 0(20707.00, 20707.00)
route 86, node_num 6, cost 1340.388000, nodes: 0(120000.00, 120000.00) 393 904 929 275 0(24258.00, 24258.00)
route 87, node_num 7, cost 1638.462000, nodes: 0(120000.00, 120000.00) 1045(99812.00, 99812.00) 394 686 710 667 0(2967.00, 2967.00)
route 88, node_num 6, cost 1541.890000, nodes: 0(120000.00, 120000.00) 395 197 373 751 0(9865.00, 9865.00)
route 89, node_num 7, cost 2167.354000, nodes: 0(120000.00, 120000.00) 355 601 613 900 1111(12733.00, 47544.00) 0(0.00, 0.00)
route 90, node_num 6, cost 1489.040000, nodes: 0(120000.00, 120000.00) 409 953 548 47 0(13640.00, 13640.00)
route 91, node_num 7, cost 1512.826000, nodes: 0(120000.00, 120000.00) 811 903 110 902 317 0(11941.00, 11941.00)
route 92, node_num 7, cost 1136.184000, nodes: 0(120000.00, 120000.00) 415 819 823 240 674 0(38844.00, 38844.00)
route 93, node_num 6, cost 697.368000, nodes: 0(120000.00, 120000.00) 218 419 361 702 0(70188.00, 70188.00)
route 94, node_num 5, cost 1289.820000, nodes: 0(120000.00, 120000.00) 422 383 665 0(27870.00, 27870.00)
route 95, node_num 7, cost 1991.066000, nodes: 0(120000.00, 120000.00) 424 427 233 32 1038(18300.00, 40519.00) 0(0.00, 0.00)
route 96, node_num 7, cost 1643.572000, nodes: 0(120000.00, 120000.00) 442 847 504 13 1167(24015.00, 24015.00) 0(2602.00, 2602.00)
route 97, node_num 6, cost 1643.236000, nodes: 0(120000.00, 120000.00) 449 746 1060(42419.00, 42419.00) 590 0(2626.00, 2626.00)
route 98, node_num 6, cost 528.304000, nodes: 0(120000.00, 120000.00) 450 498 578 817 0(82264.00, 82264.00)
route 99, node_num 8, cost 1335.516000, nodes: 0(120000.00, 120000.00) 454 884 866 649 840 995 0(24606.00, 24606.00)
route 100, node_num 4, cost 341.362000, nodes: 0(120000.00, 120000.00) 336 300 0(95617.00, 95617.00)
route 101, node_num 5, cost 531.678000, nodes: 0(120000.00, 120000.00) 473 789 109 0(82023.00, 82023.00)
route 102, node_num 6, cost 638.498000, nodes: 0(120000.00, 120000.00) 475 280 846 384 0(74393.00, 74393.00)
route 103, node_num 7, cost 1582.658000, nodes: 0(120000.00, 120000.00) 478 592 376 632 307 0(6953.00, 6953.00)
route 104, node_num 6, cost 1334.830000, nodes: 0(120000.00, 120000.00) 480 768 75 184 0(24655.00, 24655.00)
route 105, node_num 8, cost 1737.722000, nodes: 0(120000.00, 120000.00) 482 706 756 194 787 1164(15211.00, 19334.00) 0(0.00, 0.00)
route 106, node_num 6, cost 1691.144000, nodes: 0(120000.00, 120000.00) 485 700 962 1194(33181.00, 33977.00) 0(0.00, 0.00)
route 107, node_num 4, cost 1422.778000, nodes: 0(120000.00, 120000.00) 492 883 0(18373.00, 18373.00)
route 108, node_num 7, cost 1016.274000, nodes: 0(120000.00, 120000.00) 497 2 618 374 346 0(47409.00, 47409.00)
route 109, node_num 7, cost 1155.938000, nodes: 0(120000.00, 120000.00) 502 441 434 20 95 0(37433.00, 37433.00)
route 110, node_num 6, cost 1413.496000, nodes: 0(120000.00, 120000.00) 175 507 950 638 0(19036.00, 19036.00)
route 111, node_num 5, cost 1643.978000, nodes: 0(120000.00, 120000.00) 510 625 177 0(2573.00, 2573.00)
route 112, node_num 7, cost 1660.302000, nodes: 0(120000.00, 120000.00) 1092(100649.00, 120000.00) 511 408 369 871 0(20758.00, 20758.00)
route 113, node_num 6, cost 1100.022000, nodes: 0(120000.00, 120000.00) 335 922 975 580 0(41427.00, 41427.00)
route 114, node_num 6, cost 1359.218000, nodes: 0(120000.00, 120000.00) 193 623 273 718 0(22913.00, 22913.00)
route 115, node_num 7, cost 1860.544000, nodes: 0(120000.00, 120000.00) 524 149 292 730 1147(36302.00, 49198.00) 0(0.00, 0.00)
route 116, node_num 6, cost 603.050000, nodes: 0(120000.00, 120000.00) 532 124 851 306 0(76925.00, 76925.00)
route 117, node_num 9, cost 1690.612000, nodes: 0(120000.00, 120000.00) 533 220 554 831 428 668 1050(48981.00, 49739.00) 0(0.00, 0.00)
route 118, node_num 7, cost 1785.882000, nodes: 0(120000.00, 120000.00) 535 304 805 378 1115(23978.00, 31541.00) 0(0.00, 0.00)
route 119, node_num 7, cost 1333.682000, nodes: 0(120000.00, 120000.00) 539 880 413 74 105 0(24737.00, 24737.00)
route 120, node_num 7, cost 1005.788000, nodes: 0(120000.00, 120000.00) 621 25 853 88 37 0(48158.00, 48158.00)
route 121, node_num 7, cost 840.014000, nodes: 0(120000.00, 120000.00) 544 675 270 977 634 0(59999.00, 59999.00)
route 122, node_num 7, cost 1052.212000, nodes: 0(120000.00, 120000.00) 551 545 994 658 663 0(44842.00, 44842.00)
route 123, node_num 5, cost 1274.896000, nodes: 0(120000.00, 120000.00) 553 421 687 0(28936.00, 28936.00)
route 124, node_num 6, cost 1380.274000, nodes: 0(120000.00, 120000.00) 543 555 567 761 0(21409.00, 21409.00)
route 125, node_num 4, cost 798.518000, nodes: 0(120000.00, 120000.00) 558 490 0(62963.00, 62963.00)
route 126, node_num 6, cost 1631.168000, nodes: 0(120000.00, 120000.00) 564 452 202 881 0(3488.00, 3488.00)
route 127, node_num 6, cost 1183.938000, nodes: 0(120000.00, 120000.00) 565 606 600 836 0(35433.00, 35433.00)
route 128, node_num 7, cost 416.332000, nodes: 0(120000.00, 120000.00) 568 882 111 277 138 0(90262.00, 90262.00)
route 129, node_num 6, cost 1304.646000, nodes: 0(120000.00, 120000.00) 569 40 481 959 0(26811.00, 26811.00)
route 130, node_num 5, cost 1272.908000, nodes: 0(120000.00, 120000.00) 689 272 242 0(29078.00, 29078.00)
route 131, node_num 8, cost 1487.780000, nodes: 0(120000.00, 120000.00) 1058(106519.00, 106519.00) 576 137 226 661 693 0(13730.00, 13730.00)
route 132, node_num 5, cost 192.164000, nodes: 0(120000.00, 120000.00) 583 829 462 0(106274.00, 106274.00)
route 133, node_num 6, cost 1664.600000, nodes: 0(120000.00, 120000.00) 585 747 96 1096(39473.00, 39473.00) 0(1100.00, 1100.00)
route 134, node_num 6, cost 1320.886000, nodes: 0(120000.00, 120000.00) 587 690 699 688 0(25651.00, 25651.00)
route 135, node_num 7, cost 1765.330000, nodes: 0(120000.00, 120000.00) 593 750 412 905 1094(27882.00, 33977.00) 0(0.00, 0.00)
route 136, node_num 8, cost 1630.552000, nodes: 0(120000.00, 120000.00) 955 896 969 748 73 1028(36536.00, 36536.00) 0(3532.00, 3532.00)
route 137, node_num 5, cost 1034.222000, nodes: 0(120000.00, 120000.00) 595 547 108 0(46127.00, 46127.00)
route 138, node_num 6, cost 1517.894000, nodes: 0(120000.00, 120000.00) 596 199 549 392 0(11579.00, 11579.00)
route 139, node_num 6, cost 1298.696000, nodes: 0(120000.00, 120000.00) 604 103 978 518 0(27236.00, 27236.00)
route 140, node_num 6, cost 603.694000, nodes: 0(120000.00, 120000.00) 612 796 156 70 0(76879.00, 76879.00)
route 141, node_num 8, cost 998.200000, nodes: 0(120000.00, 120000.00) 614 939 786 417 599 380 0(48700.00, 48700.00)
route 142, node_num 6, cost 1600.396000, nodes: 0(120000.00, 120000.00) 615 420 78 531 0(5686.00, 5686.00)
route 143, node_num 6, cost 1424.262000, nodes: 0(120000.00, 120000.00) 617 737 200 274 0(18267.00, 18267.00)
route 144, node_num 6, cost 1608.194000, nodes: 0(120000.00, 120000.00) 619 258 401 852 0(5129.00, 5129.00)
route 145, node_num 4, cost 399.098000, nodes: 0(120000.00, 120000.00) 247 469 0(91493.00, 91493.00)
route 146, node_num 6, cost 1173.998000, nodes: 0(120000.00, 120000.00) 626 727 101 888 0(36143.00, 36143.00)
route 147, node_num 4, cost 1130.346000, nodes: 0(120000.00, 120000.00) 627 298 0(39261.00, 39261.00)
route 148, node_num 4, cost 947.856000, nodes: 0(120000.00, 120000.00) 740 588 0(52296.00, 52296.00)
route 149, node_num 7, cost 1699.054000, nodes: 0(120000.00, 120000.00) 635 704 172 269 1023(3153.00, 4514.00) 0(0.00, 0.00)
route 150, node_num 4, cost 637.980000, nodes: 0(120000.00, 120000.00) 640 241 0(74430.00, 74430.00)
route 151, node_num 6, cost 1725.486000, nodes: 0(120000.00, 120000.00) 1019(75699.00, 78948.00) 356 709 128 0(0.00, 0.00)
route 152, node_num 7, cost 1731.240000, nodes: 0(120000.00, 120000.00) 648 483 800 276 1113(46456.00, 50116.00) 0(0.00, 0.00)
route 153, node_num 6, cost 1211.462000, nodes: 0(120000.00, 120000.00) 653 815 479 405 0(33467.00, 33467.00)
route 154, node_num 6, cost 871.346000, nodes: 0(120000.00, 120000.00) 659 703 910 670 0(57761.00, 57761.00)
route 155, node_num 7, cost 1512.434000, nodes: 0(120000.00, 120000.00) 662 519 43 244 1023(16483.00, 16483.00) 0(11969.00, 11969.00)
route 156, node_num 6, cost 1305.556000, nodes: 0(120000.00, 120000.00) 672 935 44 538 0(26746.00, 26746.00)
route 157, node_num 7, cost 979.370000, nodes: 0(120000.00, 120000.00) 673 423 783 201 286 0(50045.00, 50045.00)
route 158, node_num 3, cost 855.470000, nodes: 0(120000.00, 120000.00) 254 0(58895.00, 58895.00)
route 159, node_num 6, cost 1649.480000, nodes: 0(120000.00, 120000.00) 681 91 5 236 0(2180.00, 2180.00)
route 160, node_num 7, cost 1706.614000, nodes: 0(120000.00, 120000.00) 571 924 742 83 1061(2585.00, 4486.00) 0(0.00, 0.00)
route 161, node_num 5, cost 1617.238000, nodes: 0(120000.00, 120000.00) 691 696 271 0(4483.00, 4483.00)
route 162, node_num 6, cost 793.618000, nodes: 0(120000.00, 120000.00) 692 496 879 499 0(63313.00, 63313.00)
route 163, node_num 4, cost 1547.980000, nodes: 0(120000.00, 120000.00) 694 610 0(9430.00, 9430.00)
route 164, node_num 5, cost 1066.884000, nodes: 0(120000.00, 120000.00) 708 468 447 0(43794.00, 43794.00)
route 165, node_num 7, cost 1545.012000, nodes: 0(120000.00, 120000.00) 367 860 807 363 256 0(9642.00, 9642.00)
route 166, node_num 4, cost 1025.038000, nodes: 0(120000.00, 120000.00) 6 933 0(46783.00, 46783.00)
route 167, node_num 5, cost 1141.434000, nodes: 0(120000.00, 120000.00) 963 397 456 0(38469.00, 38469.00)
route 168, node_num 6, cost 570.290000, nodes: 0(120000.00, 120000.00) 728 343 451 919 0(79265.00, 79265.00)
route 169, node_num 6, cost 226.842000, nodes: 0(120000.00, 120000.00) 731 24 824 327 0(103797.00, 103797.00)
route 170, node_num 5, cost 1597.400000, nodes: 0(120000.00, 120000.00) 874 476 488 0(5900.00, 5900.00)
route 171, node_num 5, cost 1163.596000, nodes: 0(120000.00, 120000.00) 736 489 371 0(36886.00, 36886.00)
route 172, node_num 6, cost 1095.738000, nodes: 0(120000.00, 120000.00) 739 56 169 203 0(41733.00, 41733.00)
route 173, node_num 7, cost 1905.652000, nodes: 0(120000.00, 120000.00) 1092(100649.00, 116767.00) 633 512 923 652 0(0.00, 0.00)
route 174, node_num 6, cost 1677.662000, nodes: 0(120000.00, 120000.00) 1045(99812.00, 99812.00) 744 426 616 0(167.00, 167.00)
route 175, node_num 7, cost 1577.296000, nodes: 0(120000.00, 120000.00) 753 629 850 50 1057(9693.00, 9693.00) 0(7336.00, 7336.00)
route 176, node_num 6, cost 1643.740000, nodes: 0(120000.00, 120000.00) 1045(99812.00, 120000.00) 418 79 764 0(22778.00, 22778.00)
route 177, node_num 7, cost 1433.698000, nodes: 0(120000.00, 120000.00) 757 534 738 399 647 0(17593.00, 17593.00)
route 178, node_num 7, cost 497.546000, nodes: 0(120000.00, 120000.00) 46 968 216 189 12 0(84461.00, 84461.00)
route 179, node_num 4, cost 931.420000, nodes: 0(120000.00, 120000.00) 762 17 0(53470.00, 53470.00)
route 180, node_num 8, cost 398.888000, nodes: 0(120000.00, 120000.00) 765 716 445 556 310 501 0(91508.00, 91508.00)
route 181, node_num 6, cost 1543.080000, nodes: 0(120000.00, 120000.00) 779 799 308 835 0(9780.00, 9780.00)
route 182, node_num 6, cost 1082.424000, nodes: 0(120000.00, 120000.00) 772 745 563 721 0(42684.00, 42684.00)
route 183, node_num 7, cost 1474.494000, nodes: 0(120000.00, 120000.00) 774 102 87 265 165 0(14679.00, 14679.00)
route 184, node_num 5, cost 1169.784000, nodes: 0(120000.00, 120000.00) 515 461 157 0(36444.00, 36444.00)
route 185, node_num 7, cost 1320.662000, nodes: 0(120000.00, 120000.00) 769 759 901 965 503 0(25667.00, 25667.00)
route 186, node_num 4, cost 1382.542000, nodes: 0(120000.00, 120000.00) 788 252 0(21247.00, 21247.00)
route 187, node_num 6, cost 1495.466000, nodes: 0(120000.00, 120000.00) 790 780 323 630 0(13181.00, 13181.00)
route 188, node_num 8, cost 1555.442000, nodes: 0(120000.00, 120000.00) 158 682 974 180 523 1081(46146.00, 46146.00) 0(8897.00, 8897.00)
route 189, node_num 5, cost 1513.834000, nodes: 0(120000.00, 120000.00) 793 894 35 0(11869.00, 11869.00)
route 190, node_num 7, cost 1640.380000, nodes: 0(120000.00, 120000.00) 797 470 572 484 219 0(2830.00, 2830.00)
route 191, node_num 7, cost 1429.162000, nodes: 0(120000.00, 120000.00) 411 795 72 844 61 0(17917.00, 17917.00)
route 192, node_num 6, cost 1656.858000, nodes: 0(120000.00, 120000.00) 812 810 264 771 0(1653.00, 1653.00)
route 193, node_num 7, cost 919.268000, nodes: 0(120000.00, 120000.00) 813 598 734 956 205 0(54338.00, 54338.00)
route 194, node_num 6, cost 1020.628000, nodes: 0(120000.00, 120000.00) 382 509 487 278 0(47098.00, 47098.00)
route 195, node_num 6, cost 1079.680000, nodes: 0(120000.00, 120000.00) 899 820 410 414 0(42880.00, 42880.00)
route 196, node_num 8, cost 1739.220000, nodes: 0(120000.00, 120000.00) 822 843 701 176 1004(44365.00, 48595.00) 752 0(0.00, 0.00)
route 197, node_num 6, cost 519.638000, nodes: 0(120000.00, 120000.00) 830 297 314 324 0(82883.00, 82883.00)
route 198, node_num 6, cost 774.088000, nodes: 0(120000.00, 120000.00) 841 557 985 758 0(64708.00, 64708.00)
route 199, node_num 8, cost 1579.508000, nodes: 0(120000.00, 120000.00) 848 322 570 155 677 1023(11692.00, 11692.00) 0(7178.00, 7178.00)
route 200, node_num 7, cost 1152.676000, nodes: 0(120000.00, 120000.00) 855 195 636 552 263 0(37666.00, 37666.00)
route 201, node_num 6, cost 1221.528000, nodes: 0(120000.00, 120000.00) 863 331 934 448 0(32748.00, 32748.00)
route 202, node_num 6, cost 954.058000, nodes: 0(120000.00, 120000.00) 867 4 660 98 0(51853.00, 51853.00)
route 203, node_num 7, cost 470.148000, nodes: 0(120000.00, 120000.00) 869 671 838 14 212 0(86418.00, 86418.00)
route 204, node_num 7, cost 1510.516000, nodes: 0(120000.00, 120000.00) 870 168 803 370 916 0(12106.00, 12106.00)
route 205, node_num 8, cost 1426.684000, nodes: 0(120000.00, 120000.00) 876 651 785 857 550 152 0(18094.00, 18094.00)
route 206, node_num 5, cost 1014.972000, nodes: 0(120000.00, 120000.00) 877 775 804 0(47502.00, 47502.00)
route 207, node_num 5, cost 1488.466000, nodes: 0(120000.00, 120000.00) 878 726 608 0(13681.00, 13681.00)
route 208, node_num 7, cost 1451.716000, nodes: 0(120000.00, 120000.00) 1198(102863.00, 120000.00) 991 611 937 416 0(33443.00, 33443.00)
route 209, node_num 7, cost 1248.198000, nodes: 0(120000.00, 120000.00) 889 246 39 984 714 0(30843.00, 30843.00)
route 210, node_num 4, cost 104.104000, nodes: 0(120000.00, 120000.00) 891 603 0(112564.00, 112564.00)
route 211, node_num 5, cost 1473.598000, nodes: 0(120000.00, 120000.00) 892 802 243 0(14743.00, 14743.00)
route 212, node_num 8, cost 1903.860000, nodes: 0(120000.00, 120000.00) 294 620 358 698 463 1039(33583.00, 49573.00) 0(0.00, 0.00)
route 213, node_num 7, cost 1060.472000, nodes: 0(120000.00, 120000.00) 403 301 581 641 540 0(44252.00, 44252.00)
route 214, node_num 6, cost 345.072000, nodes: 0(120000.00, 120000.00) 907 338 566 561 0(95352.00, 95352.00)
route 215, node_num 5, cost 959.084000, nodes: 0(120000.00, 120000.00) 351 505 375 0(51494.00, 51494.00)
route 216, node_num 7, cost 712.642000, nodes: 0(120000.00, 120000.00) 913 826 602 42 733 0(69097.00, 69097.00)
route 217, node_num 6, cost 1241.632000, nodes: 0(120000.00, 120000.00) 123 914 517 364 0(31312.00, 31312.00)
route 218, node_num 6, cost 1555.750000, nodes: 0(120000.00, 120000.00) 917 316 148 798 0(8875.00, 8875.00)
route 219, node_num 5, cost 809.452000, nodes: 0(120000.00, 120000.00) 136 809 573 0(62182.00, 62182.00)
route 220, node_num 6, cost 1252.314000, nodes: 0(120000.00, 120000.00) 928 372 724 983 0(30549.00, 30549.00)
route 221, node_num 7, cost 1331.162000, nodes: 0(120000.00, 120000.00) 776 754 94 170 695 0(24917.00, 24917.00)
route 222, node_num 7, cost 1077.006000, nodes: 0(120000.00, 120000.00) 936 340 187 130 53 0(43071.00, 43071.00)
route 223, node_num 4, cost 1417.570000, nodes: 0(120000.00, 120000.00) 948 337 0(18745.00, 18745.00)
route 224, node_num 5, cost 1432.060000, nodes: 0(120000.00, 120000.00) 386 997 624 0(17710.00, 17710.00)
route 225, node_num 7, cost 1102.346000, nodes: 0(120000.00, 120000.00) 288 940 11 508 164 0(41261.00, 41261.00)
route 226, node_num 7, cost 1724.254000, nodes: 0(120000.00, 120000.00) 725 285 527 365 1104(41236.00, 44397.00) 0(0.00, 0.00)
route 227, node_num 7, cost 1814.526000, nodes: 0(120000.00, 120000.00) 966 644 794 856 1090(37709.00, 47318.00) 0(0.00, 0.00)
route 228, node_num 7, cost 479.332000, nodes: 0(120000.00, 120000.00) 967 784 964 467 381 0(85762.00, 85762.00)
route 229, node_num 6, cost 1166.312000, nodes: 0(120000.00, 120000.00) 147 971 781 842 0(36692.00, 36692.00)
route 230, node_num 7, cost 1521.268000, nodes: 0(120000.00, 120000.00) 973 685 927 283 159 0(11338.00, 11338.00)
route 231, node_num 5, cost 1571.444000, nodes: 0(120000.00, 120000.00) 982 114 589 0(7754.00, 7754.00)
route 232, node_num 7, cost 1553.440000, nodes: 0(120000.00, 120000.00) 987 330 529 679 1003(18155.00, 18155.00) 0(9040.00, 9040.00)
route 233, node_num 7, cost 1744.498000, nodes: 0(120000.00, 120000.00) 150 162 29 466 1003(4508.00, 9115.00) 0(0.00, 0.00)
route 234, node_num 4, cost 684.922000, nodes: 0(120000.00, 120000.00) 3 9 0(71077.00, 71077.00)
route 235, node_num 6, cost 1655.836000, nodes: 0(120000.00, 120000.00) 992 238 834 248 0(1726.00, 1726.00)
route 236, node_num 7, cost 943.880000, nodes: 0(120000.00, 120000.00) 999 190 161 237 320 0(52580.00, 52580.00)
route 237, node_num 7, cost 1684.354000, nodes: 0(120000.00, 120000.00) 1002(72318.00, 72629.00) 743 720 575 59 0(0.00, 0.00)
route 238, node_num 5, cost 1291.402000, nodes: 0(120000.00, 120000.00) 912 864 639 0(27757.00, 27757.00)
route 239, node_num 7, cost 1663.228000, nodes: 0(120000.00, 120000.00) 1107(76524.00, 76524.00) 141 163 980 773 0(1198.00, 1198.00)
route 240, node_num 6, cost 1440.418000, nodes: 0(120000.00, 120000.00) 222 15 151 107 0(17113.00, 17113.00)
route 241, node_num 7, cost 1733.060000, nodes: 0(120000.00, 120000.00) 1017(97837.00, 97837.00) 988 368 1012(32978.00, 36768.00) 234 0(0.00, 0.00)
route 242, node_num 7, cost 1681.484000, nodes: 0(120000.00, 120000.00) 1018(110448.00, 110554.00) 893 259 676 650 0(0.00, 0.00)
route 243, node_num 8, cost 1603.028000, nodes: 0(120000.00, 120000.00) 1021(81946.00, 113946.00) 230 437 849 436 921 0(37498.00, 37498.00)
route 244, node_num 7, cost 1793.330000, nodes: 0(120000.00, 120000.00) 1022(83916.00, 120000.00) 377 683 477 911 0(27989.00, 27989.00)
route 245, node_num 8, cost 1735.804000, nodes: 0(120000.00, 120000.00) 1024(78004.00, 102004.00) 669 972 208 494 562 0(20014.00, 20014.00)
route 246, node_num 6, cost 1691.984000, nodes: 0(120000.00, 120000.00) 1030(107152.00, 108008.00) 791 996 191 0(0.00, 0.00)
route 247, node_num 7, cost 1739.360000, nodes: 0(120000.00, 120000.00) 1045(99812.00, 120000.00) 474 329 33 656 0(15948.00, 15948.00)
route 248, node_num 5, cost 1039.206000, nodes: 0(120000.00, 120000.00) 646 522 528 0(45771.00, 45771.00)
route 249, node_num 7, cost 1758.568000, nodes: 0(120000.00, 120000.00) 145 181 291 281 1077(14411.00, 20023.00) 0(0.00, 0.00)
route 250, node_num 7, cost 1800.946000, nodes: 0(120000.00, 120000.00) 1117(97837.00, 113837.00) 99 526 989 944 0(7361.00, 7361.00)
route 251, node_num 8, cost 1648.304000, nodes: 0(120000.00, 120000.00) 1121(81946.00, 120000.00) 245 680 854 51 631 0(40318.00, 40318.00)
route 252, node_num 7, cost 1641.528000, nodes: 0(120000.00, 120000.00) 1124(78004.00, 120000.00) 546 143 182 521 0(44744.00, 44744.00)
route 253, node_num 7, cost 1689.982000, nodes: 0(120000.00, 120000.00) 1130(107152.00, 107865.00) 84 431 897 749 0(0.00, 0.00)
route 254, node_num 7, cost 1778.756000, nodes: 0(120000.00, 120000.00) 1139(73131.00, 80185.00) 832 67 30 10 0(0.00, 0.00)
route 255, node_num 9, cost 1664.880000, nodes: 0(120000.00, 120000.00) 1145(99812.00, 99812.00) 139 430 97 684 125 1123(5594.00, 5594.00) 0(1080.00, 1080.00)
route 256, node_num 6, cost 1351.518000, nodes: 0(120000.00, 120000.00) 58 954 34 920 0(23463.00, 23463.00)
route 257, node_num 6, cost 1384.334000, nodes: 0(120000.00, 120000.00) 664 443 28 741 0(21119.00, 21119.00)
vehicle (route) number: 258
Total cost: 404459.61
415572.11, 32404.89
420415.57, 32412.90
415643.62, 32416.87
427837.11, 32434.90
420992.43, 32439.16
409036.25, 32440.23
422292.53, 32445.84
419429.98, 32475.19
404459.61, 32483.66
429490.64, 32459.05
