Details of the solution:
route 0, node_num 5, cost 1275.512000, nodes: 0(120000.00, 120000.00) 11 3 9 0(28892.00, 28892.00)
route 1, node_num 8, cost 1565.648000, nodes: 0(120000.00, 120000.00) 16 15 54 104 48 375(47018.00, 47018.00) 0(8168.00, 8168.00)
route 2, node_num 6, cost 818.790000, nodes: 0(120000.00, 120000.00) 23 175 117 123 0(61515.00, 61515.00)
route 3, node_num 6, cost 1291.220000, nodes: 0(120000.00, 120000.00) 30 62 27 171 0(27770.00, 27770.00)
route 4, node_num 7, cost 980.336000, nodes: 0(120000.00, 120000.00) 38 126 4 44 7 0(49976.00, 49976.00)
route 5, node_num 8, cost 1145.676000, nodes: 0(120000.00, 120000.00) 57 142 166 152 40 248(69060.00, 69060.00) 0(38166.00, 38166.00)
route 6, node_num 8, cost 1822.184000, nodes: 0(120000.00, 120000.00) 79 125 134 198 13 378(34110.00, 44266.00) 0(0.00, 0.00)
route 7, node_num 7, cost 1098.874000, nodes: 0(120000.00, 120000.00) 81 87 127 35 71 0(41509.00, 41509.00)
route 8, node_num 5, cost 533.988000, nodes: 0(120000.00, 120000.00) 82 147 42 0(81858.00, 81858.00)
route 9, node_num 8, cost 1815.688000, nodes: 0(120000.00, 120000.00) 83 162 26 29 33 318(42143.00, 51835.00) 0(0.00, 0.00)
route 10, node_num 7, cost 1092.840000, nodes: 0(120000.00, 120000.00) 102 190 50 55 364(62123.00, 62123.00) 0(41940.00, 41940.00)
route 11, node_num 9, cost 1012.256000, nodes: 0(120000.00, 120000.00) 111 204(114472.00, 114472.00) 98 178 196 187 37 0(47696.00, 47696.00)
route 12, node_num 8, cost 1399.860000, nodes: 0(120000.00, 120000.00) 112 84 300(58136.00, 58136.00) 47 116 243(36527.00, 36527.00) 0(20010.00, 20010.00)
route 13, node_num 6, cost 1030.750000, nodes: 0(120000.00, 120000.00) 131 139 2 6 0(46375.00, 46375.00)
route 14, node_num 5, cost 804.790000, nodes: 0(120000.00, 120000.00) 136 25 65 0(62515.00, 62515.00)
route 15, node_num 5, cost 366.282000, nodes: 0(120000.00, 120000.00) 138 109 135 0(93837.00, 93837.00)
route 16, node_num 8, cost 854.294000, nodes: 0(120000.00, 120000.00) 140 174 46 72 156 227(73401.00, 73401.00) 0(58979.00, 58979.00)
route 17, node_num 7, cost 739.088000, nodes: 0(120000.00, 120000.00) 153 93 18 124 313(76944.00, 76944.00) 0(67208.00, 67208.00)
route 18, node_num 8, cost 1228.906000, nodes: 0(120000.00, 120000.00) 154 164 31 74 184 283(61832.00, 61832.00) 0(32221.00, 32221.00)
route 19, node_num 7, cost 1856.372000, nodes: 0(120000.00, 120000.00) 186 176 32 45 263(41871.00, 54469.00) 0(0.00, 0.00)
route 20, node_num 7, cost 469.868000, nodes: 0(120000.00, 120000.00) 189 12 133 70 14 0(86438.00, 86438.00)
route 21, node_num 7, cost 1140.342000, nodes: 0(120000.00, 120000.00) 191 179 34 165 343(55064.00, 55064.00) 0(38547.00, 38547.00)
route 22, node_num 7, cost 1115.814000, nodes: 0(120000.00, 120000.00) 195 110 115 88 63 0(40299.00, 40299.00)
route 23, node_num 8, cost 1613.794000, nodes: 0(120000.00, 120000.00) 212(114641.00, 114641.00) 21 58 96 151 202(48472.00, 48472.00) 0(4729.00, 4729.00)
route 24, node_num 9, cost 1645.112000, nodes: 0(120000.00, 120000.00) 225(97482.00, 97482.00) 103 90 183 194 67 392(48791.00, 48791.00) 0(2492.00, 2492.00)
route 25, node_num 8, cost 1445.178000, nodes: 0(120000.00, 120000.00) 226(87936.00, 107936.00) 148 100 150 290(73872.00, 73872.00) 161 0(36773.00, 36773.00)
route 26, node_num 9, cost 856.562000, nodes: 0(120000.00, 120000.00) 228(112837.00, 112837.00) 61 64 53 119 130 355(75572.00, 75572.00) 0(58817.00, 58817.00)
route 27, node_num 7, cost 1924.440000, nodes: 0(120000.00, 120000.00) 229(89163.00, 89163.00) 181 128 5 278(26806.00, 44266.00) 0(0.00, 0.00)
route 28, node_num 9, cost 1675.338000, nodes: 0(120000.00, 120000.00) 230(107271.00, 107271.00) 132 107 143 182 106 314(45083.00, 45083.00) 0(333.00, 333.00)
route 29, node_num 8, cost 1588.342000, nodes: 0(120000.00, 120000.00) 231(83199.00, 99199.00) 160 99 197 80 262(67132.00, 67132.00) 0(22547.00, 22547.00)
route 30, node_num 8, cost 1161.328000, nodes: 0(120000.00, 120000.00) 233(110242.00, 120000.00) 168 199 49 28 272(55514.00, 55514.00) 0(46806.00, 46806.00)
route 31, node_num 8, cost 1648.486000, nodes: 0(120000.00, 120000.00) 235(84119.00, 120000.00) 163 177 78 200 291(45173.00, 45173.00) 0(38132.00, 38132.00)
route 32, node_num 9, cost 1345.008000, nodes: 0(120000.00, 120000.00) 273(97835.00, 97835.00) 1 89 76 60 86 219(48678.00, 48678.00) 0(23928.00, 23928.00)
route 33, node_num 8, cost 1352.750000, nodes: 0(120000.00, 120000.00) 274(83303.00, 120000.00) 24 193 10 144 360(82791.00, 82791.00) 0(60072.00, 60072.00)
route 34, node_num 9, cost 978.880000, nodes: 0(120000.00, 120000.00) 304(114583.00, 114583.00) 36 299(94987.00, 120000.00) 19 192 77 264(95276.00, 95276.00) 0(75093.00, 75093.00)
route 35, node_num 8, cost 1399.762000, nodes: 0(120000.00, 120000.00) 312(114641.00, 114641.00) 8 56 169 188 146 0(20017.00, 20017.00)
route 36, node_num 7, cost 1349.362000, nodes: 0(120000.00, 120000.00) 325(97482.00, 97482.00) 108 113 69 97 0(23617.00, 23617.00)
route 37, node_num 9, cost 1314.194000, nodes: 0(120000.00, 120000.00) 326(87936.00, 120000.00) 105 129 172 170 52 209(93070.00, 93070.00) 0(58193.00, 58193.00)
route 38, node_num 9, cost 1063.048000, nodes: 0(120000.00, 120000.00) 328(112837.00, 120000.00) 137 95 20 121 173 255(67986.00, 67986.00) 0(51231.00, 51231.00)
route 39, node_num 8, cost 1490.244000, nodes: 0(120000.00, 120000.00) 329(89163.00, 117163.00) 120 91 85 59 275(80404.00, 80404.00) 0(41554.00, 41554.00)
route 40, node_num 10, cost 1650.950000, nodes: 0(120000.00, 120000.00) 330(107271.00, 107271.00) 185 149 347(61761.00, 61761.00) 101 75 94 285(38902.00, 38902.00) 0(2075.00, 2075.00)
route 41, node_num 10, cost 1845.256000, nodes: 0(120000.00, 120000.00) 331(83199.00, 83199.00) 145 41 43 92 118 334(36981.00, 41744.00) 391(0.00, 7041.00) 0(0.00, 0.00)
route 42, node_num 7, cost 1412.740000, nodes: 0(120000.00, 120000.00) 332(86549.00, 86549.00) 167 51 66 268(60162.00, 60162.00) 0(19090.00, 19090.00)
route 43, node_num 8, cost 1372.392000, nodes: 0(120000.00, 120000.00) 335(84119.00, 84119.00) 180 141 68 122 260(44691.00, 44691.00) 0(21972.00, 21972.00)
route 44, node_num 8, cost 1041.138000, nodes: 0(120000.00, 120000.00) 372(109258.00, 120000.00) 17 22 159 39 319(81125.00, 81125.00) 0(56375.00, 56375.00)
route 45, node_num 9, cost 1496.068000, nodes: 0(120000.00, 120000.00) 373(97835.00, 120000.00) 157 155 73 114 158 213(45039.00, 45039.00) 0(35303.00, 35303.00)
vehicle (route) number: 46
Total cost: 71929.75
77536.31, 3603.35
72206.12, 3602.66
74563.48, 3603.11
74290.00, 3600.41
71929.75, 3604.63
73922.46, 3601.85
76149.02, 3600.11
73894.29, 3600.21
73183.84, 3601.04
74377.88, 3601.47
