Details of the solution:
route 0, node_num 5, cost 720.258000, nodes: 0(120000.00, 120000.00) 7 3 9 0(68553.00, 68553.00)
route 1, node_num 8, cost 1577.310000, nodes: 0(120000.00, 120000.00) 16 96 179 197 211(53327.00, 53327.00) 203(16450.00, 16450.00) 0(7335.00, 7335.00)
route 2, node_num 8, cost 986.356000, nodes: 0(120000.00, 120000.00) 21 93 153 283(78096.00, 78096.00) 370(77554.00, 85554.00) 122 0(57546.00, 57546.00)
route 3, node_num 7, cost 838.810000, nodes: 0(120000.00, 120000.00) 24 19 18 36 138 0(60085.00, 60085.00)
route 4, node_num 8, cost 1440.782000, nodes: 0(120000.00, 120000.00) 38 31 177 200 30 292(39278.00, 39278.00) 0(17087.00, 17087.00)
route 5, node_num 7, cost 1232.644000, nodes: 0(120000.00, 120000.00) 44 27 108 77 192 0(31954.00, 31954.00)
route 6, node_num 8, cost 1501.150000, nodes: 0(120000.00, 120000.00) 55 132 186 134 165 303(21890.00, 21890.00) 0(12775.00, 12775.00)
route 7, node_num 7, cost 994.994000, nodes: 0(120000.00, 120000.00) 56 17 169 110 111 0(48929.00, 48929.00)
route 8, node_num 6, cost 884.674000, nodes: 0(120000.00, 120000.00) 57 196 195 65 0(56809.00, 56809.00)
route 9, node_num 7, cost 1649.564000, nodes: 0(120000.00, 120000.00) 68 141 67 78 164 0(2174.00, 2174.00)
route 10, node_num 7, cost 1714.706000, nodes: 0(120000.00, 120000.00) 84 185 29 176 315(29062.00, 31541.00) 0(0.00, 0.00)
route 11, node_num 8, cost 1477.658000, nodes: 0(120000.00, 120000.00) 90 158 194 180 50 361(18939.00, 18939.00) 0(14453.00, 14453.00)
route 12, node_num 7, cost 1652.994000, nodes: 0(120000.00, 120000.00) 100 145 41 118 204(46326.00, 46326.00) 0(1929.00, 1929.00)
route 13, node_num 6, cost 1543.164000, nodes: 0(120000.00, 120000.00) 101 193 181 75 0(9774.00, 9774.00)
route 14, node_num 8, cost 1456.210000, nodes: 0(120000.00, 120000.00) 102 85 104 54 71 367(37398.00, 37398.00) 0(15985.00, 15985.00)
route 15, node_num 5, cost 239.666000, nodes: 0(120000.00, 120000.00) 109 189 12 0(102881.00, 102881.00)
route 16, node_num 7, cost 1382.248000, nodes: 0(120000.00, 120000.00) 119 4 112 191 34 0(21268.00, 21268.00)
route 17, node_num 9, cost 1347.920000, nodes: 0(120000.00, 120000.00) 123 199 49 39 20 95 318(32687.00, 32687.00) 0(23720.00, 23720.00)
route 18, node_num 9, cost 1675.562000, nodes: 0(120000.00, 120000.00) 126 80 99 33 32 45 356(23695.00, 23695.00) 0(317.00, 317.00)
route 19, node_num 7, cost 1030.848000, nodes: 0(120000.00, 120000.00) 131 52 81 115 42 0(46368.00, 46368.00)
route 20, node_num 8, cost 970.844000, nodes: 0(120000.00, 120000.00) 133 168 137 121 130 53 0(50654.00, 50654.00)
route 21, node_num 7, cost 1506.386000, nodes: 0(120000.00, 120000.00) 135 89 91 5 182 0(12401.00, 12401.00)
route 22, node_num 7, cost 957.306000, nodes: 0(120000.00, 120000.00) 136 2 35 58 98 0(51621.00, 51621.00)
route 23, node_num 8, cost 1015.994000, nodes: 0(120000.00, 120000.00) 147 178 188 60 159 323(51943.00, 51943.00) 0(47429.00, 47429.00)
route 24, node_num 9, cost 1558.816000, nodes: 0(120000.00, 120000.00) 150 304(78708.00, 78708.00) 92 43 155 73 364(27990.00, 27990.00) 0(8656.00, 8656.00)
route 25, node_num 7, cost 1123.304000, nodes: 0(120000.00, 120000.00) 161 172 69 129 113 0(39764.00, 39764.00)
route 26, node_num 7, cost 1450.302000, nodes: 0(120000.00, 120000.00) 166 40 103 11 157 0(16407.00, 16407.00)
route 27, node_num 8, cost 1103.690000, nodes: 0(120000.00, 120000.00) 171 62 94 74 184 105 0(41165.00, 41165.00)
route 28, node_num 6, cost 1021.874000, nodes: 0(120000.00, 120000.00) 173 64 63 88 0(47009.00, 47009.00)
route 29, node_num 6, cost 729.540000, nodes: 0(120000.00, 120000.00) 174 46 82 117 0(67890.00, 67890.00)
route 30, node_num 8, cost 1337.098000, nodes: 0(120000.00, 120000.00) 175 1 106 76 48 59 0(24493.00, 24493.00)
route 31, node_num 8, cost 1244.446000, nodes: 0(120000.00, 120000.00) 190 144 163 114 152 261(35597.00, 35597.00) 0(31111.00, 31111.00)
route 32, node_num 8, cost 1567.090000, nodes: 0(120000.00, 120000.00) 207(76524.00, 76524.00) 183 167 51 66 223(12579.00, 12579.00) 0(8065.00, 8065.00)
route 33, node_num 8, cost 872.690000, nodes: 0(120000.00, 120000.00) 218(110448.00, 120000.00) 23 140 156 72 61 0(67217.00, 67217.00)
route 34, node_num 9, cost 1665.594000, nodes: 0(120000.00, 120000.00) 224(78004.00, 78004.00) 198 13 143 170 10 228(34033.00, 34033.00) 0(1029.00, 1029.00)
route 35, node_num 6, cost 598.668000, nodes: 0(120000.00, 120000.00) 226(109219.00, 120000.00) 154 142 124 0(88019.00, 88019.00)
route 36, node_num 9, cost 1231.818000, nodes: 0(120000.00, 120000.00) 230(107152.00, 120000.00) 8 22 25 395(71465.00, 71465.00) 70 14 0(44861.00, 44861.00)
route 37, node_num 9, cost 1829.436000, nodes: 0(120000.00, 120000.00) 245(99812.00, 99812.00) 149 162 128 125 83 328(22330.00, 33004.00) 0(0.00, 0.00)
route 38, node_num 10, cost 1035.188000, nodes: 0(120000.00, 120000.00) 277(102343.00, 102343.00) 6 116 87 127 97 47 256(69436.00, 69436.00) 0(46058.00, 46058.00)
route 39, node_num 8, cost 1156.022000, nodes: 0(120000.00, 120000.00) 330(107152.00, 115152.00) 146 86 28 37 187 0(45427.00, 45427.00)
route 40, node_num 9, cost 1386.994000, nodes: 0(120000.00, 120000.00) 345(99812.00, 99812.00) 139 120 15 151 306(68737.00, 68737.00) 107 0(20929.00, 20929.00)
route 41, node_num 8, cost 1697.290000, nodes: 0(120000.00, 120000.00) 377(102343.00, 102343.00) 160 26 79 148 267(20178.00, 21413.00) 0(0.00, 0.00)
vehicle (route) number: 42
Total cost: 65007.91
67471.09, 3601.12
68126.88, 3401.54
67565.44, 3601.79
66387.29, 3602.82
66237.40, 3604.86
66226.92, 3600.01
65007.91, 3600.43
65255.30, 3600.87
67332.35, 3558.82
67988.71, 3605.17
