Details of the solution:
route 0, node_num 6, cost 905.100000, nodes: 0(120000.00, 120000.00) 6 71 81 126 0(55350.00, 55350.00)
route 1, node_num 7, cost 1341.354000, nodes: 0(120000.00, 120000.00) 12 140 46 88 196 0(24189.00, 24189.00)
route 2, node_num 6, cost 1668.408000, nodes: 0(120000.00, 120000.00) 16 89 60 243(35039.00, 35039.00) 0(828.00, 828.00)
route 3, node_num 6, cost 738.906000, nodes: 0(120000.00, 120000.00) 18 108 161 102 0(67221.00, 67221.00)
route 4, node_num 8, cost 1188.348000, nodes: 0(120000.00, 120000.00) 21 193 75 94 10 293(63991.00, 63991.00) 0(35118.00, 35118.00)
route 5, node_num 7, cost 1081.066000, nodes: 0(120000.00, 120000.00) 24 14 70 23 57 0(42781.00, 42781.00)
route 6, node_num 5, cost 874.510000, nodes: 0(120000.00, 120000.00) 27 47 4 0(57535.00, 57535.00)
route 7, node_num 7, cost 1769.488000, nodes: 0(120000.00, 120000.00) 34 112 76 39 337(12440.00, 18832.00) 0(0.00, 0.00)
route 8, node_num 6, cost 523.124000, nodes: 0(120000.00, 120000.00) 36 164 55 77 0(82634.00, 82634.00)
route 9, node_num 7, cost 829.724000, nodes: 0(120000.00, 120000.00) 40 103 68 152 166 0(60734.00, 60734.00)
route 10, node_num 8, cost 974.708000, nodes: 0(120000.00, 120000.00) 50 190 184 62 31 74 0(50378.00, 50378.00)
route 11, node_num 7, cost 1633.156000, nodes: 0(120000.00, 120000.00) 64 121 130 119 235(34874.00, 34874.00) 0(3346.00, 3346.00)
route 12, node_num 8, cost 1108.842000, nodes: 0(120000.00, 120000.00) 65 109 7 42 135 111 0(40797.00, 40797.00)
route 13, node_num 8, cost 1597.946000, nodes: 0(120000.00, 120000.00) 80 182 134 198 15 375(27477.00, 27477.00) 0(5861.00, 5861.00)
route 14, node_num 8, cost 1615.208000, nodes: 0(120000.00, 120000.00) 84 149 29 125 145 380(23292.00, 23292.00) 0(4628.00, 4628.00)
route 15, node_num 8, cost 1945.398000, nodes: 0(120000.00, 120000.00) 86 241(48936.00, 48936.00) 48 59 199 212(7661.00, 26618.00) 0(0.00, 0.00)
route 16, node_num 6, cost 1251.950000, nodes: 0(120000.00, 120000.00) 90 78 73 163 0(30575.00, 30575.00)
route 17, node_num 8, cost 1759.394000, nodes: 0(120000.00, 120000.00) 91 104 54 85 13 275(15945.00, 21616.00) 0(0.00, 0.00)
route 18, node_num 6, cost 1124.494000, nodes: 0(120000.00, 120000.00) 105 30 101 11 0(39679.00, 39679.00)
route 19, node_num 6, cost 1534.162000, nodes: 0(120000.00, 120000.00) 113 107 58 35 0(10417.00, 10417.00)
route 20, node_num 5, cost 1314.824000, nodes: 0(120000.00, 120000.00) 114 67 167 0(26084.00, 26084.00)
route 21, node_num 7, cost 1542.996000, nodes: 0(120000.00, 120000.00) 118 41 100 148 150 0(9786.00, 9786.00)
route 22, node_num 6, cost 553.378000, nodes: 0(120000.00, 120000.00) 122 192 19 256(89900.00, 89900.00) 0(80473.00, 80473.00)
route 23, node_num 6, cost 966.644000, nodes: 0(120000.00, 120000.00) 131 98 117 123 0(50954.00, 50954.00)
route 24, node_num 6, cost 935.928000, nodes: 0(120000.00, 120000.00) 142 133 189 138 0(53148.00, 53148.00)
route 25, node_num 6, cost 1185.086000, nodes: 0(120000.00, 120000.00) 144 127 97 116 0(35351.00, 35351.00)
route 26, node_num 8, cost 1655.430000, nodes: 0(120000.00, 120000.00) 146 22 28 49 8 237(20587.00, 20587.00) 0(1755.00, 1755.00)
route 27, node_num 4, cost 89.222000, nodes: 0(120000.00, 120000.00) 153 93 0(113627.00, 113627.00)
route 28, node_num 3, cost 91.910000, nodes: 0(120000.00, 120000.00) 154 0(113435.00, 113435.00)
route 29, node_num 7, cost 1509.774000, nodes: 0(120000.00, 120000.00) 156 61 72 174 383(42797.00, 42797.00) 0(12159.00, 12159.00)
route 30, node_num 7, cost 1298.668000, nodes: 0(120000.00, 120000.00) 157 158 183 141 240(49325.00, 49325.00) 0(27238.00, 27238.00)
route 31, node_num 6, cost 1491.434000, nodes: 0(120000.00, 120000.00) 165 191 96 87 0(13469.00, 13469.00)
route 32, node_num 7, cost 1465.450000, nodes: 0(120000.00, 120000.00) 170 79 172 129 52 0(15325.00, 15325.00)
route 33, node_num 5, cost 1007.216000, nodes: 0(120000.00, 120000.00) 171 3 124 0(48056.00, 48056.00)
route 34, node_num 8, cost 1042.944000, nodes: 0(120000.00, 120000.00) 175 147 25 136 9 38 0(45504.00, 45504.00)
route 35, node_num 7, cost 1470.294000, nodes: 0(120000.00, 120000.00) 177 92 43 200 155 0(14979.00, 14979.00)
route 36, node_num 6, cost 1263.374000, nodes: 0(120000.00, 120000.00) 178 63 115 82 0(29759.00, 29759.00)
route 37, node_num 8, cost 1604.204000, nodes: 0(120000.00, 120000.00) 179 151 120 106 1 274(39979.00, 39979.00) 0(5414.00, 5414.00)
route 38, node_num 7, cost 1281.630000, nodes: 0(120000.00, 120000.00) 180 194 66 51 340(50542.00, 50542.00) 0(28455.00, 28455.00)
route 39, node_num 9, cost 1711.066000, nodes: 0(120000.00, 120000.00) 181 33 176 45 186 358(39976.00, 39976.00) 277(26545.00, 28764.00) 0(0.00, 0.00)
route 40, node_num 7, cost 1441.454000, nodes: 0(120000.00, 120000.00) 185 160 197 69 266(47835.00, 47835.00) 0(17039.00, 17039.00)
route 41, node_num 6, cost 1482.600000, nodes: 0(120000.00, 120000.00) 187 173 53 37 0(14100.00, 14100.00)
route 42, node_num 6, cost 1407.420000, nodes: 0(120000.00, 120000.00) 188 17 110 169 0(19470.00, 19470.00)
route 43, node_num 7, cost 1101.338000, nodes: 0(120000.00, 120000.00) 195 56 2 139 44 0(41333.00, 41333.00)
route 44, node_num 10, cost 1755.264000, nodes: 0(120000.00, 120000.00) 249(86720.00, 86720.00) 83 162 128 26 32 262(46616.00, 46616.00) 252(5770.00, 11146.00) 0(0.00, 0.00)
route 45, node_num 8, cost 1723.596000, nodes: 0(120000.00, 120000.00) 311(72171.00, 75285.00) 159 137 95 20 168 0(0.00, 0.00)
route 46, node_num 9, cost 1685.768000, nodes: 0(120000.00, 120000.00) 349(86720.00, 120000.00) 99 143 5 132 258(73713.00, 73713.00) 352(44014.00, 44014.00) 0(32868.00, 32868.00)
vehicle (route) number: 47
Total cost: 73644.20
75937.50, 3602.12
76399.33, 3600.55
75666.72, 3601.14
74281.24, 3600.01
74178.07, 3600.15
73644.20, 3600.89
75292.64, 3603.74
74236.83, 3605.14
75350.53, 3600.91
74723.61, 3600.06
