Details of the solution:
route 0, node_num 8, cost 1836.422000, nodes: 0(120000.00, 120000.00) 10 127 66 105 78 262(28347.00, 39520.00) 0(0.00, 0.00)
route 1, node_num 9, cost 1695.540000, nodes: 0(120000.00, 120000.00) 14 159 183 112 23 284(39585.00, 39585.00) 361(30883.00, 31993.00) 0(0.00, 0.00)
route 2, node_num 6, cost 1102.794000, nodes: 0(120000.00, 120000.00) 41 191 84 195 0(41229.00, 41229.00)
route 3, node_num 9, cost 908.208000, nodes: 0(120000.00, 120000.00) 44 90 184 169 137 168 367(69806.00, 69806.00) 0(55128.00, 55128.00)
route 4, node_num 8, cost 1819.944000, nodes: 0(120000.00, 120000.00) 45 1 6 107 172 225(14131.00, 24127.00) 0(0.00, 0.00)
route 5, node_num 3, cost 103.460000, nodes: 0(120000.00, 120000.00) 46 0(112610.00, 112610.00)
route 6, node_num 6, cost 1309.560000, nodes: 0(120000.00, 120000.00) 51 63 92 155 0(26460.00, 26460.00)
route 7, node_num 7, cost 948.584000, nodes: 0(120000.00, 120000.00) 57 148 163 20 36 0(52244.00, 52244.00)
route 8, node_num 7, cost 1260.980000, nodes: 0(120000.00, 120000.00) 70 138 162 68 7 0(29930.00, 29930.00)
route 9, node_num 8, cost 1201.550000, nodes: 0(120000.00, 120000.00) 75 27 15 55 65 396(59660.00, 59660.00) 0(34175.00, 34175.00)
route 10, node_num 6, cost 686.882000, nodes: 0(120000.00, 120000.00) 76 52 147 39 0(70937.00, 70937.00)
route 11, node_num 6, cost 1362.858000, nodes: 0(120000.00, 120000.00) 77 108 43 145 0(22653.00, 22653.00)
route 12, node_num 7, cost 1556.828000, nodes: 0(120000.00, 120000.00) 79 117 18 49 161 0(8798.00, 8798.00)
route 13, node_num 5, cost 849.506000, nodes: 0(120000.00, 120000.00) 83 35 93 0(59321.00, 59321.00)
route 14, node_num 7, cost 1225.686000, nodes: 0(120000.00, 120000.00) 87 197 25 171 118 0(32451.00, 32451.00)
route 15, node_num 7, cost 1099.294000, nodes: 0(120000.00, 120000.00) 89 121 21 95 91 0(41479.00, 41479.00)
route 16, node_num 7, cost 1406.734000, nodes: 0(120000.00, 120000.00) 94 31 152 16 54 0(19519.00, 19519.00)
route 17, node_num 5, cost 1240.876000, nodes: 0(120000.00, 120000.00) 98 56 42 0(31366.00, 31366.00)
route 18, node_num 7, cost 1398.474000, nodes: 0(120000.00, 120000.00) 103 144 97 116 143 0(20109.00, 20109.00)
route 19, node_num 8, cost 740.306000, nodes: 0(120000.00, 120000.00) 132 40 214(94046.00, 120000.00) 11 111 124 0(93075.00, 93075.00)
route 20, node_num 7, cost 1111.768000, nodes: 0(120000.00, 120000.00) 135 12 130 122 106 0(40588.00, 40588.00)
route 21, node_num 7, cost 1604.316000, nodes: 0(120000.00, 120000.00) 140 156 99 186 292(28163.00, 28163.00) 0(5406.00, 5406.00)
route 22, node_num 8, cost 904.190000, nodes: 0(120000.00, 120000.00) 146 182 115 119 80 181 0(55415.00, 55415.00)
route 23, node_num 7, cost 1660.120000, nodes: 0(120000.00, 120000.00) 149 200 113 3 198 0(1420.00, 1420.00)
route 24, node_num 6, cost 1336.566000, nodes: 0(120000.00, 120000.00) 150 110 38 4 0(24531.00, 24531.00)
route 25, node_num 7, cost 1835.540000, nodes: 0(120000.00, 120000.00) 153 125 53 141 339(42805.00, 53915.00) 0(0.00, 0.00)
route 26, node_num 5, cost 726.278000, nodes: 0(120000.00, 120000.00) 158 131 180 0(68123.00, 68123.00)
route 27, node_num 8, cost 1728.762000, nodes: 0(120000.00, 120000.00) 166 58 194 151 48 368(25754.00, 29237.00) 0(0.00, 0.00)
route 28, node_num 6, cost 737.744000, nodes: 0(120000.00, 120000.00) 167 120 62 2 0(67304.00, 67304.00)
route 29, node_num 7, cost 1162.434000, nodes: 0(120000.00, 120000.00) 173 69 178 22 154 0(36969.00, 36969.00)
route 30, node_num 8, cost 1381.982000, nodes: 0(120000.00, 120000.00) 174 9 165 100 64 371(57836.00, 57836.00) 0(21287.00, 21287.00)
route 31, node_num 8, cost 968.534000, nodes: 0(120000.00, 120000.00) 175 81 33 139 133 164 0(50819.00, 50819.00)
route 32, node_num 8, cost 1713.796000, nodes: 0(120000.00, 120000.00) 176 102 82 126 379(57563.00, 59977.00) 72 0(0.00, 0.00)
route 33, node_num 6, cost 632.478000, nodes: 0(120000.00, 120000.00) 179 34 136 37 0(74823.00, 74823.00)
route 34, node_num 7, cost 1578.192000, nodes: 0(120000.00, 120000.00) 185 104 61 28 13 0(7272.00, 7272.00)
route 35, node_num 7, cost 1257.816000, nodes: 0(120000.00, 120000.00) 189 19 5 30 193 0(30156.00, 30156.00)
route 36, node_num 8, cost 1615.740000, nodes: 0(120000.00, 120000.00) 190 8 128 73 177 325(28717.00, 28717.00) 0(4590.00, 4590.00)
route 37, node_num 7, cost 1147.958000, nodes: 0(120000.00, 120000.00) 192 59 101 188 50 0(38003.00, 38003.00)
route 38, node_num 7, cost 791.168000, nodes: 0(120000.00, 120000.00) 199 381(95903.00, 95903.00) 71 74 134 0(63488.00, 63488.00)
route 39, node_num 10, cost 1041.124000, nodes: 0(120000.00, 120000.00) 251(106137.00, 106137.00) 86 160 96 26 32 47 308(59960.00, 59960.00) 0(45634.00, 45634.00)
route 40, node_num 8, cost 1241.940000, nodes: 0(120000.00, 120000.00) 268(95394.00, 95394.00) 187 196 24 67 60 0(31290.00, 31290.00)
route 41, node_num 8, cost 1885.170000, nodes: 0(120000.00, 120000.00) 289(78600.00, 78600.00) 142 29 85 123 394(17741.00, 32396.00) 0(0.00, 0.00)
route 42, node_num 8, cost 1702.302000, nodes: 0(120000.00, 120000.00) 312(72845.00, 72845.00) 88 129 114 109 334(26722.00, 28315.00) 0(0.00, 0.00)
route 43, node_num 6, cost 923.748000, nodes: 0(120000.00, 120000.00) 314(102551.00, 102551.00) 157 17 170 0(54018.00, 54018.00)
vehicle (route) number: 44
Total cost: 67644.15
68962.48, 3600.00
69662.43, 3600.19
70628.11, 2289.00
68711.67, 3601.97
67794.13, 3604.02
69145.52, 3601.15
68989.46, 3603.60
70285.04, 1866.98
67644.15, 3602.01
69070.65, 2596.20
