Details of the solution:
route 0, node_num 8, cost 894.740000, nodes: 0(120000.00, 120000.00) 4 234 328 91 375 538(73209.00, 73209.00) 0(56090.00, 56090.00)
route 1, node_num 6, cost 927.234000, nodes: 0(120000.00, 120000.00) 8 59 147 120 0(53769.00, 53769.00)
route 2, node_num 7, cost 1701.742000, nodes: 0(120000.00, 120000.00) 14 188 392 90 577(40923.00, 42476.00) 0(0.00, 0.00)
route 3, node_num 7, cost 769.818000, nodes: 0(120000.00, 120000.00) 17 68 208 106 57 0(65013.00, 65013.00)
route 4, node_num 7, cost 495.208000, nodes: 0(120000.00, 120000.00) 18 150 7 119 32 0(84628.00, 84628.00)
route 5, node_num 8, cost 1043.294000, nodes: 0(120000.00, 120000.00) 20 397 383 15 254 558(63518.00, 63518.00) 0(45479.00, 45479.00)
route 6, node_num 7, cost 1640.450000, nodes: 0(120000.00, 120000.00) 27 539(72025.00, 72025.00) 264 111 508(57106.00, 57106.00) 0(2825.00, 2825.00)
route 7, node_num 5, cost 448.966000, nodes: 0(120000.00, 120000.00) 31 279 359 0(87931.00, 87931.00)
route 8, node_num 6, cost 579.124000, nodes: 0(120000.00, 120000.00) 35 51 142 293 0(78634.00, 78634.00)
route 9, node_num 7, cost 690.536000, nodes: 0(120000.00, 120000.00) 38 140 130 153 393 0(70676.00, 70676.00)
route 10, node_num 6, cost 992.138000, nodes: 0(120000.00, 120000.00) 55 265 385 180 0(49133.00, 49133.00)
route 11, node_num 6, cost 904.862000, nodes: 0(120000.00, 120000.00) 58 322 300 10 0(55367.00, 55367.00)
route 12, node_num 7, cost 1409.352000, nodes: 0(120000.00, 120000.00) 62 143 61 179 316 0(19332.00, 19332.00)
route 13, node_num 8, cost 1150.254000, nodes: 0(120000.00, 120000.00) 64 356 169 313 110 481(60951.00, 60951.00) 0(37839.00, 37839.00)
route 14, node_num 7, cost 430.556000, nodes: 0(120000.00, 120000.00) 65 92 95 203 337 0(89246.00, 89246.00)
route 15, node_num 7, cost 848.092000, nodes: 0(120000.00, 120000.00) 79 237 349 273 134 0(59422.00, 59422.00)
route 16, node_num 7, cost 1501.976000, nodes: 0(120000.00, 120000.00) 86 80 125 155 506(48954.00, 48954.00) 0(12716.00, 12716.00)
route 17, node_num 6, cost 740.964000, nodes: 0(120000.00, 120000.00) 97 83 388 161 0(67074.00, 67074.00)
route 18, node_num 5, cost 1032.948000, nodes: 0(120000.00, 120000.00) 98 131 345 0(46218.00, 46218.00)
route 19, node_num 7, cost 1132.474000, nodes: 0(120000.00, 120000.00) 102 366 267 85 449(64925.00, 64925.00) 0(39109.00, 39109.00)
route 20, node_num 6, cost 1059.744000, nodes: 0(120000.00, 120000.00) 104 189 400 243 0(44304.00, 44304.00)
route 21, node_num 8, cost 757.134000, nodes: 0(120000.00, 120000.00) 124 44 72 323 384 126 0(65919.00, 65919.00)
route 22, node_num 6, cost 653.016000, nodes: 0(120000.00, 120000.00) 129 283 191 121 0(73356.00, 73356.00)
route 23, node_num 5, cost 1112.972000, nodes: 0(120000.00, 120000.00) 133 253 28 0(40502.00, 40502.00)
route 24, node_num 7, cost 1158.388000, nodes: 0(120000.00, 120000.00) 138 43 136 306 445(63160.00, 63160.00) 0(37258.00, 37258.00)
route 25, node_num 7, cost 1105.342000, nodes: 0(120000.00, 120000.00) 149 151 25 41 370 0(41047.00, 41047.00)
route 26, node_num 7, cost 994.504000, nodes: 0(120000.00, 120000.00) 158 206 299 310 301 0(48964.00, 48964.00)
route 27, node_num 6, cost 1180.172000, nodes: 0(120000.00, 120000.00) 174 154 82 2 0(35702.00, 35702.00)
route 28, node_num 7, cost 549.654000, nodes: 0(120000.00, 120000.00) 181 309 74 334 398 0(80739.00, 80739.00)
route 29, node_num 6, cost 823.802000, nodes: 0(120000.00, 120000.00) 185 365 351 164 0(61157.00, 61157.00)
route 30, node_num 7, cost 1183.980000, nodes: 0(120000.00, 120000.00) 190 139 163 378 502(59557.00, 59557.00) 0(35430.00, 35430.00)
route 31, node_num 5, cost 1280.496000, nodes: 0(120000.00, 120000.00) 193 113 156 0(28536.00, 28536.00)
route 32, node_num 7, cost 951.048000, nodes: 0(120000.00, 120000.00) 199 360 26 289 100 0(52068.00, 52068.00)
route 33, node_num 7, cost 891.814000, nodes: 0(120000.00, 120000.00) 205 268 24 135 433(69237.00, 69237.00) 0(56299.00, 56299.00)
route 34, node_num 6, cost 524.412000, nodes: 0(120000.00, 120000.00) 219 144 183 47 0(82542.00, 82542.00)
route 35, node_num 5, cost 277.368000, nodes: 0(120000.00, 120000.00) 220 23 89 0(100188.00, 100188.00)
route 36, node_num 7, cost 1133.118000, nodes: 0(120000.00, 120000.00) 225 335 108 152 30 0(39063.00, 39063.00)
route 37, node_num 6, cost 370.566000, nodes: 0(120000.00, 120000.00) 226 364 288 240 0(93531.00, 93531.00)
route 38, node_num 6, cost 901.978000, nodes: 0(120000.00, 120000.00) 227 368 166 145 0(55573.00, 55573.00)
route 39, node_num 7, cost 624.722000, nodes: 0(120000.00, 120000.00) 228 256 298 348 200 0(75377.00, 75377.00)
route 40, node_num 8, cost 1886.136000, nodes: 0(120000.00, 120000.00) 230 307 302 248 346 454(28234.00, 42958.00) 0(0.00, 0.00)
route 41, node_num 7, cost 1434.930000, nodes: 0(120000.00, 120000.00) 236 211 202 381 411(40677.00, 40677.00) 0(17505.00, 17505.00)
route 42, node_num 7, cost 1469.244000, nodes: 0(120000.00, 120000.00) 246 157 46 94 575(52871.00, 52871.00) 0(15054.00, 15054.00)
route 43, node_num 8, cost 1080.912000, nodes: 0(120000.00, 120000.00) 247 274 257 21 229 476(69243.00, 69243.00) 0(42792.00, 42792.00)
route 44, node_num 8, cost 1508.724000, nodes: 0(120000.00, 120000.00) 260 177 172 327 112 432(46201.00, 46201.00) 0(12234.00, 12234.00)
route 45, node_num 6, cost 572.656000, nodes: 0(120000.00, 120000.00) 262 215 242 396 0(79096.00, 79096.00)
route 46, node_num 7, cost 976.150000, nodes: 0(120000.00, 120000.00) 269 210 319 209 258 0(50275.00, 50275.00)
route 47, node_num 8, cost 1390.984000, nodes: 0(120000.00, 120000.00) 285 9 73 214 194 514(58260.00, 58260.00) 0(20644.00, 20644.00)
route 48, node_num 8, cost 1535.716000, nodes: 0(120000.00, 120000.00) 290 12 277 33 325 484(49671.00, 49671.00) 0(10306.00, 10306.00)
route 49, node_num 8, cost 501.844000, nodes: 0(120000.00, 120000.00) 291 317 204 96 361 311 0(84154.00, 84154.00)
route 50, node_num 7, cost 449.792000, nodes: 0(120000.00, 120000.00) 294 88 367 48 39 0(87872.00, 87872.00)
route 51, node_num 8, cost 1040.340000, nodes: 0(120000.00, 120000.00) 303 146 387 107 271 503(67889.00, 67889.00) 0(45690.00, 45690.00)
route 52, node_num 7, cost 1039.458000, nodes: 0(120000.00, 120000.00) 305 6 355 175 548(70450.00, 70450.00) 0(45753.00, 45753.00)
route 53, node_num 8, cost 1307.670000, nodes: 0(120000.00, 120000.00) 321 77 137 87 278 478(54856.00, 54856.00) 0(26595.00, 26595.00)
route 54, node_num 8, cost 1300.992000, nodes: 0(120000.00, 120000.00) 332 1 296 239 252 517(48801.00, 48801.00) 0(27072.00, 27072.00)
route 55, node_num 9, cost 550.018000, nodes: 0(120000.00, 120000.00) 333 165 93 231 195 81 466(89322.00, 89322.00) 0(80713.00, 80713.00)
route 56, node_num 8, cost 1721.874000, nodes: 0(120000.00, 120000.00) 336 287 276 249 11 545(22911.00, 25902.00) 0(0.00, 0.00)
route 57, node_num 6, cost 1087.044000, nodes: 0(120000.00, 120000.00) 338 159 329 67 0(42354.00, 42354.00)
route 58, node_num 8, cost 1440.446000, nodes: 0(120000.00, 120000.00) 339 66 75 109 84 582(30027.00, 30027.00) 0(17111.00, 17111.00)
route 59, node_num 8, cost 1098.216000, nodes: 0(120000.00, 120000.00) 341 320 295 29 353 593(55646.00, 55646.00) 0(41556.00, 41556.00)
route 60, node_num 7, cost 1891.414000, nodes: 0(120000.00, 120000.00) 350 187 22 49 436(18150.00, 33251.00) 0(0.00, 0.00)
route 61, node_num 7, cost 1275.946000, nodes: 0(120000.00, 120000.00) 354 40 71 63 448(53558.00, 53558.00) 0(28861.00, 28861.00)
route 62, node_num 8, cost 810.432000, nodes: 0(120000.00, 120000.00) 363 377 198 379 235 438(79231.00, 79231.00) 0(62112.00, 62112.00)
route 63, node_num 7, cost 1008.490000, nodes: 0(120000.00, 120000.00) 372 114 178 244 182 0(47965.00, 47965.00)
route 64, node_num 8, cost 1067.304000, nodes: 0(120000.00, 120000.00) 374 284 394 324 34 347 0(43764.00, 43764.00)
route 65, node_num 9, cost 1080.478000, nodes: 0(120000.00, 120000.00) 386 216 162 251 170 266 533(55761.00, 55761.00) 0(42823.00, 42823.00)
route 66, node_num 8, cost 1893.444000, nodes: 0(120000.00, 120000.00) 399 196 447(50920.00, 50920.00) 207 391 536(18005.00, 33251.00) 0(0.00, 0.00)
route 67, node_num 7, cost 1627.178000, nodes: 0(120000.00, 120000.00) 409(82478.00, 82478.00) 330 352 250 550(53404.00, 53404.00) 0(3773.00, 3773.00)
route 68, node_num 7, cost 1605.674000, nodes: 0(120000.00, 120000.00) 416(95738.00, 120000.00) 70 116 343 417(51300.00, 51300.00) 0(29571.00, 29571.00)
route 69, node_num 6, cost 1399.972000, nodes: 0(120000.00, 120000.00) 418(84742.00, 100742.00) 122 19 331 0(36002.00, 36002.00)
route 70, node_num 8, cost 1558.102000, nodes: 0(120000.00, 120000.00) 443(90980.00, 120000.00) 176 261 54 275 588(73958.00, 73958.00) 0(37727.00, 37727.00)
route 71, node_num 8, cost 1554.672000, nodes: 0(120000.00, 120000.00) 444(106638.00, 106638.00) 371 369 101 232 452(42791.00, 42791.00) 0(8952.00, 8952.00)
route 72, node_num 7, cost 1686.944000, nodes: 0(120000.00, 120000.00) 453(84325.00, 84821.00) 148 304 241 222 0(0.00, 0.00)
route 73, node_num 9, cost 1613.990000, nodes: 0(120000.00, 120000.00) 457(94699.00, 94699.00) 78 376 56 167 342 532(38682.00, 38682.00) 0(4715.00, 4715.00)
route 74, node_num 9, cost 1396.962000, nodes: 0(120000.00, 120000.00) 474(107295.00, 107295.00) 312 263 42 37 212 464(26578.00, 26578.00) 0(20217.00, 20217.00)
route 75, node_num 8, cost 1242.486000, nodes: 0(120000.00, 120000.00) 485(97648.00, 97648.00) 362 218 103 53 480(66179.00, 66179.00) 0(31251.00, 31251.00)
route 76, node_num 8, cost 1323.980000, nodes: 0(120000.00, 120000.00) 489(96547.00, 96547.00) 192 76 380 184 488(61661.00, 61661.00) 0(25430.00, 25430.00)
route 77, node_num 9, cost 1641.766000, nodes: 0(120000.00, 120000.00) 490(82075.00, 82075.00) 36 357 280 118 60 472(45648.00, 45648.00) 0(2731.00, 2731.00)
route 78, node_num 8, cost 1603.252000, nodes: 0(120000.00, 120000.00) 509(82478.00, 82478.00) 238 141 390 382 435(51254.00, 51254.00) 0(5482.00, 5482.00)
route 79, node_num 8, cost 1309.084000, nodes: 0(120000.00, 120000.00) 511(93324.00, 93324.00) 197 127 5 217 402(50621.00, 50621.00) 0(26494.00, 26494.00)
route 80, node_num 8, cost 1391.712000, nodes: 0(120000.00, 120000.00) 516(95738.00, 95738.00) 168 314 286 344 446(50385.00, 50385.00) 0(20592.00, 20592.00)
route 81, node_num 7, cost 1232.504000, nodes: 0(120000.00, 120000.00) 522(85679.00, 85679.00) 259 99 340 463(54243.00, 54243.00) 0(31964.00, 31964.00)
route 82, node_num 8, cost 1571.416000, nodes: 0(120000.00, 120000.00) 543(90980.00, 110980.00) 373 16 201 45 521(66983.00, 66983.00) 0(27756.00, 27756.00)
route 83, node_num 9, cost 1648.864000, nodes: 0(120000.00, 120000.00) 544(106638.00, 106638.00) 223 281 520(64420.00, 64420.00) 318 389 425(44314.00, 44314.00) 0(2224.00, 2224.00)
route 84, node_num 7, cost 1307.978000, nodes: 0(120000.00, 120000.00) 546(85244.00, 89244.00) 52 270 213 406(66811.00, 66811.00) 0(30573.00, 30573.00)
route 85, node_num 6, cost 1755.754000, nodes: 0(120000.00, 120000.00) 553(84325.00, 89736.00) 326 117 272 0(0.00, 0.00)
route 86, node_num 8, cost 1574.468000, nodes: 0(120000.00, 120000.00) 557(94699.00, 94699.00) 395 282 69 245 410(50735.00, 50735.00) 0(7538.00, 7538.00)
route 87, node_num 9, cost 931.014000, nodes: 0(120000.00, 120000.00) 564(110411.00, 120000.00) 123 224 297 13 171 493(77178.00, 77178.00) 0(63088.00, 63088.00)
route 88, node_num 8, cost 1755.516000, nodes: 0(120000.00, 120000.00) 569(79763.00, 87763.00) 255 50 358 233 535(48378.00, 48378.00) 0(2606.00, 2606.00)
route 89, node_num 7, cost 1294.230000, nodes: 0(120000.00, 120000.00) 576(90536.00, 120000.00) 315 132 292 554(99977.00, 99977.00) 0(57019.00, 57019.00)
route 90, node_num 7, cost 1408.988000, nodes: 0(120000.00, 120000.00) 585(97648.00, 97648.00) 105 173 115 221 0(19358.00, 19358.00)
route 91, node_num 9, cost 1976.268000, nodes: 0(120000.00, 120000.00) 590(82075.00, 82075.00) 186 160 3 128 308 572(21755.00, 42917.00) 0(0.00, 0.00)
vehicle (route) number: 92
Total cost: 134302.39
134302.39, 10800.53
135938.86, 10805.06
138829.27, 10801.07
138901.72, 10800.06
137771.64, 10802.03
136578.40, 10800.57
140070.85, 10811.83
137340.28, 10800.20
138131.09, 10812.32
140346.34, 10807.53
