Details of the solution:
route 0, node_num 6, cost 901.628000, nodes: 0(120000.00, 120000.00) 12 7 109 135 0(55598.00, 55598.00)
route 1, node_num 8, cost 1710.338000, nodes: 0(120000.00, 120000.00) 16 91 264 308 1 474(32398.00, 34565.00) 0(0.00, 0.00)
route 2, node_num 6, cost 699.146000, nodes: 0(120000.00, 120000.00) 18 306 241 343 0(70061.00, 70061.00)
route 3, node_num 8, cost 1186.892000, nodes: 0(120000.00, 120000.00) 21 193 362 172 129 269 0(35222.00, 35222.00)
route 4, node_num 6, cost 894.558000, nodes: 0(120000.00, 120000.00) 24 133 189 201 0(56103.00, 56103.00)
route 5, node_num 6, cost 1424.612000, nodes: 0(120000.00, 120000.00) 34 222 373 52 0(18242.00, 18242.00)
route 6, node_num 7, cost 744.772000, nodes: 0(120000.00, 120000.00) 40 152 68 396 376 0(66802.00, 66802.00)
route 7, node_num 6, cost 889.098000, nodes: 0(120000.00, 120000.00) 47 127 81 126 0(56493.00, 56493.00)
route 8, node_num 7, cost 1683.570000, nodes: 0(120000.00, 120000.00) 64 227 173 72 489(34728.00, 34983.00) 0(0.00, 0.00)
route 9, node_num 6, cost 1386.630000, nodes: 0(120000.00, 120000.00) 67 51 352 220 0(20955.00, 20955.00)
route 10, node_num 7, cost 1552.768000, nodes: 0(120000.00, 120000.00) 78 322 92 330 163 0(9088.00, 9088.00)
route 11, node_num 7, cost 1628.018000, nodes: 0(120000.00, 120000.00) 80 160 291 145 480(22377.00, 22377.00) 0(3713.00, 3713.00)
route 12, node_num 7, cost 1376.200000, nodes: 0(120000.00, 120000.00) 84 318 260 279 252 0(21700.00, 21700.00)
route 13, node_num 7, cost 1670.718000, nodes: 0(120000.00, 120000.00) 86 363 76 265 574(35228.00, 35228.00) 0(663.00, 663.00)
route 14, node_num 9, cost 1589.896000, nodes: 0(120000.00, 120000.00) 90 41 292 209 356 495(56038.00, 56038.00) 316 0(6436.00, 6436.00)
route 15, node_num 8, cost 994.966000, nodes: 0(120000.00, 120000.00) 105 600(87364.00, 120000.00) 75 94 62 304 0(81567.00, 81567.00)
route 16, node_num 6, cost 896.322000, nodes: 0(120000.00, 120000.00) 108 184 27 399 0(55977.00, 55977.00)
route 17, node_num 8, cost 1006.446000, nodes: 0(120000.00, 120000.00) 113 397 272 10 31 74 0(48111.00, 48111.00)
route 18, node_num 8, cost 1820.168000, nodes: 0(120000.00, 120000.00) 118 83 29 176 355 466(20784.00, 30796.00) 0(0.00, 0.00)
route 19, node_num 5, cost 598.150000, nodes: 0(120000.00, 120000.00) 122 103 166 0(77275.00, 77275.00)
route 20, node_num 7, cost 867.930000, nodes: 0(120000.00, 120000.00) 131 374 98 136 346 0(58005.00, 58005.00)
route 21, node_num 8, cost 1056.132000, nodes: 0(120000.00, 120000.00) 142 398 14 212 381 111 0(44562.00, 44562.00)
route 22, node_num 6, cost 1250.858000, nodes: 0(120000.00, 120000.00) 144 250 100 148 0(30653.00, 30653.00)
route 23, node_num 7, cost 1572.578000, nodes: 0(120000.00, 120000.00) 146 89 106 303 35 0(7673.00, 7673.00)
route 24, node_num 6, cost 201.768000, nodes: 0(120000.00, 120000.00) 153 93 312 296 0(105588.00, 105588.00)
route 25, node_num 5, cost 283.640000, nodes: 0(120000.00, 120000.00) 154 36 254 0(99740.00, 99740.00)
route 26, node_num 7, cost 1440.194000, nodes: 0(120000.00, 120000.00) 157 177 43 309 155 0(17129.00, 17129.00)
route 27, node_num 6, cost 1290.716000, nodes: 0(120000.00, 120000.00) 165 191 390 263 0(27806.00, 27806.00)
route 28, node_num 8, cost 1406.566000, nodes: 0(120000.00, 120000.00) 170 69 285 197 395 566(50327.00, 50327.00) 0(19531.00, 19531.00)
route 29, node_num 8, cost 1734.068000, nodes: 0(120000.00, 120000.00) 171 48 104 54 15 475(17754.00, 21616.00) 0(0.00, 0.00)
route 30, node_num 5, cost 832.510000, nodes: 0(120000.00, 120000.00) 175 117 268 0(60535.00, 60535.00)
route 31, node_num 7, cost 1241.674000, nodes: 0(120000.00, 120000.00) 178 217 115 324 216 0(31309.00, 31309.00)
route 32, node_num 7, cost 1771.672000, nodes: 0(120000.00, 120000.00) 179 151 325 350 490(21269.00, 27817.00) 0(0.00, 0.00)
route 33, node_num 7, cost 1005.634000, nodes: 0(120000.00, 120000.00) 180 235 114 334 287 0(48169.00, 48169.00)
route 34, node_num 9, cost 1635.102000, nodes: 0(120000.00, 120000.00) 181 33 149 26 125 329 477(31971.00, 31971.00) 0(3207.00, 3207.00)
route 35, node_num 7, cost 1578.038000, nodes: 0(120000.00, 120000.00) 185 79 281 202 150 0(7283.00, 7283.00)
route 36, node_num 9, cost 1424.878000, nodes: 0(120000.00, 120000.00) 187 130 547(68125.00, 68125.00) 326 174 206 583(48861.00, 48861.00) 0(18223.00, 18223.00)
route 37, node_num 7, cost 1466.584000, nodes: 0(120000.00, 120000.00) 188 364 63 375 88 0(15244.00, 15244.00)
route 38, node_num 7, cost 1238.972000, nodes: 0(120000.00, 120000.00) 192 319 293 224 294 0(31502.00, 31502.00)
route 39, node_num 6, cost 1135.960000, nodes: 0(120000.00, 120000.00) 194 158 183 232 0(38860.00, 38860.00)
route 40, node_num 6, cost 895.174000, nodes: 0(120000.00, 120000.00) 205 228 391 44 0(56059.00, 56059.00)
route 41, node_num 6, cost 1262.142000, nodes: 0(120000.00, 120000.00) 207 22 213 225 0(29847.00, 29847.00)
route 42, node_num 8, cost 1037.582000, nodes: 0(120000.00, 120000.00) 210 56 333 9 361 218 0(45887.00, 45887.00)
route 43, node_num 8, cost 1867.194000, nodes: 0(120000.00, 120000.00) 238 162 128 378 244 572(10646.00, 24017.00) 0(0.00, 0.00)
route 44, node_num 7, cost 1115.044000, nodes: 0(120000.00, 120000.00) 242 393 73 377 284 0(40354.00, 40354.00)
route 45, node_num 8, cost 1229.340000, nodes: 0(120000.00, 120000.00) 245 230 66 141 219 515(56577.00, 56577.00) 0(32190.00, 32190.00)
route 46, node_num 7, cost 1424.696000, nodes: 0(120000.00, 120000.00) 246 351 271 37 53 0(18236.00, 18236.00)
route 47, node_num 7, cost 1332.072000, nodes: 0(120000.00, 120000.00) 253 211 112 97 116 0(24852.00, 24852.00)
route 48, node_num 7, cost 1278.662000, nodes: 0(120000.00, 120000.00) 257 17 169 196 203 0(28667.00, 28667.00)
route 49, node_num 7, cost 715.610000, nodes: 0(120000.00, 120000.00) 261 249 124 290 405(91136.00, 91136.00) 0(68885.00, 68885.00)
route 50, node_num 8, cost 1636.894000, nodes: 0(120000.00, 120000.00) 266 65 25 28 383 401(38269.00, 38269.00) 0(3079.00, 3079.00)
route 51, node_num 7, cost 1670.788000, nodes: 0(120000.00, 120000.00) 273 107 348 200 274 0(658.00, 658.00)
route 52, node_num 6, cost 1121.232000, nodes: 0(120000.00, 120000.00) 278 231 337 331 0(39912.00, 39912.00)
route 53, node_num 6, cost 654.262000, nodes: 0(120000.00, 120000.00) 282 353 3 255 0(73267.00, 73267.00)
route 54, node_num 7, cost 1733.704000, nodes: 0(120000.00, 120000.00) 283 137 95 119 435(27692.00, 31528.00) 0(0.00, 0.00)
route 55, node_num 5, cost 730.646000, nodes: 0(120000.00, 120000.00) 286 327 138 0(67811.00, 67811.00)
route 56, node_num 6, cost 1109.248000, nodes: 0(120000.00, 120000.00) 295 314 315 347 0(40768.00, 40768.00)
route 57, node_num 7, cost 1434.664000, nodes: 0(120000.00, 120000.00) 298 262 372 58 38 0(17524.00, 17524.00)
route 58, node_num 8, cost 1983.394000, nodes: 0(120000.00, 120000.00) 305 339 251 204 168 446(3749.00, 25420.00) 0(0.00, 0.00)
route 59, node_num 6, cost 961.394000, nodes: 0(120000.00, 120000.00) 307 358 289 167 0(51329.00, 51329.00)
route 60, node_num 7, cost 1022.448000, nodes: 0(120000.00, 120000.00) 310 221 42 123 336 0(46968.00, 46968.00)
route 61, node_num 7, cost 932.750000, nodes: 0(120000.00, 120000.00) 313 299 2 139 317 0(53375.00, 53375.00)
route 62, node_num 6, cost 698.922000, nodes: 0(120000.00, 120000.00) 320 237 161 102 0(70077.00, 70077.00)
route 63, node_num 8, cost 1125.852000, nodes: 0(120000.00, 120000.00) 332 30 101 248 388 367 0(39582.00, 39582.00)
route 64, node_num 6, cost 612.178000, nodes: 0(120000.00, 120000.00) 335 288 77 240 0(76273.00, 76273.00)
route 65, node_num 6, cost 1670.662000, nodes: 0(120000.00, 120000.00) 340 121 20 39 0(667.00, 667.00)
route 66, node_num 7, cost 1042.090000, nodes: 0(120000.00, 120000.00) 344 239 385 389 87 0(45565.00, 45565.00)
route 67, node_num 6, cost 918.890000, nodes: 0(120000.00, 120000.00) 345 190 366 11 0(54365.00, 54365.00)
route 68, node_num 7, cost 1315.678000, nodes: 0(120000.00, 120000.00) 354 270 70 23 57 0(26023.00, 26023.00)
route 69, node_num 7, cost 1020.950000, nodes: 0(120000.00, 120000.00) 359 300 338 277 311 0(47075.00, 47075.00)
route 70, node_num 7, cost 1070.972000, nodes: 0(120000.00, 120000.00) 360 247 147 384 341 0(43502.00, 43502.00)
route 71, node_num 9, cost 1781.808000, nodes: 0(120000.00, 120000.00) 365 233 215 186 132 458(33573.00, 33573.00) 452(3874.00, 11146.00) 0(0.00, 0.00)
route 72, node_num 7, cost 1755.908000, nodes: 0(120000.00, 120000.00) 369 276 229 85 575(16194.00, 21616.00) 0(0.00, 0.00)
route 73, node_num 8, cost 1917.034000, nodes: 0(120000.00, 120000.00) 370 208 59 199 226 512(9687.00, 26618.00) 0(0.00, 0.00)
route 74, node_num 6, cost 848.078000, nodes: 0(120000.00, 120000.00) 379 234 328 275 0(59423.00, 59423.00)
route 75, node_num 6, cost 858.368000, nodes: 0(120000.00, 120000.00) 380 6 71 4 0(58688.00, 58688.00)
route 76, node_num 8, cost 1563.688000, nodes: 0(120000.00, 120000.00) 386 236 134 198 13 552(19454.00, 19454.00) 0(8308.00, 8308.00)
route 77, node_num 6, cost 1066.114000, nodes: 0(120000.00, 120000.00) 387 195 110 301 0(43849.00, 43849.00)
route 78, node_num 7, cost 1679.482000, nodes: 0(120000.00, 120000.00) 394 182 143 5 487(18529.00, 18529.00) 0(37.00, 37.00)
route 79, node_num 9, cost 1608.824000, nodes: 0(120000.00, 120000.00) 421(81163.00, 81163.00) 256 400 49 392 321 412(31702.00, 31702.00) 0(5084.00, 5084.00)
route 80, node_num 8, cost 1639.946000, nodes: 0(120000.00, 120000.00) 479(88484.00, 88484.00) 349 259 60 258 543(37072.00, 37072.00) 0(2861.00, 2861.00)
route 81, node_num 8, cost 1190.322000, nodes: 0(120000.00, 120000.00) 483(89295.00, 89295.00) 342 140 46 280 82 0(34977.00, 34977.00)
route 82, node_num 8, cost 1429.638000, nodes: 0(120000.00, 120000.00) 520(89016.00, 89016.00) 156 61 357 297 589(52866.00, 52866.00) 0(17883.00, 17883.00)
route 83, node_num 8, cost 1619.674000, nodes: 0(120000.00, 120000.00) 537(100788.00, 112788.00) 159 323 302 8 437(35141.00, 35141.00) 0(16309.00, 16309.00)
route 84, node_num 10, cost 1677.186000, nodes: 0(120000.00, 120000.00) 549(86720.00, 102720.00) 99 368 45 223 32 562(68445.00, 68445.00) 577(44965.00, 44965.00) 0(16201.00, 16201.00)
route 85, node_num 8, cost 1517.810000, nodes: 0(120000.00, 120000.00) 579(88484.00, 88484.00) 243 96 120 214 587(30077.00, 30077.00) 0(11585.00, 11585.00)
route 86, node_num 6, cost 663.348000, nodes: 0(120000.00, 120000.00) 580(100754.00, 100754.00) 371 50 267 0(72618.00, 72618.00)
route 87, node_num 8, cost 477.484000, nodes: 0(120000.00, 120000.00) 591(112076.00, 112076.00) 164 382 55 19 556(95321.00, 95321.00) 0(85894.00, 85894.00)
vehicle (route) number: 88
Total cost: 135410.22
138691.09, 10800.06
138809.35, 11033.10
137626.23, 10800.20
136539.83, 11083.84
139453.83, 10800.50
135410.22, 10804.65
136366.07, 10803.67
139691.24, 10803.56
135849.64, 9704.76
135768.35, 10805.69
