Details of the solution:
route 0, node_num 7, cost 671.874000, nodes: 0(120000.00, 120000.00) 7 217 301 384 300 0(72009.00, 72009.00)
route 1, node_num 7, cost 1558.984000, nodes: 0(120000.00, 120000.00) 16 85 276 54 592(30835.00, 30835.00) 0(8644.00, 8644.00)
route 2, node_num 5, cost 663.838000, nodes: 0(120000.00, 120000.00) 21 93 311 0(72583.00, 72583.00)
route 3, node_num 7, cost 995.036000, nodes: 0(120000.00, 120000.00) 24 196 351 271 227 0(48926.00, 48926.00)
route 4, node_num 6, cost 1017.646000, nodes: 0(120000.00, 120000.00) 38 313 70 14 0(47311.00, 47311.00)
route 5, node_num 8, cost 2037.784000, nodes: 0(120000.00, 120000.00) 40 26 162 128 378 515(5985.00, 31541.00) 0(0.00, 0.00)
route 6, node_num 7, cost 1109.332000, nodes: 0(120000.00, 120000.00) 44 116 94 10 105 0(40762.00, 40762.00)
route 7, node_num 6, cost 1025.738000, nodes: 0(120000.00, 120000.00) 55 304 184 379 0(46733.00, 46733.00)
route 8, node_num 7, cost 326.410000, nodes: 0(120000.00, 120000.00) 57 398 201 327 286 0(96685.00, 96685.00)
route 9, node_num 7, cost 1288.056000, nodes: 0(120000.00, 120000.00) 63 372 258 211 263 0(27996.00, 27996.00)
route 10, node_num 6, cost 765.296000, nodes: 0(120000.00, 120000.00) 64 37 130 140 0(65336.00, 65336.00)
route 11, node_num 5, cost 516.082000, nodes: 0(120000.00, 120000.00) 65 359 360 0(83137.00, 83137.00)
route 12, node_num 5, cost 1360.912000, nodes: 0(120000.00, 120000.00) 68 141 114 0(22792.00, 22792.00)
route 13, node_num 7, cost 1701.700000, nodes: 0(120000.00, 120000.00) 84 292 43 244 403(7565.00, 9115.00) 0(0.00, 0.00)
route 14, node_num 7, cost 1452.752000, nodes: 0(120000.00, 120000.00) 89 264 308 106 253 0(16232.00, 16232.00)
route 15, node_num 8, cost 1744.064000, nodes: 0(120000.00, 120000.00) 90 158 92 41 435(48299.00, 52875.00) 365 0(0.00, 0.00)
route 16, node_num 8, cost 1739.346000, nodes: 0(120000.00, 120000.00) 100 281 181 291 209 447(44959.00, 49198.00) 0(0.00, 0.00)
route 17, node_num 7, cost 1550.682000, nodes: 0(120000.00, 120000.00) 101 238 330 118 75 0(9237.00, 9237.00)
route 18, node_num 7, cost 993.818000, nodes: 0(120000.00, 120000.00) 102 27 272 397 399 0(49013.00, 49013.00)
route 19, node_num 7, cost 1387.764000, nodes: 0(120000.00, 120000.00) 119 199 49 392 256 0(20874.00, 20874.00)
route 20, node_num 9, cost 1122.296000, nodes: 0(120000.00, 120000.00) 123 321 28 349 226 159 474(68407.00, 68407.00) 0(39836.00, 39836.00)
route 21, node_num 7, cost 1272.754000, nodes: 0(120000.00, 120000.00) 126 80 285 373 98 0(29089.00, 29089.00)
route 22, node_num 7, cost 1247.148000, nodes: 0(120000.00, 120000.00) 131 386 172 129 192 0(30918.00, 30918.00)
route 23, node_num 8, cost 947.814000, nodes: 0(120000.00, 120000.00) 133 168 137 121 381 138 0(52299.00, 52299.00)
route 24, node_num 7, cost 1269.436000, nodes: 0(120000.00, 120000.00) 135 302 259 72 212 0(29326.00, 29326.00)
route 25, node_num 8, cost 1245.482000, nodes: 0(120000.00, 120000.00) 136 331 69 191 390 595(45267.00, 45267.00) 0(31037.00, 31037.00)
route 26, node_num 8, cost 1343.356000, nodes: 0(120000.00, 120000.00) 146 364 188 60 208 59 0(24046.00, 24046.00)
route 27, node_num 7, cost 1132.852000, nodes: 0(120000.00, 120000.00) 147 400 110 115 42 0(39082.00, 39082.00)
route 28, node_num 6, cost 1370.264000, nodes: 0(120000.00, 120000.00) 150 177 200 274 0(22124.00, 22124.00)
route 29, node_num 9, cost 1142.694000, nodes: 0(120000.00, 120000.00) 154 282 19 18 254 36 426(56056.00, 56056.00) 0(38379.00, 38379.00)
route 30, node_num 5, cost 1327.788000, nodes: 0(120000.00, 120000.00) 166 220 312 0(25158.00, 25158.00)
route 31, node_num 6, cost 1566.138000, nodes: 0(120000.00, 120000.00) 171 350 325 370 0(8133.00, 8133.00)
route 32, node_num 6, cost 812.574000, nodes: 0(120000.00, 120000.00) 174 173 88 310 0(61959.00, 61959.00)
route 33, node_num 8, cost 1098.860000, nodes: 0(120000.00, 120000.00) 175 8 298 262 363 207 0(41510.00, 41510.00)
route 34, node_num 6, cost 1192.604000, nodes: 0(120000.00, 120000.00) 178 86 243 76 0(34814.00, 34814.00)
route 35, node_num 8, cost 1285.858000, nodes: 0(120000.00, 120000.00) 195 239 252 279 165 503(37268.00, 37268.00) 0(28153.00, 28153.00)
route 36, node_num 6, cost 1522.136000, nodes: 0(120000.00, 120000.00) 204 339 187 375 0(11276.00, 11276.00)
route 37, node_num 7, cost 986.356000, nodes: 0(120000.00, 120000.00) 213 58 22 117 111 0(49546.00, 49546.00)
route 38, node_num 5, cost 708.148000, nodes: 0(120000.00, 120000.00) 218 3 9 0(69418.00, 69418.00)
route 39, node_num 8, cost 1532.160000, nodes: 0(120000.00, 120000.00) 222 96 120 134 269 415(42101.00, 42101.00) 0(10560.00, 10560.00)
route 40, node_num 8, cost 1284.920000, nodes: 0(120000.00, 120000.00) 228 56 225 20 95 518(37187.00, 37187.00) 0(28220.00, 28220.00)
route 41, node_num 8, cost 1274.700000, nodes: 0(120000.00, 120000.00) 231 337 273 47 576(59037.00, 59037.00) 495(43180.00, 43180.00) 0(28950.00, 28950.00)
route 42, node_num 7, cost 1396.878000, nodes: 0(120000.00, 120000.00) 246 39 323 283 558(32764.00, 32764.00) 0(20223.00, 20223.00)
route 43, node_num 6, cost 932.764000, nodes: 0(120000.00, 120000.00) 255 190 345 320 0(53374.00, 53374.00)
route 44, node_num 7, cost 379.344000, nodes: 0(120000.00, 120000.00) 261 290 249 124 153 0(92904.00, 92904.00)
route 45, node_num 7, cost 958.986000, nodes: 0(120000.00, 120000.00) 266 161 74 237 346 0(51501.00, 51501.00)
route 46, node_num 6, cost 982.576000, nodes: 0(120000.00, 120000.00) 267 103 287 122 0(49816.00, 49816.00)
route 47, node_num 6, cost 891.506000, nodes: 0(120000.00, 120000.00) 268 139 2 35 0(56321.00, 56321.00)
route 48, node_num 7, cost 503.762000, nodes: 0(120000.00, 120000.00) 280 206 314 324 342 0(84017.00, 84017.00)
route 49, node_num 5, cost 1361.906000, nodes: 0(120000.00, 120000.00) 284 377 157 0(22721.00, 22721.00)
route 50, node_num 5, cost 929.698000, nodes: 0(120000.00, 120000.00) 288 335 353 0(53593.00, 53593.00)
route 51, node_num 7, cost 1535.170000, nodes: 0(120000.00, 120000.00) 289 293 224 219 307 0(10345.00, 10345.00)
route 52, node_num 8, cost 1480.640000, nodes: 0(120000.00, 120000.00) 294 358 167 51 66 423(18754.00, 18754.00) 0(14240.00, 14240.00)
route 53, node_num 7, cost 716.282000, nodes: 0(120000.00, 120000.00) 296 142 241 343 306 0(68837.00, 68837.00)
route 54, node_num 7, cost 689.710000, nodes: 0(120000.00, 120000.00) 297 270 156 61 354 0(70735.00, 70735.00)
route 55, node_num 8, cost 1081.514000, nodes: 0(120000.00, 120000.00) 299 394 389 385 71 467(64162.00, 64162.00) 0(42749.00, 42749.00)
route 56, node_num 7, cost 1449.826000, nodes: 0(120000.00, 120000.00) 303 1 15 151 34 0(16441.00, 16441.00)
route 57, node_num 6, cost 535.178000, nodes: 0(120000.00, 120000.00) 326 46 295 277 0(81773.00, 81773.00)
route 58, node_num 7, cost 905.576000, nodes: 0(120000.00, 120000.00) 328 4 380 234 205 0(55316.00, 55316.00)
route 59, node_num 6, cost 985.978000, nodes: 0(120000.00, 120000.00) 333 210 257 203 0(49573.00, 49573.00)
route 60, node_num 7, cost 536.900000, nodes: 0(120000.00, 120000.00) 338 247 82 336 216 0(81650.00, 81650.00)
route 61, node_num 6, cost 1299.648000, nodes: 0(120000.00, 120000.00) 340 305 251 53 0(27168.00, 27168.00)
route 62, node_num 5, cost 777.378000, nodes: 0(120000.00, 120000.00) 341 17 169 0(64473.00, 64473.00)
route 63, node_num 4, cost 213.878000, nodes: 0(120000.00, 120000.00) 347 109 0(104723.00, 104723.00)
route 64, node_num 6, cost 1412.152000, nodes: 0(120000.00, 120000.00) 348 214 179 317 0(19132.00, 19132.00)
route 65, node_num 8, cost 1427.678000, nodes: 0(120000.00, 120000.00) 352 334 319 371 50 561(22509.00, 22509.00) 0(18023.00, 18023.00)
route 66, node_num 7, cost 526.162000, nodes: 0(120000.00, 120000.00) 357 23 221 189 12 0(82417.00, 82417.00)
route 67, node_num 6, cost 1622.712000, nodes: 0(120000.00, 120000.00) 362 316 202 260 0(4092.00, 4092.00)
route 68, node_num 7, cost 1129.758000, nodes: 0(120000.00, 120000.00) 367 144 62 113 278 0(39303.00, 39303.00)
route 69, node_num 7, cost 1014.832000, nodes: 0(120000.00, 120000.00) 382 108 240 275 464(66846.00, 66846.00) 0(47512.00, 47512.00)
route 70, node_num 6, cost 1633.310000, nodes: 0(120000.00, 120000.00) 383 91 13 182 0(3335.00, 3335.00)
route 71, node_num 6, cost 1164.912000, nodes: 0(120000.00, 120000.00) 388 332 250 361 0(36792.00, 36792.00)
route 72, node_num 8, cost 1637.524000, nodes: 0(120000.00, 120000.00) 395 99 233 32 148 567(24447.00, 24447.00) 0(3034.00, 3034.00)
route 73, node_num 7, cost 1262.744000, nodes: 0(120000.00, 120000.00) 417(97837.00, 97837.00) 52 193 315 170 0(29804.00, 29804.00)
route 74, node_num 8, cost 1589.224000, nodes: 0(120000.00, 120000.00) 419(75699.00, 99699.00) 356 145 155 73 428(63488.00, 63488.00) 0(30484.00, 30484.00)
route 75, node_num 8, cost 1426.614000, nodes: 0(120000.00, 120000.00) 421(81946.00, 113946.00) 245 67 194 180 523(54613.00, 54613.00) 0(50099.00, 50099.00)
route 76, node_num 8, cost 1117.396000, nodes: 0(120000.00, 120000.00) 422(83916.00, 120000.00) 393 242 366 77 461(80756.00, 80756.00) 0(76270.00, 76270.00)
route 77, node_num 8, cost 1563.464000, nodes: 0(120000.00, 120000.00) 424(78004.00, 78004.00) 198 143 104 48 492(30515.00, 30515.00) 0(8324.00, 8324.00)
route 78, node_num 8, cost 1882.888000, nodes: 0(120000.00, 120000.00) 430(107152.00, 107152.00) 149 355 215 197 511(33052.00, 47544.00) 0(0.00, 0.00)
route 79, node_num 7, cost 848.526000, nodes: 0(120000.00, 120000.00) 445(99812.00, 99812.00) 391 387 25 374 0(59391.00, 59391.00)
route 80, node_num 9, cost 1285.718000, nodes: 0(120000.00, 120000.00) 450(76684.00, 76684.00) 183 232 396 376 152 557(30520.00, 30520.00) 0(28163.00, 28163.00)
route 81, node_num 6, cost 1271.116000, nodes: 0(120000.00, 120000.00) 456(99231.00, 99231.00) 31 318 185 0(29206.00, 29206.00)
route 82, node_num 8, cost 1435.658000, nodes: 0(120000.00, 120000.00) 477(102343.00, 120000.00) 112 132 186 369 107 0(35110.00, 35110.00)
route 83, node_num 7, cost 1248.632000, nodes: 0(120000.00, 120000.00) 481(85646.00, 85646.00) 235 163 11 164 0(30812.00, 30812.00)
route 84, node_num 8, cost 1686.160000, nodes: 0(120000.00, 120000.00) 517(97837.00, 120000.00) 344 329 125 83 528(54727.00, 54727.00) 0(21723.00, 21723.00)
route 85, node_num 7, cost 1601.880000, nodes: 0(120000.00, 120000.00) 521(81946.00, 113946.00) 230 322 78 309 0(37580.00, 37580.00)
route 86, node_num 8, cost 1670.872000, nodes: 0(120000.00, 120000.00) 524(78004.00, 78004.00) 586(74448.00, 74448.00) 229 5 236 265 0(652.00, 652.00)
route 87, node_num 8, cost 1752.156000, nodes: 0(120000.00, 120000.00) 530(107152.00, 112306.00) 223 368 79 248 30 0(0.00, 0.00)
route 88, node_num 8, cost 1019.732000, nodes: 0(120000.00, 120000.00) 545(99812.00, 99812.00) 6 87 81 127 97 0(47162.00, 47162.00)
route 89, node_num 9, cost 1714.524000, nodes: 0(120000.00, 120000.00) 577(102343.00, 114343.00) 160 33 29 176 45 556(32912.00, 32912.00) 0(9534.00, 9534.00)
vehicle (route) number: 90
Total cost: 134084.89
135227.02, 10801.24
136020.94, 10839.06
134846.06, 11895.31
135364.81, 11477.98
134084.89, 10803.60
135364.71, 11302.03
137505.34, 10802.30
136200.53, 10800.53
136250.95, 10801.41
138171.88, 10800.57
