Details of the solution:
route 0, node_num 7, cost 1534.218000, nodes: 0(120000.00, 120000.00) 10 377 387 66 323 0(10413.00, 10413.00)
route 1, node_num 8, cost 1670.312000, nodes: 0(120000.00, 120000.00) 14 159 518 112 653(40079.00, 40079.00) 161 0(692.00, 692.00)
route 2, node_num 7, cost 1429.918000, nodes: 0(120000.00, 120000.00) 51 92 63 43 145 0(17863.00, 17863.00)
route 3, node_num 7, cost 978.292000, nodes: 0(120000.00, 120000.00) 57 148 547 30 193 0(50122.00, 50122.00)
route 4, node_num 5, cost 1225.196000, nodes: 0(120000.00, 120000.00) 70 138 277 0(32486.00, 32486.00)
route 5, node_num 6, cost 856.058000, nodes: 0(120000.00, 120000.00) 75 305 191 216 0(58853.00, 58853.00)
route 6, node_num 5, cost 439.684000, nodes: 0(120000.00, 120000.00) 76 566 282 0(88594.00, 88594.00)
route 7, node_num 7, cost 1054.494000, nodes: 0(120000.00, 120000.00) 77 407 155 217 147 0(44679.00, 44679.00)
route 8, node_num 7, cost 1418.480000, nodes: 0(120000.00, 120000.00) 79 117 334 370 343 0(18680.00, 18680.00)
route 9, node_num 7, cost 816.816000, nodes: 0(120000.00, 120000.00) 83 131 503 180 511 0(61656.00, 61656.00)
route 10, node_num 7, cost 1232.812000, nodes: 0(120000.00, 120000.00) 87 45 174 402 13 0(31942.00, 31942.00)
route 11, node_num 8, cost 1148.448000, nodes: 0(120000.00, 120000.00) 89 248 56 585 274 474 0(37968.00, 37968.00)
route 12, node_num 6, cost 636.818000, nodes: 0(120000.00, 120000.00) 94 486 557 93 0(74513.00, 74513.00)
route 13, node_num 6, cost 1236.242000, nodes: 0(120000.00, 120000.00) 98 515 42 297 0(31697.00, 31697.00)
route 14, node_num 6, cost 583.772000, nodes: 0(120000.00, 120000.00) 132 314 415 396 0(78302.00, 78302.00)
route 15, node_num 8, cost 1466.122000, nodes: 0(120000.00, 120000.00) 135 375 466 123 467 203 0(15277.00, 15277.00)
route 16, node_num 6, cost 799.204000, nodes: 0(120000.00, 120000.00) 146 182 106 134 0(62914.00, 62914.00)
route 17, node_num 6, cost 1350.846000, nodes: 0(120000.00, 120000.00) 149 266 456 577 0(23511.00, 23511.00)
route 18, node_num 7, cost 1341.368000, nodes: 0(120000.00, 120000.00) 150 483 127 471 78 0(24188.00, 24188.00)
route 19, node_num 7, cost 1293.320000, nodes: 0(120000.00, 120000.00) 152 596 548 506 469 0(27620.00, 27620.00)
route 20, node_num 7, cost 1299.858000, nodes: 0(120000.00, 120000.00) 153 307 534 367 267 0(27153.00, 27153.00)
route 21, node_num 8, cost 942.368000, nodes: 0(120000.00, 120000.00) 157 35 254 458 276 336 0(52688.00, 52688.00)
route 22, node_num 6, cost 535.962000, nodes: 0(120000.00, 120000.00) 158 532 488 544 0(81717.00, 81717.00)
route 23, node_num 6, cost 1359.218000, nodes: 0(120000.00, 120000.00) 166 245 527 572 0(22913.00, 22913.00)
route 24, node_num 7, cost 719.726000, nodes: 0(120000.00, 120000.00) 167 204 426 520 188 0(68591.00, 68591.00)
route 25, node_num 6, cost 813.288000, nodes: 0(120000.00, 120000.00) 173 399 184 169 0(61908.00, 61908.00)
route 26, node_num 10, cost 1752.982000, nodes: 0(120000.00, 120000.00) 183 260 436 698(56638.00, 56638.00) 269 23 784(35482.00, 35482.00) 761(26780.00, 31993.00) 0(0.00, 0.00)
route 27, node_num 9, cost 1682.716000, nodes: 0(120000.00, 120000.00) 185 104 151 85 495 125 725(23933.00, 24127.00) 0(0.00, 0.00)
route 28, node_num 6, cost 886.312000, nodes: 0(120000.00, 120000.00) 187 196 318 559 0(56692.00, 56692.00)
route 29, node_num 5, cost 1106.658000, nodes: 0(120000.00, 120000.00) 189 292 103 0(40953.00, 40953.00)
route 30, node_num 8, cost 1322.594000, nodes: 0(120000.00, 120000.00) 192 236 583 55 569 340 0(25529.00, 25529.00)
route 31, node_num 8, cost 1415.260000, nodes: 0(120000.00, 120000.00) 201 350 392 281 177 668(48147.00, 48147.00) 0(18910.00, 18910.00)
route 32, node_num 9, cost 1052.884000, nodes: 0(120000.00, 120000.00) 212 273 59 444 12 536 745(69856.00, 69856.00) 0(44794.00, 44794.00)
route 33, node_num 8, cost 925.414000, nodes: 0(120000.00, 120000.00) 214 160 96 422 95 91 0(53899.00, 53899.00)
route 34, node_num 10, cost 788.998000, nodes: 0(120000.00, 120000.00) 222 484 508 395 47 32 239 608(77969.00, 77969.00) 0(63643.00, 63643.00)
route 35, node_num 7, cost 1141.322000, nodes: 0(120000.00, 120000.00) 225 406 178 579 371 0(38477.00, 38477.00)
route 36, node_num 6, cost 629.328000, nodes: 0(120000.00, 120000.00) 229 389 425 519 0(75048.00, 75048.00)
route 37, node_num 7, cost 761.012000, nodes: 0(120000.00, 120000.00) 230 283 209 246 37 0(65642.00, 65642.00)
route 38, node_num 7, cost 1047.340000, nodes: 0(120000.00, 120000.00) 231 25 545 268 118 0(45190.00, 45190.00)
route 39, node_num 8, cost 1165.528000, nodes: 0(120000.00, 120000.00) 235 388 450 105 67 590 0(36748.00, 36748.00)
route 40, node_num 7, cost 194.768000, nodes: 0(120000.00, 120000.00) 242 265 372 333 111 0(106088.00, 106088.00)
route 41, node_num 8, cost 1449.980000, nodes: 0(120000.00, 120000.00) 244 421 521 573 237 290 0(16430.00, 16430.00)
route 42, node_num 9, cost 1250.382000, nodes: 0(120000.00, 120000.00) 250 71 15 218 393 65 796(56172.00, 56172.00) 0(30687.00, 30687.00)
route 43, node_num 7, cost 1010.464000, nodes: 0(120000.00, 120000.00) 255 176 347 578 510 0(47824.00, 47824.00)
route 44, node_num 8, cost 1616.188000, nodes: 0(120000.00, 120000.00) 257 200 113 3 109 734(32873.00, 32873.00) 0(4558.00, 4558.00)
route 45, node_num 8, cost 1575.770000, nodes: 0(120000.00, 120000.00) 261 128 29 564 73 207 0(7445.00, 7445.00)
route 46, node_num 6, cost 1050.896000, nodes: 0(120000.00, 120000.00) 278 522 38 170 0(44936.00, 44936.00)
route 47, node_num 7, cost 1281.182000, nodes: 0(120000.00, 120000.00) 285 251 227 437 348 0(28487.00, 28487.00)
route 48, node_num 8, cost 1041.208000, nodes: 0(120000.00, 120000.00) 289 365 345 523 491 428 0(45628.00, 45628.00)
route 49, node_num 6, cost 1361.626000, nodes: 0(120000.00, 120000.00) 300 140 18 68 0(22741.00, 22741.00)
route 50, node_num 8, cost 1447.418000, nodes: 0(120000.00, 120000.00) 304 461 97 116 560 143 0(16613.00, 16613.00)
route 51, node_num 6, cost 1277.878000, nodes: 0(120000.00, 120000.00) 306 446 31 241 0(28723.00, 28723.00)
route 52, node_num 8, cost 920.388000, nodes: 0(120000.00, 120000.00) 310 434 433 587 22 238 0(54258.00, 54258.00)
route 53, node_num 8, cost 879.900000, nodes: 0(120000.00, 120000.00) 311 400 541 119 324 164 0(57150.00, 57150.00)
route 54, node_num 7, cost 766.808000, nodes: 0(120000.00, 120000.00) 315 322 115 80 338 0(65228.00, 65228.00)
route 55, node_num 5, cost 379.036000, nodes: 0(120000.00, 120000.00) 321 86 417 0(92926.00, 92926.00)
route 56, node_num 7, cost 922.964000, nodes: 0(120000.00, 120000.00) 326 416 337 130 36 0(54074.00, 54074.00)
route 57, node_num 8, cost 1587.922000, nodes: 0(120000.00, 120000.00) 346 316 126 144 509 640(29192.00, 29192.00) 0(6577.00, 6577.00)
route 58, node_num 8, cost 1625.246000, nodes: 0(120000.00, 120000.00) 351 1 777(58567.00, 58567.00) 537 498 424 0(3911.00, 3911.00)
route 59, node_num 7, cost 828.730000, nodes: 0(120000.00, 120000.00) 355 320 291 121 550 0(60805.00, 60805.00)
route 60, node_num 6, cost 693.826000, nodes: 0(120000.00, 120000.00) 357 120 62 293 0(70441.00, 70441.00)
route 61, node_num 7, cost 1114.596000, nodes: 0(120000.00, 120000.00) 360 19 379 5 448 0(40386.00, 40386.00)
route 62, node_num 7, cost 1562.736000, nodes: 0(120000.00, 120000.00) 361 473 358 576 288 0(8376.00, 8376.00)
route 63, node_num 9, cost 963.816000, nodes: 0(120000.00, 120000.00) 362 41 330 342 561 232 673(73244.00, 73244.00) 0(51156.00, 51156.00)
route 64, node_num 6, cost 1463.630000, nodes: 0(120000.00, 120000.00) 363 247 567 162 0(15455.00, 15455.00)
route 65, node_num 8, cost 1002.428000, nodes: 0(120000.00, 120000.00) 366 546 512 228 24 294 0(48398.00, 48398.00)
route 66, node_num 5, cost 1398.642000, nodes: 0(120000.00, 120000.00) 368 303 252 0(20097.00, 20097.00)
route 67, node_num 6, cost 678.230000, nodes: 0(120000.00, 120000.00) 373 199 513 449 0(71555.00, 71555.00)
route 68, node_num 7, cost 742.448000, nodes: 0(120000.00, 120000.00) 376 272 26 552 708(81294.00, 81294.00) 0(66968.00, 66968.00)
route 69, node_num 9, cost 1715.238000, nodes: 0(120000.00, 120000.00) 378 240 455 302 48 571 696(22968.00, 25485.00) 0(0.00, 0.00)
route 70, node_num 9, cost 1899.156000, nodes: 0(120000.00, 120000.00) 383 142 742(59959.00, 59959.00) 213 6 107 768(13583.00, 29237.00) 0(0.00, 0.00)
route 71, node_num 7, cost 751.660000, nodes: 0(120000.00, 120000.00) 390 551 298 122 39 0(66310.00, 66310.00)
route 72, node_num 9, cost 724.402000, nodes: 0(120000.00, 120000.00) 391 21 286 256 341 198 352 0(68257.00, 68257.00)
route 73, node_num 7, cost 684.894000, nodes: 0(120000.00, 120000.00) 397 190 312 211 349 0(71079.00, 71079.00)
route 74, node_num 8, cost 888.468000, nodes: 0(120000.00, 120000.00) 401 465 438 101 420 443 0(56538.00, 56538.00)
route 75, node_num 6, cost 1173.256000, nodes: 0(120000.00, 120000.00) 409 110 581 329 0(36196.00, 36196.00)
route 76, node_num 5, cost 699.664000, nodes: 0(120000.00, 120000.00) 411 280 386 0(70024.00, 70024.00)
route 77, node_num 6, cost 915.586000, nodes: 0(120000.00, 120000.00) 412 593 17 11 0(54601.00, 54601.00)
route 78, node_num 7, cost 762.272000, nodes: 0(120000.00, 120000.00) 427 496 197 418 331 0(65552.00, 65552.00)
route 79, node_num 7, cost 1099.154000, nodes: 0(120000.00, 120000.00) 430 27 408 354 435 0(41489.00, 41489.00)
route 80, node_num 7, cost 551.124000, nodes: 0(120000.00, 120000.00) 431 34 136 470 589 0(80634.00, 80634.00)
route 81, node_num 8, cost 1640.548000, nodes: 0(120000.00, 120000.00) 432 339 61 28 413 452 0(2818.00, 2818.00)
route 82, node_num 7, cost 1504.482000, nodes: 0(120000.00, 120000.00) 441 499 332 16 54 0(12537.00, 12537.00)
route 83, node_num 8, cost 1305.598000, nodes: 0(120000.00, 120000.00) 442 530 301 600 7 181 0(26743.00, 26743.00)
route 84, node_num 8, cost 1310.652000, nodes: 0(120000.00, 120000.00) 460 562 359 505 477 205 0(26382.00, 26382.00)
route 85, node_num 9, cost 1546.902000, nodes: 0(120000.00, 120000.00) 468 58 478 463 202 172 625(33634.00, 33634.00) 0(9507.00, 9507.00)
route 86, node_num 9, cost 1690.094000, nodes: 0(120000.00, 120000.00) 472 156 99 679(60755.00, 61476.00) 414 598 72 0(0.00, 0.00)
route 87, node_num 6, cost 1271.760000, nodes: 0(120000.00, 120000.00) 475 565 295 114 0(29160.00, 29160.00)
route 88, node_num 7, cost 264.208000, nodes: 0(120000.00, 120000.00) 479 344 179 325 584 0(101128.00, 101128.00)
route 89, node_num 7, cost 674.520000, nodes: 0(120000.00, 120000.00) 481 46 40 220 403 0(71820.00, 71820.00)
route 90, node_num 8, cost 1306.298000, nodes: 0(120000.00, 120000.00) 487 9 165 100 64 381 0(26693.00, 26693.00)
route 91, node_num 6, cost 929.810000, nodes: 0(120000.00, 120000.00) 489 90 574 299 0(53585.00, 53585.00)
route 92, node_num 6, cost 1034.516000, nodes: 0(120000.00, 120000.00) 492 210 313 171 0(46106.00, 46106.00)
route 93, node_num 8, cost 895.650000, nodes: 0(120000.00, 120000.00) 497 81 327 175 234 553 0(56025.00, 56025.00)
route 94, node_num 7, cost 799.008000, nodes: 0(120000.00, 120000.00) 502 482 287 124 226 0(62928.00, 62928.00)
route 95, node_num 9, cost 1266.412000, nodes: 0(120000.00, 120000.00) 504 108 253 206 137 168 667(44220.00, 44220.00) 0(29542.00, 29542.00)
route 96, node_num 6, cost 485.870000, nodes: 0(120000.00, 120000.00) 514 44 317 195 0(85295.00, 85295.00)
route 97, node_num 7, cost 1413.874000, nodes: 0(120000.00, 120000.00) 516 582 440 543 60 0(19009.00, 19009.00)
route 98, node_num 7, cost 349.188000, nodes: 0(120000.00, 120000.00) 525 279 558 485 500 0(95058.00, 95058.00)
route 99, node_num 7, cost 1301.202000, nodes: 0(120000.00, 120000.00) 526 243 82 580 494 0(27057.00, 27057.00)
route 100, node_num 6, cost 944.020000, nodes: 0(120000.00, 120000.00) 528 394 524 154 0(52570.00, 52570.00)
route 101, node_num 5, cost 489.748000, nodes: 0(120000.00, 120000.00) 529 270 249 0(85018.00, 85018.00)
route 102, node_num 8, cost 1664.782000, nodes: 0(120000.00, 120000.00) 533 129 385 264 476 619(24801.00, 24801.00) 0(1087.00, 1087.00)
route 103, node_num 8, cost 1505.882000, nodes: 0(120000.00, 120000.00) 535 88 405 404 186 692(35194.00, 35194.00) 0(12437.00, 12437.00)
route 104, node_num 7, cost 1270.682000, nodes: 0(120000.00, 120000.00) 542 102 271 49 384 0(29237.00, 29237.00)
route 105, node_num 9, cost 1721.258000, nodes: 0(120000.00, 120000.00) 549 309 493 439 595 711(54334.00, 57281.00) 308 0(0.00, 0.00)
route 106, node_num 6, cost 439.502000, nodes: 0(120000.00, 120000.00) 554 263 52 464 0(88607.00, 88607.00)
route 107, node_num 7, cost 925.988000, nodes: 0(120000.00, 120000.00) 555 588 163 221 20 0(53858.00, 53858.00)
route 108, node_num 7, cost 766.024000, nodes: 0(120000.00, 120000.00) 556 501 490 74 459 0(65284.00, 65284.00)
route 109, node_num 8, cost 843.850000, nodes: 0(120000.00, 120000.00) 563 531 33 139 133 369 0(59725.00, 59725.00)
route 110, node_num 6, cost 655.480000, nodes: 0(120000.00, 120000.00) 568 540 258 50 0(73180.00, 73180.00)
route 111, node_num 7, cost 1097.558000, nodes: 0(120000.00, 120000.00) 570 328 296 364 4 0(41603.00, 41603.00)
route 112, node_num 9, cost 1115.100000, nodes: 0(120000.00, 120000.00) 591 380 507 275 353 457 462 0(40350.00, 40350.00)
route 113, node_num 9, cost 1569.316000, nodes: 0(120000.00, 120000.00) 592 429 224 194 319 398 647(48643.00, 48643.00) 0(7906.00, 7906.00)
route 114, node_num 6, cost 878.304000, nodes: 0(120000.00, 120000.00) 594 208 69 382 0(57264.00, 57264.00)
route 115, node_num 6, cost 877.828000, nodes: 0(120000.00, 120000.00) 599 284 335 374 0(57298.00, 57298.00)
route 116, node_num 7, cost 1701.714000, nodes: 0(120000.00, 120000.00) 612(72845.00, 80845.00) 586 8 423 219 0(6449.00, 6449.00)
route 117, node_num 8, cost 955.066000, nodes: 0(120000.00, 120000.00) 651(106137.00, 120000.00) 356 453 451 410 419 0(65644.00, 65644.00)
route 118, node_num 7, cost 881.314000, nodes: 0(120000.00, 120000.00) 714(102551.00, 102551.00) 233 262 454 2 0(57049.00, 57049.00)
route 119, node_num 8, cost 1001.420000, nodes: 0(120000.00, 120000.00) 719(95324.00, 95324.00) 259 538 84 445 215 0(48470.00, 48470.00)
route 120, node_num 8, cost 1802.794000, nodes: 0(120000.00, 120000.00) 760(66386.00, 106386.00) 597 53 141 739(84611.00, 96611.00) 517 0(43229.00, 43229.00)
route 121, node_num 8, cost 699.650000, nodes: 0(120000.00, 120000.00) 767(105637.00, 105637.00) 480 447 223 539 575 0(70025.00, 70025.00)
vehicle (route) number: 122
Total cost: 169213.04
169213.04, 18010.07
174311.03, 18011.55
169308.28, 18028.82
172713.34, 19807.51
170222.22, 19304.71
171803.39, 18000.42
176443.00, 18002.95
175006.59, 18867.72
170113.54, 18004.71
170640.78, 18000.74
