Details of the solution:
route 0, node_num 7, cost 600.124000, nodes: 0(120000.00, 120000.00) 7 403 441 82 360 0(77134.00, 77134.00)
route 1, node_num 8, cost 1654.282000, nodes: 0(120000.00, 120000.00) 16 85 276 439 425 713(51953.00, 51953.00) 0(1837.00, 1837.00)
route 2, node_num 8, cost 1682.982000, nodes: 0(120000.00, 120000.00) 24 245 194 477 589 781(37036.00, 37249.00) 0(0.00, 0.00)
route 3, node_num 7, cost 1535.646000, nodes: 0(120000.00, 120000.00) 27 272 426 197 711(57855.00, 57855.00) 0(10311.00, 10311.00)
route 4, node_num 6, cost 1408.204000, nodes: 0(120000.00, 120000.00) 31 318 527 491 0(19414.00, 19414.00)
route 5, node_num 7, cost 1512.378000, nodes: 0(120000.00, 120000.00) 38 132 186 526 466 0(11973.00, 11973.00)
route 6, node_num 7, cost 1605.114000, nodes: 0(120000.00, 120000.00) 44 418 316 148 503 0(5349.00, 5349.00)
route 7, node_num 7, cost 1501.584000, nodes: 0(120000.00, 120000.00) 55 402 238 365 248 0(12744.00, 12744.00)
route 8, node_num 5, cost 445.466000, nodes: 0(120000.00, 120000.00) 57 142 124 0(88181.00, 88181.00)
route 9, node_num 6, cost 1347.780000, nodes: 0(120000.00, 120000.00) 68 232 444 114 0(23730.00, 23730.00)
route 10, node_num 6, cost 1561.532000, nodes: 0(120000.00, 120000.00) 80 476 369 107 0(8462.00, 8462.00)
route 11, node_num 6, cost 1378.846000, nodes: 0(120000.00, 120000.00) 94 285 525 211 0(21511.00, 21511.00)
route 12, node_num 6, cost 1494.626000, nodes: 0(120000.00, 120000.00) 100 534 560 315 0(13241.00, 13241.00)
route 13, node_num 6, cost 1341.858000, nodes: 0(120000.00, 120000.00) 101 555 273 399 0(24153.00, 24153.00)
route 14, node_num 6, cost 1657.782000, nodes: 0(120000.00, 120000.00) 102 13 494 562 0(1587.00, 1587.00)
route 15, node_num 6, cost 1218.854000, nodes: 0(120000.00, 120000.00) 119 305 251 271 0(32939.00, 32939.00)
route 16, node_num 7, cost 1493.758000, nodes: 0(120000.00, 120000.00) 120 350 325 48 692(35494.00, 35494.00) 0(13303.00, 13303.00)
route 17, node_num 7, cost 1001.728000, nodes: 0(120000.00, 120000.00) 123 576 137 20 405 0(48448.00, 48448.00)
route 18, node_num 6, cost 1335.376000, nodes: 0(120000.00, 120000.00) 126 546 435 106 0(24616.00, 24616.00)
route 19, node_num 7, cost 1000.426000, nodes: 0(120000.00, 120000.00) 131 52 127 47 599 0(48541.00, 48541.00)
route 20, node_num 8, cost 1216.754000, nodes: 0(120000.00, 120000.00) 133 596 302 226 575 59 0(33089.00, 33089.00)
route 21, node_num 7, cost 925.372000, nodes: 0(120000.00, 120000.00) 135 86 168 459 324 0(53902.00, 53902.00)
route 22, node_num 6, cost 1088.990000, nodes: 0(120000.00, 120000.00) 136 331 337 97 0(42215.00, 42215.00)
route 23, node_num 8, cost 1149.036000, nodes: 0(120000.00, 120000.00) 146 422 298 262 363 207 0(37926.00, 37926.00)
route 24, node_num 7, cost 1361.416000, nodes: 0(120000.00, 120000.00) 147 400 549 392 256 0(22756.00, 22756.00)
route 25, node_num 7, cost 1496.222000, nodes: 0(120000.00, 120000.00) 158 377 523 73 728(46131.00, 46131.00) 0(13127.00, 13127.00)
route 26, node_num 6, cost 1277.150000, nodes: 0(120000.00, 120000.00) 166 352 592 312 0(28775.00, 28775.00)
route 27, node_num 8, cost 1535.226000, nodes: 0(120000.00, 120000.00) 171 362 427 43 244 604(54738.00, 54738.00) 0(10341.00, 10341.00)
route 28, node_num 7, cost 1108.842000, nodes: 0(120000.00, 120000.00) 173 64 63 375 130 0(40797.00, 40797.00)
route 29, node_num 8, cost 806.470000, nodes: 0(120000.00, 120000.00) 174 297 270 156 72 61 0(62395.00, 62395.00)
route 30, node_num 8, cost 1089.676000, nodes: 0(120000.00, 120000.00) 175 8 188 364 416 253 0(42166.00, 42166.00)
route 31, node_num 6, cost 1288.126000, nodes: 0(120000.00, 120000.00) 178 517 507 76 0(27991.00, 27991.00)
route 32, node_num 6, cost 1029.672000, nodes: 0(120000.00, 120000.00) 190 304 74 559 0(46452.00, 46452.00)
route 33, node_num 7, cost 1540.336000, nodes: 0(120000.00, 120000.00) 204 339 283 323 53 0(9976.00, 9976.00)
route 34, node_num 6, cost 933.716000, nodes: 0(120000.00, 120000.00) 210 2 538 35 0(53306.00, 53306.00)
route 35, node_num 7, cost 1366.554000, nodes: 0(120000.00, 120000.00) 213 22 28 349 370 0(22389.00, 22389.00)
route 36, node_num 7, cost 905.814000, nodes: 0(120000.00, 120000.00) 217 196 490 110 111 0(55299.00, 55299.00)
route 37, node_num 5, cost 711.340000, nodes: 0(120000.00, 120000.00) 218 353 65 0(69190.00, 69190.00)
route 38, node_num 6, cost 1374.100000, nodes: 0(120000.00, 120000.00) 222 91 165 346 0(21850.00, 21850.00)
route 39, node_num 6, cost 825.888000, nodes: 0(120000.00, 120000.00) 228 391 417 374 0(61008.00, 61008.00)
route 40, node_num 6, cost 1233.582000, nodes: 0(120000.00, 120000.00) 231 252 112 191 0(31887.00, 31887.00)
route 41, node_num 7, cost 943.684000, nodes: 0(120000.00, 120000.00) 246 351 505 479 590 0(52594.00, 52594.00)
route 42, node_num 7, cost 523.348000, nodes: 0(120000.00, 120000.00) 247 502 469 310 501 0(82618.00, 82618.00)
route 43, node_num 7, cost 932.106000, nodes: 0(120000.00, 120000.00) 249 472 486 240 254 0(53421.00, 53421.00)
route 44, node_num 7, cost 802.382000, nodes: 0(120000.00, 120000.00) 255 524 108 413 361 0(62687.00, 62687.00)
route 45, node_num 7, cost 1114.232000, nodes: 0(120000.00, 120000.00) 261 90 421 11 371 0(40412.00, 40412.00)
route 46, node_num 7, cost 856.478000, nodes: 0(120000.00, 120000.00) 266 387 195 115 138 0(58823.00, 58823.00)
route 47, node_num 8, cost 1085.154000, nodes: 0(120000.00, 120000.00) 267 518 489 580 77 664(61823.00, 61823.00) 0(42489.00, 42489.00)
route 48, node_num 6, cost 489.496000, nodes: 0(120000.00, 120000.00) 268 545 359 578 0(85036.00, 85036.00)
route 49, node_num 8, cost 635.810000, nodes: 0(120000.00, 120000.00) 280 206 295 314 70 381 0(74585.00, 74585.00)
route 50, node_num 6, cost 1517.096000, nodes: 0(120000.00, 120000.00) 284 461 200 274 0(11636.00, 11636.00)
route 51, node_num 6, cost 967.848000, nodes: 0(120000.00, 120000.00) 288 335 345 320 0(50868.00, 50868.00)
route 52, node_num 6, cost 1509.718000, nodes: 0(120000.00, 120000.00) 289 293 224 572 0(12163.00, 12163.00)
route 53, node_num 8, cost 1560.062000, nodes: 0(120000.00, 120000.00) 294 358 167 584 51 757(10924.00, 10924.00) 0(8567.00, 8567.00)
route 54, node_num 6, cost 751.198000, nodes: 0(120000.00, 120000.00) 296 423 36 277 0(66343.00, 66343.00)
route 55, node_num 7, cost 1078.700000, nodes: 0(120000.00, 120000.00) 299 394 579 516 98 0(42950.00, 42950.00)
route 56, node_num 7, cost 1388.940000, nodes: 0(120000.00, 120000.00) 303 1 530 600 695(35020.00, 35020.00) 0(20790.00, 20790.00)
route 57, node_num 7, cost 1350.034000, nodes: 0(120000.00, 120000.00) 321 259 506 95 718(32536.00, 32536.00) 0(23569.00, 23569.00)
route 58, node_num 7, cost 567.308000, nodes: 0(120000.00, 120000.00) 326 46 221 189 12 0(79478.00, 79478.00)
route 59, node_num 5, cost 903.896000, nodes: 0(120000.00, 120000.00) 328 430 81 0(55436.00, 55436.00)
route 60, node_num 7, cost 1133.300000, nodes: 0(120000.00, 120000.00) 333 116 410 552 263 0(39050.00, 39050.00)
route 61, node_num 6, cost 402.304000, nodes: 0(120000.00, 120000.00) 338 445 556 467 0(91264.00, 91264.00)
route 62, node_num 7, cost 1183.644000, nodes: 0(120000.00, 120000.00) 340 500 537 159 227 0(35454.00, 35454.00)
route 63, node_num 7, cost 858.690000, nodes: 0(120000.00, 120000.00) 341 581 471 257 573 0(58665.00, 58665.00)
route 64, node_num 5, cost 305.410000, nodes: 0(120000.00, 120000.00) 347 568 109 0(98185.00, 98185.00)
route 65, node_num 8, cost 1386.224000, nodes: 0(120000.00, 120000.00) 348 432 373 279 34 603(30099.00, 30099.00) 0(20984.00, 20984.00)
route 66, node_num 8, cost 700.168000, nodes: 0(120000.00, 120000.00) 357 23 561 458 212 14 0(69988.00, 69988.00)
route 67, node_num 7, cost 1178.254000, nodes: 0(120000.00, 120000.00) 367 161 172 269 278 0(35839.00, 35839.00)
route 68, node_num 5, cost 993.328000, nodes: 0(120000.00, 120000.00) 382 588 237 0(49048.00, 49048.00)
route 69, node_num 6, cost 1396.626000, nodes: 0(120000.00, 120000.00) 383 199 49 42 0(20241.00, 20241.00)
route 70, node_num 7, cost 1051.540000, nodes: 0(120000.00, 120000.00) 388 468 447 10 105 0(44890.00, 44890.00)
route 71, node_num 5, cost 1129.198000, nodes: 0(120000.00, 120000.00) 393 515 150 0(39343.00, 39343.00)
route 72, node_num 6, cost 1236.200000, nodes: 0(120000.00, 120000.00) 398 220 554 201 0(31700.00, 31700.00)
route 73, node_num 6, cost 1121.540000, nodes: 0(120000.00, 120000.00) 409 510 547 242 0(39890.00, 39890.00)
route 74, node_num 7, cost 1318.366000, nodes: 0(120000.00, 120000.00) 411 438 121 37 187 0(25831.00, 25831.00)
route 75, node_num 7, cost 885.262000, nodes: 0(120000.00, 120000.00) 415 144 366 597 164 0(56767.00, 56767.00)
route 76, node_num 7, cost 1584.604000, nodes: 0(120000.00, 120000.00) 424 309 433 529 704(51211.00, 51211.00) 0(6814.00, 6814.00)
route 77, node_num 8, cost 1371.286000, nodes: 0(120000.00, 120000.00) 442 492 96 385 540 776(52184.00, 52184.00) 0(22051.00, 22051.00)
route 78, node_num 8, cost 887.488000, nodes: 0(120000.00, 120000.00) 450 290 19 18 493 275 0(56608.00, 56608.00)
route 79, node_num 7, cost 838.166000, nodes: 0(120000.00, 120000.00) 453 535 313 317 676(90264.00, 90264.00) 0(60131.00, 60131.00)
route 80, node_num 6, cost 1170.148000, nodes: 0(120000.00, 120000.00) 454 481 319 122 0(36418.00, 36418.00)
route 81, node_num 3, cost 78.400000, nodes: 0(120000.00, 120000.00) 455 0(114400.00, 114400.00)
route 82, node_num 7, cost 1211.014000, nodes: 0(120000.00, 120000.00) 465 591 179 380 205 0(33499.00, 33499.00)
route 83, node_num 6, cost 954.534000, nodes: 0(120000.00, 120000.00) 473 282 495 499 0(51819.00, 51819.00)
route 84, node_num 7, cost 1591.072000, nodes: 0(120000.00, 120000.00) 475 474 329 33 75 0(6352.00, 6352.00)
route 85, node_num 6, cost 1569.568000, nodes: 0(120000.00, 120000.00) 478 420 180 723(12402.00, 12402.00) 0(7888.00, 7888.00)
route 86, node_num 8, cost 1747.578000, nodes: 0(120000.00, 120000.00) 480 330 292 41 209 647(44371.00, 49198.00) 0(0.00, 0.00)
route 87, node_num 7, cost 1569.568000, nodes: 0(120000.00, 120000.00) 482 629(70503.00, 90503.00) 470 103 192 0(27888.00, 27888.00)
route 88, node_num 7, cost 1861.300000, nodes: 0(120000.00, 120000.00) 485 322 440 155 756(10428.00, 23378.00) 0(0.00, 0.00)
route 89, node_num 5, cost 922.950000, nodes: 0(120000.00, 120000.00) 496 4 336 0(54075.00, 54075.00)
route 90, node_num 7, cost 1007.356000, nodes: 0(120000.00, 120000.00) 497 522 528 58 464 0(48046.00, 48046.00)
route 91, node_num 7, cost 1560.090000, nodes: 0(120000.00, 120000.00) 513 177 92 118 30 0(8565.00, 8565.00)
route 92, node_num 7, cost 495.208000, nodes: 0(120000.00, 120000.00) 532 451 343 241 306 0(84628.00, 84628.00)
route 93, node_num 6, cost 1064.476000, nodes: 0(120000.00, 120000.00) 536 62 397 379 0(43966.00, 43966.00)
route 94, node_num 9, cost 1172.752000, nodes: 0(120000.00, 120000.00) 539 141 436 484 550 152 661(40718.00, 40718.00) 0(36232.00, 36232.00)
route 95, node_num 6, cost 1118.474000, nodes: 0(120000.00, 120000.00) 541 386 87 520 0(40109.00, 40109.00)
route 96, node_num 7, cost 844.676000, nodes: 0(120000.00, 120000.00) 543 56 301 384 300 0(59666.00, 59666.00)
route 97, node_num 7, cost 665.056000, nodes: 0(120000.00, 120000.00) 544 514 342 140 354 0(72496.00, 72496.00)
route 98, node_num 6, cost 757.470000, nodes: 0(120000.00, 120000.00) 551 419 3 9 0(65895.00, 65895.00)
route 99, node_num 5, cost 1357.160000, nodes: 0(120000.00, 120000.00) 553 519 157 0(23060.00, 23060.00)
route 100, node_num 5, cost 664.594000, nodes: 0(120000.00, 120000.00) 557 88 498 0(72529.00, 72529.00)
route 101, node_num 6, cost 728.504000, nodes: 0(120000.00, 120000.00) 558 25 117 216 0(67964.00, 67964.00)
route 102, node_num 6, cost 1221.416000, nodes: 0(120000.00, 120000.00) 563 225 258 401 0(32756.00, 32756.00)
route 103, node_num 5, cost 1508.752000, nodes: 0(120000.00, 120000.00) 564 452 185 0(12232.00, 12232.00)
route 104, node_num 7, cost 1068.760000, nodes: 0(120000.00, 120000.00) 565 17 434 203 577 0(43660.00, 43660.00)
route 105, node_num 9, cost 1131.032000, nodes: 0(120000.00, 120000.00) 566 239 389 548 414 71 667(60625.00, 60625.00) 0(39212.00, 39212.00)
route 106, node_num 8, cost 1306.256000, nodes: 0(120000.00, 120000.00) 569 40 287 396 376 307 0(26696.00, 26696.00)
route 107, node_num 8, cost 1199.492000, nodes: 0(120000.00, 120000.00) 571 250 332 448 715(66898.00, 66898.00) 487 0(34322.00, 34322.00)
route 108, node_num 8, cost 1845.438000, nodes: 0(120000.00, 120000.00) 582 431 215 460 429 795(2413.00, 14230.00) 0(0.00, 0.00)
route 109, node_num 5, cost 256.970000, nodes: 0(120000.00, 120000.00) 583 311 462 0(101645.00, 101645.00)
route 110, node_num 7, cost 1586.956000, nodes: 0(120000.00, 120000.00) 585 208 104 54 792(28837.00, 28837.00) 0(6646.00, 6646.00)
route 111, node_num 7, cost 1305.318000, nodes: 0(120000.00, 120000.00) 587 193 586 129 184 0(26763.00, 26763.00)
route 112, node_num 7, cost 1475.838000, nodes: 0(120000.00, 120000.00) 594 574 570 463 739(64156.00, 64156.00) 0(14583.00, 14583.00)
route 113, node_num 6, cost 1589.490000, nodes: 0(120000.00, 120000.00) 595 356 145 260 0(6465.00, 6465.00)
route 114, node_num 6, cost 840.042000, nodes: 0(120000.00, 120000.00) 598 344 509 234 0(59997.00, 59997.00)
route 115, node_num 9, cost 1515.724000, nodes: 0(120000.00, 120000.00) 607(76524.00, 108524.00) 183 334 407 428 66 623(48248.00, 48248.00) 0(43734.00, 43734.00)
route 116, node_num 9, cost 1751.918000, nodes: 0(120000.00, 120000.00) 617(97837.00, 97837.00) 395 99 29 176 45 656(18241.00, 23378.00) 0(0.00, 0.00)
route 117, node_num 8, cost 1583.008000, nodes: 0(120000.00, 120000.00) 621(81946.00, 81946.00) 593 533 412 219 794(40905.00, 40905.00) 0(6928.00, 6928.00)
route 118, node_num 9, cost 1413.930000, nodes: 0(120000.00, 120000.00) 622(83916.00, 83916.00) 235 163 542 508 50 761(23491.00, 23491.00) 0(19005.00, 19005.00)
route 119, node_num 11, cost 2042.866000, nodes: 0(120000.00, 120000.00) 624(78004.00, 78004.00) 229 15 151 128 378 652(30965.00, 30965.00) 712(11207.00, 11207.00) 615(5622.00, 31541.00) 0(0.00, 0.00)
route 120, node_num 9, cost 1142.540000, nodes: 0(120000.00, 120000.00) 626(109219.00, 113219.00) 154 446 406 457 404 764(61724.00, 61724.00) 0(42390.00, 42390.00)
route 121, node_num 8, cost 1670.788000, nodes: 0(120000.00, 120000.00) 630(107152.00, 120000.00) 198 143 504 134 521 0(13506.00, 13506.00)
route 122, node_num 6, cost 1430.590000, nodes: 0(120000.00, 120000.00) 645(99812.00, 120000.00) 160 202 170 0(38003.00, 38003.00)
route 123, node_num 9, cost 1751.078000, nodes: 0(120000.00, 120000.00) 677(102343.00, 120000.00) 149 281 181 233 32 638(53099.00, 53099.00) 0(12580.00, 12580.00)
route 124, node_num 6, cost 903.294000, nodes: 0(120000.00, 120000.00) 698(102863.00, 102863.00) 443 39 169 0(55479.00, 55479.00)
route 125, node_num 6, cost 1493.156000, nodes: 0(120000.00, 120000.00) 702(72318.00, 72318.00) 511 408 182 0(13346.00, 13346.00)
route 126, node_num 9, cost 1970.542000, nodes: 0(120000.00, 120000.00) 703(111689.00, 111689.00) 355 512 291 125 83 628(12251.00, 33004.00) 0(0.00, 0.00)
route 127, node_num 8, cost 1373.064000, nodes: 0(120000.00, 120000.00) 717(97837.00, 97837.00) 6 89 308 264 265 0(21924.00, 21924.00)
route 128, node_num 8, cost 1550.682000, nodes: 0(120000.00, 120000.00) 721(81946.00, 113946.00) 230 437 67 78 531 0(41237.00, 41237.00)
route 129, node_num 8, cost 1503.824000, nodes: 0(120000.00, 120000.00) 724(78004.00, 120000.00) 449 483 765(104155.00, 104155.00) 214 488 0(54580.00, 54580.00)
route 130, node_num 8, cost 626.500000, nodes: 0(120000.00, 120000.00) 726(109219.00, 120000.00) 21 93 153 327 286 0(86031.00, 86031.00)
route 131, node_num 7, cost 1748.936000, nodes: 0(120000.00, 120000.00) 730(107152.00, 112076.00) 368 223 5 236 0(0.00, 0.00)
route 132, node_num 8, cost 1301.412000, nodes: 0(120000.00, 120000.00) 745(99812.00, 99812.00) 84 69 567 456 113 0(27042.00, 27042.00)
route 133, node_num 8, cost 1200.276000, nodes: 0(120000.00, 120000.00) 767(101080.00, 101080.00) 139 372 243 60 390 0(34266.00, 34266.00)
route 134, node_num 6, cost 1721.664000, nodes: 0(120000.00, 120000.00) 777(102343.00, 105319.00) 26 162 79 0(0.00, 0.00)
vehicle (route) number: 135
Total cost: 201625.22
204999.45, 20548.37
205185.92, 18003.25
202986.05, 19492.42
205586.97, 18003.42
208242.73, 18345.69
202290.76, 18002.64
208732.03, 18612.77
206795.54, 18360.10
201625.22, 18001.50
207184.67, 18076.99
