Details of the solution:
route 0, node_num 7, cost 960.330000, nodes: 0(120000.00, 120000.00) 3 237 345 361 473 0(51405.00, 51405.00)
route 1, node_num 8, cost 1415.484000, nodes: 0(120000.00, 120000.00) 21 319 407 141 428 752(57314.00, 57314.00) 0(18894.00, 18894.00)
route 2, node_num 8, cost 974.190000, nodes: 0(120000.00, 120000.00) 38 317 313 504 6 391 0(50415.00, 50415.00)
route 3, node_num 7, cost 1725.304000, nodes: 0(120000.00, 120000.00) 41 292 356 316 705(50668.00, 53904.00) 0(0.00, 0.00)
route 4, node_num 8, cost 1754.004000, nodes: 0(120000.00, 120000.00) 79 125 26 291 329 709(29591.00, 34877.00) 0(0.00, 0.00)
route 5, node_num 8, cost 1103.116000, nodes: 0(120000.00, 120000.00) 81 127 87 503 380 171 0(41206.00, 41206.00)
route 6, node_num 7, cost 1818.796000, nodes: 0(120000.00, 120000.00) 83 378 29 525 602(33829.00, 43743.00) 0(0.00, 0.00)
route 7, node_num 7, cost 1440.950000, nodes: 0(120000.00, 120000.00) 90 157 461 379 551 0(17075.00, 17075.00)
route 8, node_num 7, cost 715.974000, nodes: 0(120000.00, 120000.00) 98 595 374 268 360 0(68859.00, 68859.00)
route 9, node_num 8, cost 1165.892000, nodes: 0(120000.00, 120000.00) 103 307 406 457 55 764(56905.00, 56905.00) 0(36722.00, 36722.00)
route 10, node_num 6, cost 889.966000, nodes: 0(120000.00, 120000.00) 108 102 413 255 0(56431.00, 56431.00)
route 11, node_num 6, cost 333.592000, nodes: 0(120000.00, 120000.00) 111 109 135 216 0(96172.00, 96172.00)
route 12, node_num 7, cost 1465.184000, nodes: 0(120000.00, 120000.00) 112 243 370 283 755(32099.00, 32099.00) 0(15344.00, 15344.00)
route 13, node_num 5, cost 213.836000, nodes: 0(120000.00, 120000.00) 138 569 467 0(104726.00, 104726.00)
route 14, node_num 6, cost 559.426000, nodes: 0(120000.00, 120000.00) 140 174 381 458 0(80041.00, 80041.00)
route 15, node_num 5, cost 587.314000, nodes: 0(120000.00, 120000.00) 142 296 201 0(78049.00, 78049.00)
route 16, node_num 7, cost 1092.224000, nodes: 0(120000.00, 120000.00) 153 93 166 287 421 0(41984.00, 41984.00)
route 17, node_num 8, cost 1129.786000, nodes: 0(120000.00, 120000.00) 154 563 446 68 376 122 0(39301.00, 39301.00)
route 18, node_num 9, cost 1224.230000, nodes: 0(120000.00, 120000.00) 189 12 583 305 199 349 796(62631.00, 62631.00) 0(32555.00, 32555.00)
route 19, node_num 6, cost 1577.016000, nodes: 0(120000.00, 120000.00) 190 440 463 250 0(7356.00, 7356.00)
route 20, node_num 8, cost 1213.828000, nodes: 0(120000.00, 120000.00) 191 179 231 34 522 779(45125.00, 45125.00) 0(33298.00, 33298.00)
route 21, node_num 6, cost 832.244000, nodes: 0(120000.00, 120000.00) 195 110 465 455 0(60554.00, 60554.00)
route 22, node_num 7, cost 595.028000, nodes: 0(120000.00, 120000.00) 206 326 46 324 310 0(77498.00, 77498.00)
route 23, node_num 6, cost 1385.300000, nodes: 0(120000.00, 120000.00) 211 401 514 312 0(21050.00, 21050.00)
route 24, node_num 9, cost 562.492000, nodes: 0(120000.00, 120000.00) 212 23 357 70 354 297 697(90708.00, 90708.00) 0(79822.00, 79822.00)
route 25, node_num 5, cost 726.488000, nodes: 0(120000.00, 120000.00) 218 131 205 0(68108.00, 68108.00)
route 26, node_num 6, cost 1006.278000, nodes: 0(120000.00, 120000.00) 226 321 443 529 0(48123.00, 48123.00)
route 27, node_num 7, cost 1102.458000, nodes: 0(120000.00, 120000.00) 228 394 385 35 71 0(41253.00, 41253.00)
route 28, node_num 8, cost 1544.438000, nodes: 0(120000.00, 120000.00) 229 439 325 104 48 675(48533.00, 48533.00) 0(9683.00, 9683.00)
route 29, node_num 9, cost 1590.932000, nodes: 0(120000.00, 120000.00) 230 437 424 309 582 158 713(16098.00, 16098.00) 0(6362.00, 6362.00)
route 30, node_num 8, cost 1671.194000, nodes: 0(120000.00, 120000.00) 233 149 33 32 77 664(20812.00, 20812.00) 0(629.00, 629.00)
route 31, node_num 7, cost 606.522000, nodes: 0(120000.00, 120000.00) 247 341 175 123 336 0(76677.00, 76677.00)
route 32, node_num 6, cost 407.988000, nodes: 0(120000.00, 120000.00) 249 261 124 290 0(90858.00, 90858.00)
route 33, node_num 7, cost 1124.438000, nodes: 0(120000.00, 120000.00) 272 31 304 399 278 0(39683.00, 39683.00)
route 34, node_num 8, cost 1074.472000, nodes: 0(120000.00, 120000.00) 277 136 25 263 253 146 0(43252.00, 43252.00)
route 35, node_num 6, cost 572.544000, nodes: 0(120000.00, 120000.00) 280 403 459 488 0(79104.00, 79104.00)
route 36, node_num 9, cost 1349.320000, nodes: 0(120000.00, 120000.00) 289 167 412 478 523 756(54211.00, 54211.00) 679(35447.00, 35447.00) 0(23620.00, 23620.00)
route 37, node_num 7, cost 1487.472000, nodes: 0(120000.00, 120000.00) 294 480 50 479 691(20793.00, 20793.00) 0(13752.00, 13752.00)
route 38, node_num 8, cost 643.482000, nodes: 0(120000.00, 120000.00) 300 568 178 115 515 7 0(74037.00, 74037.00)
route 39, node_num 7, cost 1141.574000, nodes: 0(120000.00, 120000.00) 301 213 58 188 364 0(38459.00, 38459.00)
route 40, node_num 9, cost 1073.618000, nodes: 0(120000.00, 120000.00) 302 392 497 49 400 86 619(68063.00, 68063.00) 0(43313.00, 43313.00)
route 41, node_num 6, cost 1452.864000, nodes: 0(120000.00, 120000.00) 303 91 85 435 0(16224.00, 16224.00)
route 42, node_num 7, cost 833.616000, nodes: 0(120000.00, 120000.00) 306 532 328 417 596 0(60456.00, 60456.00)
route 43, node_num 6, cost 274.862000, nodes: 0(120000.00, 120000.00) 311 57 398 462 0(100367.00, 100367.00)
route 44, node_num 6, cost 583.352000, nodes: 0(120000.00, 120000.00) 315 359 266 65 0(78332.00, 78332.00)
route 45, node_num 4, cost 42.812000, nodes: 0(120000.00, 120000.00) 327 286 0(116942.00, 116942.00)
route 46, node_num 6, cost 303.128000, nodes: 0(120000.00, 120000.00) 338 133 445 509 0(98348.00, 98348.00)
route 47, node_num 7, cost 696.766000, nodes: 0(120000.00, 120000.00) 342 314 82 147 384 0(70231.00, 70231.00)
route 48, node_num 6, cost 339.920000, nodes: 0(120000.00, 120000.00) 343 521 241 451 0(95720.00, 95720.00)
route 49, node_num 7, cost 1114.554000, nodes: 0(120000.00, 120000.00) 344 105 447 10 184 0(40389.00, 40389.00)
route 50, node_num 9, cost 1543.388000, nodes: 0(120000.00, 120000.00) 348 107 476 134 198 13 678(54024.00, 54024.00) 0(9758.00, 9758.00)
route 51, node_num 6, cost 894.726000, nodes: 0(120000.00, 120000.00) 353 234 558 9 0(56091.00, 56091.00)
route 52, node_num 8, cost 1418.872000, nodes: 0(120000.00, 120000.00) 389 550 185 203 217 643(35169.00, 35169.00) 0(18652.00, 18652.00)
route 53, node_num 5, cost 1053.220000, nodes: 0(120000.00, 120000.00) 416 22 441 0(44770.00, 44770.00)
route 54, node_num 7, cost 1095.682000, nodes: 0(120000.00, 120000.00) 419 578 27 74 161 0(41737.00, 41737.00)
route 55, node_num 8, cost 1674.484000, nodes: 0(120000.00, 120000.00) 420 553 92 43 244 791(7435.00, 7435.00) 0(394.00, 394.00)
route 56, node_num 7, cost 1174.222000, nodes: 0(120000.00, 120000.00) 422 262 298 207 221 0(36127.00, 36127.00)
route 57, node_num 7, cost 1264.368000, nodes: 0(120000.00, 120000.00) 423 367 409 114 576 0(29688.00, 29688.00)
route 58, node_num 8, cost 1691.606000, nodes: 0(120000.00, 120000.00) 429 591 186 369 466 702(42914.00, 43743.00) 0(0.00, 0.00)
route 59, node_num 7, cost 1206.408000, nodes: 0(120000.00, 120000.00) 430 273 69 97 575 0(33828.00, 33828.00)
route 60, node_num 8, cost 1821.624000, nodes: 0(120000.00, 120000.00) 431 176 355 373 432 609(24761.00, 34877.00) 0(0.00, 0.00)
route 61, node_num 8, cost 1375.164000, nodes: 0(120000.00, 120000.00) 450 8 496 76 258 265 0(21774.00, 21774.00)
route 62, node_num 7, cost 943.782000, nodes: 0(120000.00, 120000.00) 453 139 2 299 410 0(52587.00, 52587.00)
route 63, node_num 7, cost 1427.258000, nodes: 0(120000.00, 120000.00) 464 1 89 15 165 0(18053.00, 18053.00)
route 64, node_num 6, cost 1399.860000, nodes: 0(120000.00, 120000.00) 468 520 285 387 0(20010.00, 20010.00)
route 65, node_num 9, cost 786.912000, nodes: 0(120000.00, 120000.00) 469 375 37 227 173 130 655(80547.00, 80547.00) 0(63792.00, 63792.00)
route 66, node_num 6, cost 1343.804000, nodes: 0(120000.00, 120000.00) 471 60 383 363 0(24014.00, 24014.00)
route 67, node_num 6, cost 722.680000, nodes: 0(120000.00, 120000.00) 475 246 351 586 0(68380.00, 68380.00)
route 68, node_num 6, cost 1149.078000, nodes: 0(120000.00, 120000.00) 481 113 269 798(71380.00, 71380.00) 0(37923.00, 37923.00)
route 69, node_num 7, cost 891.576000, nodes: 0(120000.00, 120000.00) 484 196 434 88 271 0(56316.00, 56316.00)
route 70, node_num 7, cost 724.150000, nodes: 0(120000.00, 120000.00) 493 254 18 566 14 0(68275.00, 68275.00)
route 71, node_num 8, cost 1371.174000, nodes: 0(120000.00, 120000.00) 498 245 492 470 358 648(52953.00, 52953.00) 0(22059.00, 22059.00)
route 72, node_num 8, cost 1586.340000, nodes: 0(120000.00, 120000.00) 499 181 202 594 279 700(44886.00, 44886.00) 0(6690.00, 6690.00)
route 73, node_num 7, cost 1311.394000, nodes: 0(120000.00, 120000.00) 501 598 222 372 530 0(26329.00, 26329.00)
route 74, node_num 8, cost 1793.988000, nodes: 0(120000.00, 120000.00) 502 741(58692.00, 66834.00) 128 543 526 592 0(0.00, 0.00)
route 75, node_num 5, cost 913.990000, nodes: 0(120000.00, 120000.00) 505 256 573 0(54715.00, 54715.00)
route 76, node_num 8, cost 1699.656000, nodes: 0(120000.00, 120000.00) 506 418 474 395 197 762(43181.00, 44585.00) 0(0.00, 0.00)
route 77, node_num 7, cost 1472.996000, nodes: 0(120000.00, 120000.00) 508 485 264 151 214 0(14786.00, 14786.00)
route 78, node_num 9, cost 680.974000, nodes: 0(120000.00, 120000.00) 540 61 72 156 270 512 797(82245.00, 82245.00) 0(71359.00, 71359.00)
route 79, node_num 7, cost 1280.776000, nodes: 0(120000.00, 120000.00) 541 24 362 397 534 0(28516.00, 28516.00)
route 80, node_num 8, cost 1254.442000, nodes: 0(120000.00, 120000.00) 545 567 386 337 331 239 0(30397.00, 30397.00)
route 81, node_num 8, cost 1180.564000, nodes: 0(120000.00, 120000.00) 547 580 490 332 62 448 0(35674.00, 35674.00)
route 82, node_num 9, cost 883.064000, nodes: 0(120000.00, 120000.00) 548 19 335 288 382 275 613(66660.00, 66660.00) 0(56924.00, 56924.00)
route 83, node_num 8, cost 960.876000, nodes: 0(120000.00, 120000.00) 549 396 489 40 152 486 0(51366.00, 51366.00)
route 84, node_num 7, cost 1550.808000, nodes: 0(120000.00, 120000.00) 556 99 426 80 662(53813.00, 53813.00) 0(9228.00, 9228.00)
route 85, node_num 7, cost 1008.588000, nodes: 0(120000.00, 120000.00) 560 126 4 44 346 0(47958.00, 47958.00)
route 86, node_num 8, cost 1215.508000, nodes: 0(120000.00, 120000.00) 561 564 557 352 220 597 0(33178.00, 33178.00)
route 87, node_num 6, cost 1347.682000, nodes: 0(120000.00, 120000.00) 565 260 84 555 0(23737.00, 23737.00)
route 88, node_num 7, cost 902.846000, nodes: 0(120000.00, 120000.00) 570 340 121 95 405 0(55511.00, 55511.00)
route 89, node_num 7, cost 911.708000, nodes: 0(120000.00, 120000.00) 585 56 390 63 500 0(54878.00, 54878.00)
route 90, node_num 7, cost 811.860000, nodes: 0(120000.00, 120000.00) 587 518 538 119 295 0(62010.00, 62010.00)
route 91, node_num 8, cost 1592.948000, nodes: 0(120000.00, 120000.00) 604(114583.00, 120000.00) 415 546 5 236 614(56385.00, 56385.00) 0(11635.00, 11635.00)
route 92, node_num 6, cost 754.278000, nodes: 0(120000.00, 120000.00) 612(114641.00, 120000.00) 17 169 491 0(71482.00, 71482.00)
route 93, node_num 8, cost 1030.022000, nodes: 0(120000.00, 120000.00) 625(97482.00, 120000.00) 542 533 366 144 482 0(68945.00, 68945.00)
route 94, node_num 8, cost 1644.916000, nodes: 0(120000.00, 120000.00) 626(87936.00, 120000.00) 330 118 427 637(85292.00, 85292.00) 200 0(34570.00, 34570.00)
route 95, node_num 9, cost 1100.022000, nodes: 0(120000.00, 120000.00) 628(112837.00, 116837.00) 251 204 554 495 411 769(59714.00, 59714.00) 0(45427.00, 45427.00)
route 96, node_num 8, cost 1600.802000, nodes: 0(120000.00, 120000.00) 629(89163.00, 117163.00) 120 143 528 408 766(78612.00, 78612.00) 0(33657.00, 33657.00)
route 97, node_num 8, cost 1656.452000, nodes: 0(120000.00, 120000.00) 630(107271.00, 111271.00) 365 145 238 588 52 0(5682.00, 5682.00)
route 98, node_num 9, cost 1792.448000, nodes: 0(120000.00, 120000.00) 631(83199.00, 83199.00) 368 223 460 308 106 714(36718.00, 44750.00) 0(0.00, 0.00)
route 99, node_num 9, cost 1485.008000, nodes: 0(120000.00, 120000.00) 632(86549.00, 98549.00) 224 51 293 219 454 748(56822.00, 56822.00) 0(25928.00, 25928.00)
route 100, node_num 8, cost 1160.740000, nodes: 0(120000.00, 120000.00) 633(110242.00, 120000.00) 168 339 539 259 696(76924.00, 76924.00) 0(46848.00, 46848.00)
route 101, node_num 8, cost 1309.042000, nodes: 0(120000.00, 120000.00) 635(84119.00, 84119.00) 180 163 235 242 524 0(26497.00, 26497.00)
route 102, node_num 8, cost 1286.628000, nodes: 0(120000.00, 120000.00) 636(104529.00, 120000.00) 36 240 472 600 571 0(43569.00, 43569.00)
route 103, node_num 8, cost 1534.974000, nodes: 0(120000.00, 120000.00) 645(94527.00, 94527.00) 132 425 778(59180.00, 59180.00) 210 117 0(10359.00, 10359.00)
route 104, node_num 8, cost 1567.916000, nodes: 0(120000.00, 120000.00) 672(109258.00, 109258.00) 393 318 511 414 333 0(8006.00, 8006.00)
route 105, node_num 9, cost 1674.666000, nodes: 0(120000.00, 120000.00) 673(97835.00, 97835.00) 537 160 452 281 483 703(43399.00, 43399.00) 0(381.00, 381.00)
route 106, node_num 9, cost 1138.214000, nodes: 0(120000.00, 120000.00) 674(83303.00, 120000.00) 527 129 172 47 116 743(91913.00, 91913.00) 0(75396.00, 75396.00)
route 107, node_num 9, cost 1321.628000, nodes: 0(120000.00, 120000.00) 683(90546.00, 90546.00) 456 193 170 75 94 785(62425.00, 62425.00) 0(25598.00, 25598.00)
route 108, node_num 7, cost 1174.488000, nodes: 0(120000.00, 120000.00) 699(89831.00, 89831.00) 164 371 388 320 0(36108.00, 36108.00)
route 109, node_num 8, cost 1670.732000, nodes: 0(120000.00, 120000.00) 701(89828.00, 89828.00) 599 590 215 45 663(55131.00, 55131.00) 0(662.00, 662.00)
route 110, node_num 8, cost 1321.614000, nodes: 0(120000.00, 120000.00) 704(114583.00, 120000.00) 574 208 552 59 615(73104.00, 73104.00) 0(31016.00, 31016.00)
route 111, node_num 8, cost 1493.212000, nodes: 0(120000.00, 120000.00) 712(114641.00, 114641.00) 334 155 377 73 793(40967.00, 40967.00) 0(13342.00, 13342.00)
route 112, node_num 9, cost 1052.842000, nodes: 0(120000.00, 120000.00) 721(99220.00, 99220.00) 487 624(82221.00, 82221.00) 593 438 323 510 0(44797.00, 44797.00)
route 113, node_num 8, cost 1189.566000, nodes: 0(120000.00, 120000.00) 725(97482.00, 120000.00) 444 232 183 436 507 0(57549.00, 57549.00)
route 114, node_num 10, cost 1432.270000, nodes: 0(120000.00, 120000.00) 726(87936.00, 87936.00) 148 100 402 589 248 685(54292.00, 54292.00) 698(51152.00, 51152.00) 0(17695.00, 17695.00)
route 115, node_num 9, cost 1118.530000, nodes: 0(120000.00, 120000.00) 728(112837.00, 120000.00) 137 559 20 39 159 719(72018.00, 72018.00) 0(47268.00, 47268.00)
route 116, node_num 9, cost 1526.966000, nodes: 0(120000.00, 120000.00) 730(107271.00, 120000.00) 516 494 54 182 252 800(61856.00, 61856.00) 0(23660.00, 23660.00)
route 117, node_num 9, cost 1514.128000, nodes: 0(120000.00, 120000.00) 732(86549.00, 118549.00) 513 66 194 67 477 668(84920.00, 84920.00) 0(43848.00, 43848.00)
route 118, node_num 9, cost 1899.576000, nodes: 0(120000.00, 120000.00) 735(84119.00, 84119.00) 577 162 562 209 519 603(27334.00, 43018.00) 0(0.00, 0.00)
route 119, node_num 8, cost 878.990000, nodes: 0(120000.00, 120000.00) 736(104529.00, 104529.00) 404 282 693(83452.00, 83452.00) 544 347 0(57215.00, 57215.00)
route 120, node_num 8, cost 1406.958000, nodes: 0(120000.00, 120000.00) 745(94527.00, 94527.00) 16 442 96 28 733(29258.00, 29258.00) 0(19503.00, 19503.00)
route 121, node_num 8, cost 1009.876000, nodes: 0(120000.00, 120000.00) 754(97972.00, 97972.00) 257 225 581 572 42 0(47866.00, 47866.00)
route 122, node_num 9, cost 1599.486000, nodes: 0(120000.00, 120000.00) 772(109258.00, 109258.00) 11 284 78 322 584 652(44171.00, 44171.00) 0(5751.00, 5751.00)
route 123, node_num 8, cost 1507.436000, nodes: 0(120000.00, 120000.00) 773(97835.00, 120000.00) 433 177 274 267 760(57210.00, 57210.00) 0(34491.00, 34491.00)
route 124, node_num 6, cost 1295.476000, nodes: 0(120000.00, 120000.00) 774(83303.00, 120000.00) 30 101 150 0(64163.00, 64163.00)
route 125, node_num 7, cost 1601.782000, nodes: 0(120000.00, 120000.00) 775(81210.00, 109210.00) 449 350 276 517 0(33587.00, 33587.00)
route 126, node_num 7, cost 1159.354000, nodes: 0(120000.00, 120000.00) 783(90546.00, 90546.00) 536 535 192 531 0(37189.00, 37189.00)
route 127, node_num 7, cost 872.214000, nodes: 0(120000.00, 120000.00) 786(112711.00, 120000.00) 579 64 53 187 0(64988.00, 64988.00)
vehicle (route) number: 128
Total cost: 188018.90
189986.75, 18020.24
190904.97, 18019.67
196590.74, 18013.40
192910.09, 18059.96
189899.40, 18005.29
188018.90, 18004.40
189360.42, 18001.81
189842.16, 18001.17
190106.52, 18006.82
192792.97, 18031.20
