Details of the solution:
route 0, node_num 7, cost 824.908000, nodes: 0(120000.00, 120000.00) 4 268 639 677 121 0(61078.00, 61078.00)
route 1, node_num 7, cost 700.980000, nodes: 0(120000.00, 120000.00) 18 17 68 347 708 0(69930.00, 69930.00)
route 2, node_num 8, cost 1571.920000, nodes: 0(120000.00, 120000.00) 27 261 678 54 275 988(43951.00, 43951.00) 0(7720.00, 7720.00)
route 3, node_num 5, cost 376.306000, nodes: 0(120000.00, 120000.00) 31 585 609 0(93121.00, 93121.00)
route 4, node_num 7, cost 1145.774000, nodes: 0(120000.00, 120000.00) 35 123 224 562 591 0(38159.00, 38159.00)
route 5, node_num 5, cost 820.260000, nodes: 0(120000.00, 120000.00) 38 649 641 0(61410.00, 61410.00)
route 6, node_num 7, cost 1234.590000, nodes: 0(120000.00, 120000.00) 44 77 137 652 182 0(31815.00, 31815.00)
route 7, node_num 6, cost 560.966000, nodes: 0(120000.00, 120000.00) 55 20 298 164 0(79931.00, 79931.00)
route 8, node_num 8, cost 853.818000, nodes: 0(120000.00, 120000.00) 58 79 198 91 375 938(76132.00, 76132.00) 0(59013.00, 59013.00)
route 9, node_num 7, cost 1049.818000, nodes: 0(120000.00, 120000.00) 59 300 340 306 945(70915.00, 70915.00) 0(45013.00, 45013.00)
route 10, node_num 6, cost 1104.418000, nodes: 0(120000.00, 120000.00) 62 339 530 735 0(41113.00, 41113.00)
route 11, node_num 7, cost 1079.190000, nodes: 0(120000.00, 120000.00) 64 335 594 560 697 0(42915.00, 42915.00)
route 12, node_num 7, cost 378.434000, nodes: 0(120000.00, 120000.00) 65 92 95 203 495 0(92969.00, 92969.00)
route 13, node_num 7, cost 1565.186000, nodes: 0(120000.00, 120000.00) 78 750 61 698 931(40866.00, 40866.00) 0(8201.00, 8201.00)
route 14, node_num 8, cost 1318.758000, nodes: 0(120000.00, 120000.00) 83 956(92038.00, 92038.00) 66 75 630 846(55596.00, 55596.00) 0(25803.00, 25803.00)
route 15, node_num 6, cost 684.880000, nodes: 0(120000.00, 120000.00) 97 540 491 7 0(71080.00, 71080.00)
route 16, node_num 6, cost 930.958000, nodes: 0(120000.00, 120000.00) 102 379 235 838(70622.00, 70622.00) 0(53503.00, 53503.00)
route 17, node_num 6, cost 1393.504000, nodes: 0(120000.00, 120000.00) 104 265 462 770 0(20464.00, 20464.00)
route 18, node_num 7, cost 1556.702000, nodes: 0(120000.00, 120000.00) 105 732 71 534 951(22862.00, 22862.00) 0(8807.00, 8807.00)
route 19, node_num 8, cost 653.254000, nodes: 0(120000.00, 120000.00) 124 713 309 790 450 134 0(73339.00, 73339.00)
route 20, node_num 7, cost 1742.552000, nodes: 0(120000.00, 120000.00) 133 196 46 94 972(38449.00, 42917.00) 0(0.00, 0.00)
route 21, node_num 6, cost 1102.192000, nodes: 0(120000.00, 120000.00) 138 559 564 753 0(41272.00, 41272.00)
route 22, node_num 6, cost 1258.642000, nodes: 0(120000.00, 120000.00) 139 788 685 529 0(30097.00, 30097.00)
route 23, node_num 8, cost 1301.720000, nodes: 0(120000.00, 120000.00) 143 679 109 170 316 991(41444.00, 41444.00) 0(27020.00, 27020.00)
route 24, node_num 7, cost 1385.062000, nodes: 0(120000.00, 120000.00) 146 772 202 780 902(45194.00, 45194.00) 0(21067.00, 21067.00)
route 25, node_num 8, cost 1069.068000, nodes: 0(120000.00, 120000.00) 149 25 741 41 370 431 0(43638.00, 43638.00)
route 26, node_num 7, cost 672.350000, nodes: 0(120000.00, 120000.00) 150 763 749 670 546 0(71975.00, 71975.00)
route 27, node_num 6, cost 812.252000, nodes: 0(120000.00, 120000.00) 158 237 759 587 0(61982.00, 61982.00)
route 28, node_num 8, cost 1146.012000, nodes: 0(120000.00, 120000.00) 174 640 82 239 433 803(60341.00, 60341.00) 0(38142.00, 38142.00)
route 29, node_num 5, cost 1333.864000, nodes: 0(120000.00, 120000.00) 177 376 86 0(24724.00, 24724.00)
route 30, node_num 7, cost 616.630000, nodes: 0(120000.00, 120000.00) 181 443 334 74 393 0(75955.00, 75955.00)
route 31, node_num 5, cost 487.690000, nodes: 0(120000.00, 120000.00) 185 593 240 0(85165.00, 85165.00)
route 32, node_num 9, cost 1030.876000, nodes: 0(120000.00, 120000.00) 189 400 554 251 541 266 833(59304.00, 59304.00) 0(46366.00, 46366.00)
route 33, node_num 6, cost 1180.410000, nodes: 0(120000.00, 120000.00) 190 127 642 694 0(35685.00, 35685.00)
route 34, node_num 7, cost 1578.724000, nodes: 0(120000.00, 120000.00) 192 116 392 45 921(46461.00, 46461.00) 0(7234.00, 7234.00)
route 35, node_num 7, cost 1281.280000, nodes: 0(120000.00, 120000.00) 193 356 313 517 135 0(28480.00, 28480.00)
route 36, node_num 8, cost 940.310000, nodes: 0(120000.00, 120000.00) 199 147 569 107 424 271 0(52835.00, 52835.00)
route 37, node_num 7, cost 684.614000, nodes: 0(120000.00, 120000.00) 205 130 745 619 719 0(71099.00, 71099.00)
route 38, node_num 7, cost 1349.796000, nodes: 0(120000.00, 120000.00) 219 660 645 9 614 0(23586.00, 23586.00)
route 39, node_num 7, cost 384.454000, nodes: 0(120000.00, 120000.00) 220 23 656 408 425 0(92539.00, 92539.00)
route 40, node_num 8, cost 994.042000, nodes: 0(120000.00, 120000.00) 225 550 409 553 110 882(61913.00, 61913.00) 0(48997.00, 48997.00)
route 41, node_num 7, cost 515.494000, nodes: 0(120000.00, 120000.00) 226 72 323 384 126 0(83179.00, 83179.00)
route 42, node_num 9, cost 963.536000, nodes: 0(120000.00, 120000.00) 227 608 166 736 171 13 598 0(51176.00, 51176.00)
route 43, node_num 5, cost 529.032000, nodes: 0(120000.00, 120000.00) 228 256 100 0(82212.00, 82212.00)
route 44, node_num 7, cost 1700.720000, nodes: 0(120000.00, 120000.00) 230 423 421 118 895(53331.00, 54811.00) 0(0.00, 0.00)
route 45, node_num 7, cost 1510.390000, nodes: 0(120000.00, 120000.00) 246 157 734 555 799 0(12115.00, 12115.00)
route 46, node_num 6, cost 1146.810000, nodes: 0(120000.00, 120000.00) 247 159 301 299 0(38085.00, 38085.00)
route 47, node_num 7, cost 1318.324000, nodes: 0(120000.00, 120000.00) 259 103 565 758 980(60762.00, 60762.00) 0(25834.00, 25834.00)
route 48, node_num 8, cost 1567.930000, nodes: 0(120000.00, 120000.00) 260 578 549 69 575 840(50818.00, 50818.00) 0(8005.00, 8005.00)
route 49, node_num 7, cost 530.152000, nodes: 0(120000.00, 120000.00) 262 215 606 396 721 0(82132.00, 82132.00)
route 50, node_num 6, cost 990.346000, nodes: 0(120000.00, 120000.00) 269 210 387 764 0(49261.00, 49261.00)
route 51, node_num 6, cost 1175.090000, nodes: 0(120000.00, 120000.00) 274 253 154 2 0(36065.00, 36065.00)
route 52, node_num 8, cost 1640.170000, nodes: 0(120000.00, 120000.00) 290 726 669 539 381 802(26972.00, 26972.00) 0(2845.00, 2845.00)
route 53, node_num 8, cost 420.406000, nodes: 0(120000.00, 120000.00) 291 317 204 96 501 48 0(89971.00, 89971.00)
route 54, node_num 6, cost 401.716000, nodes: 0(120000.00, 120000.00) 294 88 367 751 0(91306.00, 91306.00)
route 55, node_num 8, cost 1002.218000, nodes: 0(120000.00, 120000.00) 303 567 108 152 30 881(71525.00, 71525.00) 0(48413.00, 48413.00)
route 56, node_num 8, cost 1289.722000, nodes: 0(120000.00, 120000.00) 305 6 321 175 212 864(34238.00, 34238.00) 0(27877.00, 27877.00)
route 57, node_num 7, cost 447.958000, nodes: 0(120000.00, 120000.00) 333 144 165 337 570 0(88003.00, 88003.00)
route 58, node_num 7, cost 1624.896000, nodes: 0(120000.00, 120000.00) 338 250 352 505 850(53567.00, 53567.00) 0(3936.00, 3936.00)
route 59, node_num 8, cost 1082.326000, nodes: 0(120000.00, 120000.00) 350 21 688 257 705 474 0(42691.00, 42691.00)
route 60, node_num 7, cost 1439.872000, nodes: 0(120000.00, 120000.00) 355 354 37 416 893(31242.00, 31242.00) 0(17152.00, 17152.00)
route 61, node_num 8, cost 1320.046000, nodes: 0(120000.00, 120000.00) 362 218 458 244 178 928(51054.00, 51054.00) 0(25711.00, 25711.00)
route 62, node_num 6, cost 1022.168000, nodes: 0(120000.00, 120000.00) 363 574 131 513 0(46988.00, 46988.00)
route 63, node_num 7, cost 777.630000, nodes: 0(120000.00, 120000.00) 365 635 646 273 153 0(64455.00, 64455.00)
route 64, node_num 8, cost 1122.492000, nodes: 0(120000.00, 120000.00) 372 454 43 136 603 845(65724.00, 65724.00) 0(39822.00, 39822.00)
route 65, node_num 7, cost 868.084000, nodes: 0(120000.00, 120000.00) 374 557 704 556 532 0(57994.00, 57994.00)
route 66, node_num 7, cost 903.532000, nodes: 0(120000.00, 120000.00) 377 349 536 653 664 0(55462.00, 55462.00)
route 67, node_num 8, cost 884.128000, nodes: 0(120000.00, 120000.00) 386 216 700 15 106 858(74887.00, 74887.00) 0(56848.00, 56848.00)
route 68, node_num 7, cost 894.292000, nodes: 0(120000.00, 120000.00) 397 634 383 782 903(78321.00, 78321.00) 0(56122.00, 56122.00)
route 69, node_num 8, cost 1855.966000, nodes: 0(120000.00, 120000.00) 405 621 302 248 346 995(42242.00, 54811.00) 0(0.00, 0.00)
route 70, node_num 7, cost 1654.324000, nodes: 0(120000.00, 120000.00) 413 277 211 470 863(24113.00, 24113.00) 0(1834.00, 1834.00)
route 71, node_num 8, cost 1358.700000, nodes: 0(120000.00, 120000.00) 415 671 188 466 232 852(56789.00, 56789.00) 0(22950.00, 22950.00)
route 72, node_num 7, cost 2011.632000, nodes: 0(120000.00, 120000.00) 427 456 504 432 936(9563.00, 33251.00) 0(0.00, 0.00)
route 73, node_num 6, cost 996.590000, nodes: 0(120000.00, 120000.00) 428 162 490 692 0(48815.00, 48815.00)
route 74, node_num 7, cost 1610.966000, nodes: 0(120000.00, 120000.00) 429 141 483 410 935(50703.00, 50703.00) 0(4931.00, 4931.00)
route 75, node_num 8, cost 826.154000, nodes: 0(120000.00, 120000.00) 430 488 24 610 119 32 0(60989.00, 60989.00)
route 76, node_num 7, cost 546.826000, nodes: 0(120000.00, 120000.00) 439 459 142 51 293 0(80941.00, 80941.00)
route 77, node_num 6, cost 882.896000, nodes: 0(120000.00, 120000.00) 445 368 695 629 0(56936.00, 56936.00)
route 78, node_num 7, cost 292.068000, nodes: 0(120000.00, 120000.00) 461 89 627 636 39 0(99138.00, 99138.00)
route 79, node_num 5, cost 1381.324000, nodes: 0(120000.00, 120000.00) 464 14 156 0(21334.00, 21334.00)
route 80, node_num 7, cost 436.142000, nodes: 0(120000.00, 120000.00) 468 558 388 795 161 0(88847.00, 88847.00)
route 81, node_num 7, cost 1000.370000, nodes: 0(120000.00, 120000.00) 469 285 572 324 856(68423.00, 68423.00) 0(48545.00, 48545.00)
route 82, node_num 8, cost 821.184000, nodes: 0(120000.00, 120000.00) 471 418 208 26 434 180 0(61344.00, 61344.00)
route 83, node_num 7, cost 328.986000, nodes: 0(120000.00, 120000.00) 473 460 522 489 507 0(96501.00, 96501.00)
route 84, node_num 8, cost 876.162000, nodes: 0(120000.00, 120000.00) 478 417 544 618 10 748 0(57417.00, 57417.00)
route 85, node_num 8, cost 1371.902000, nodes: 0(120000.00, 120000.00) 486 132 783 292 714 975(59824.00, 59824.00) 0(22007.00, 22007.00)
route 86, node_num 5, cost 495.488000, nodes: 0(120000.00, 120000.00) 498 792 242 0(84608.00, 84608.00)
route 87, node_num 7, cost 972.356000, nodes: 0(120000.00, 120000.00) 499 328 682 234 601 0(50546.00, 50546.00)
route 88, node_num 7, cost 1147.454000, nodes: 0(120000.00, 120000.00) 510 151 5 800 545 0(38039.00, 38039.00)
route 89, node_num 8, cost 1014.720000, nodes: 0(120000.00, 120000.00) 511 366 295 779 994(73236.00, 73236.00) 993(61610.00, 61610.00) 0(47520.00, 47520.00)
route 90, node_num 6, cost 354.382000, nodes: 0(120000.00, 120000.00) 516 183 47 442 0(94687.00, 94687.00)
route 91, node_num 8, cost 1765.862000, nodes: 0(120000.00, 120000.00) 520 326 207 548 11 828(19210.00, 25343.00) 0(0.00, 0.00)
route 92, node_num 8, cost 1918.630000, nodes: 0(120000.00, 120000.00) 531 117 711 128 308 950(32586.00, 49631.00) 0(0.00, 0.00)
route 93, node_num 8, cost 1198.106000, nodes: 0(120000.00, 120000.00) 533 625 686 184 296 888(70652.00, 70652.00) 0(34421.00, 34421.00)
route 94, node_num 8, cost 919.366000, nodes: 0(120000.00, 120000.00) 535 436 297 597 674 851(68386.00, 68386.00) 0(54331.00, 54331.00)
route 95, node_num 7, cost 1322.832000, nodes: 0(120000.00, 120000.00) 551 577 113 344 243 0(25512.00, 25512.00)
route 96, node_num 8, cost 502.908000, nodes: 0(120000.00, 120000.00) 573 477 451 690 566 487 0(84078.00, 84078.00)
route 97, node_num 5, cost 187.236000, nodes: 0(120000.00, 120000.00) 580 279 359 0(106626.00, 106626.00)
route 98, node_num 7, cost 1679.622000, nodes: 0(120000.00, 120000.00) 584 264 241 414 817(21756.00, 21756.00) 0(27.00, 27.00)
route 99, node_num 8, cost 1761.844000, nodes: 0(120000.00, 120000.00) 586 953(82459.00, 88305.00) 404 755 754 249 0(0.00, 0.00)
route 100, node_num 8, cost 584.374000, nodes: 0(120000.00, 120000.00) 589 542 283 348 479 200 0(78259.00, 78259.00)
route 101, node_num 7, cost 1416.408000, nodes: 0(120000.00, 120000.00) 607 523 12 463 880(53756.00, 53756.00) 0(18828.00, 18828.00)
route 102, node_num 8, cost 1640.702000, nodes: 0(120000.00, 120000.00) 611 728 524 666 581 877(45283.00, 45283.00) 0(2807.00, 2807.00)
route 103, node_num 8, cost 845.922000, nodes: 0(120000.00, 120000.00) 613 284 659 34 403 57 0(59577.00, 59577.00)
route 104, node_num 4, cost 584.626000, nodes: 0(120000.00, 120000.00) 617 140 0(78241.00, 78241.00)
route 105, node_num 7, cost 1144.934000, nodes: 0(120000.00, 120000.00) 622 341 691 278 508 0(38219.00, 38219.00)
route 106, node_num 8, cost 1179.220000, nodes: 0(120000.00, 120000.00) 628 263 778 681 905(59844.00, 59844.00) 964(42131.00, 42131.00) 0(35770.00, 35770.00)
route 107, node_num 4, cost 335.608000, nodes: 0(120000.00, 120000.00) 631 717 0(96028.00, 96028.00)
route 108, node_num 7, cost 980.994000, nodes: 0(120000.00, 120000.00) 644 738 114 329 626 0(49929.00, 49929.00)
route 109, node_num 6, cost 949.116000, nodes: 0(120000.00, 120000.00) 651 576 310 67 0(52206.00, 52206.00)
route 110, node_num 7, cost 1549.464000, nodes: 0(120000.00, 120000.00) 680 623 50 526 861(52342.00, 52342.00) 0(9324.00, 9324.00)
route 111, node_num 8, cost 1868.776000, nodes: 0(120000.00, 120000.00) 687 672 22 406 496 976(12967.00, 26451.00) 0(0.00, 0.00)
route 112, node_num 8, cost 1635.396000, nodes: 0(120000.00, 120000.00) 689 699 467 280 785 848(27883.00, 27883.00) 0(3186.00, 3186.00)
route 113, node_num 6, cost 1192.198000, nodes: 0(120000.00, 120000.00) 702 169 604 120 0(34843.00, 34843.00)
route 114, node_num 7, cost 500.962000, nodes: 0(120000.00, 120000.00) 707 465 361 311 725 0(84217.00, 84217.00)
route 115, node_num 7, cost 1324.344000, nodes: 0(120000.00, 120000.00) 709 332 590 163 378 0(25404.00, 25404.00)
route 116, node_num 8, cost 1566.012000, nodes: 0(120000.00, 120000.00) 710 369 663 722 493 832(42109.00, 42109.00) 0(8142.00, 8142.00)
route 117, node_num 8, cost 1093.876000, nodes: 0(120000.00, 120000.00) 712 267 797 528 784 353 0(41866.00, 41866.00)
route 118, node_num 7, cost 911.470000, nodes: 0(120000.00, 120000.00) 716 98 319 209 258 0(54895.00, 54895.00)
route 119, node_num 7, cost 483.854000, nodes: 0(120000.00, 120000.00) 718 744 662 472 398 0(85439.00, 85439.00)
route 120, node_num 5, cost 377.538000, nodes: 0(120000.00, 120000.00) 723 288 364 0(93033.00, 93033.00)
route 121, node_num 7, cost 1504.566000, nodes: 0(120000.00, 120000.00) 724 1 638 444 743 0(12531.00, 12531.00)
route 122, node_num 8, cost 1332.716000, nodes: 0(120000.00, 120000.00) 727 399 53 99 482 875(62623.00, 62623.00) 0(24806.00, 24806.00)
route 123, node_num 7, cost 648.060000, nodes: 0(120000.00, 120000.00) 729 129 515 191 289 0(73710.00, 73710.00)
route 124, node_num 8, cost 1568.672000, nodes: 0(120000.00, 120000.00) 740 655 33 343 739 839(52484.00, 52484.00) 0(7952.00, 7952.00)
route 125, node_num 7, cost 1204.700000, nodes: 0(120000.00, 120000.00) 742 80 633 84 982(46866.00, 46866.00) 0(33950.00, 33950.00)
route 126, node_num 8, cost 1732.724000, nodes: 0(120000.00, 120000.00) 752 918(84034.00, 87800.00) 148 481 514 325 0(0.00, 0.00)
route 127, node_num 7, cost 1719.508000, nodes: 0(120000.00, 120000.00) 757 76 111 222 808(51459.00, 54281.00) 0(0.00, 0.00)
route 128, node_num 6, cost 1527.022000, nodes: 0(120000.00, 120000.00) 761 494 446 696 0(10927.00, 10927.00)
route 129, node_num 8, cost 1532.888000, nodes: 0(120000.00, 120000.00) 765 336 287 276 401 884(49873.00, 49873.00) 0(10508.00, 10508.00)
route 130, node_num 6, cost 1144.836000, nodes: 0(120000.00, 120000.00) 768 605 715 345 0(38226.00, 38226.00)
route 131, node_num 8, cost 1678.096000, nodes: 0(120000.00, 120000.00) 773 568 538 90 500 909(35217.00, 35217.00) 0(136.00, 136.00)
route 132, node_num 8, cost 1854.860000, nodes: 0(120000.00, 120000.00) 775 643 453 730 527 977(29986.00, 42476.00) 0(0.00, 0.00)
route 133, node_num 9, cost 491.092000, nodes: 0(120000.00, 120000.00) 777 615 767 93 231 195 81 0(84922.00, 84922.00)
route 134, node_num 7, cost 1755.432000, nodes: 0(120000.00, 120000.00) 781 426 519 304 811(17784.00, 23172.00) 0(0.00, 0.00)
route 135, node_num 6, cost 1039.528000, nodes: 0(120000.00, 120000.00) 787 412 512 647 0(45748.00, 45748.00)
route 136, node_num 8, cost 845.096000, nodes: 0(120000.00, 120000.00) 789 632 236 492 769 963(81915.00, 81915.00) 0(59636.00, 59636.00)
route 137, node_num 7, cost 1616.734000, nodes: 0(120000.00, 120000.00) 791 373 16 201 821(43746.00, 43746.00) 0(4519.00, 4519.00)
route 138, node_num 6, cost 1078.434000, nodes: 0(120000.00, 120000.00) 793 571 552 29 0(42969.00, 42969.00)
route 139, node_num 7, cost 1471.358000, nodes: 0(120000.00, 120000.00) 796 447 176 217 984(54268.00, 54268.00) 0(14903.00, 14903.00)
route 140, node_num 7, cost 1056.062000, nodes: 0(120000.00, 120000.00) 798 394 385 658 254 0(44567.00, 44567.00)
route 141, node_num 7, cost 1519.952000, nodes: 0(120000.00, 120000.00) 809(82478.00, 82478.00) 420 595 737 917(33161.00, 33161.00) 0(11432.00, 11432.00)
route 142, node_num 8, cost 1419.054000, nodes: 0(120000.00, 120000.00) 813(103233.00, 103233.00) 448 270 213 673 933(31577.00, 31577.00) 0(18639.00, 18639.00)
route 143, node_num 7, cost 1717.674000, nodes: 0(120000.00, 120000.00) 816(95738.00, 95738.00) 509 667 657 925(39399.00, 42090.00) 0(0.00, 0.00)
route 144, node_num 7, cost 1365.434000, nodes: 0(120000.00, 120000.00) 818(84742.00, 92742.00) 122 19 485 87 0(30469.00, 30469.00)
route 145, node_num 6, cost 1426.082000, nodes: 0(120000.00, 120000.00) 819(97834.00, 97834.00) 395 282 898(59381.00, 59381.00) 0(18137.00, 18137.00)
route 146, node_num 10, cost 1339.814000, nodes: 0(120000.00, 120000.00) 823(109240.00, 109240.00) 419 693 440 747 214 73 831(56964.00, 56964.00) 0(24299.00, 24299.00)
route 147, node_num 8, cost 1883.070000, nodes: 0(120000.00, 120000.00) 827(85424.00, 97424.00) 238 422 187 624 908(51776.00, 54281.00) 0(0.00, 0.00)
route 148, node_num 9, cost 1721.524000, nodes: 0(120000.00, 120000.00) 842(87408.00, 87408.00) 315 330 307 503 233 835(42806.00, 45772.00) 0(0.00, 0.00)
route 149, node_num 8, cost 1362.284000, nodes: 0(120000.00, 120000.00) 843(90980.00, 90980.00) 612 786 380 101 675 0(22694.00, 22694.00)
route 150, node_num 8, cost 940.996000, nodes: 0(120000.00, 120000.00) 844(106638.00, 106638.00) 206 360 543 351 668 0(52786.00, 52786.00)
route 151, node_num 7, cost 1492.064000, nodes: 0(120000.00, 120000.00) 853(84325.00, 88325.00) 484 654 706 252 0(17424.00, 17424.00)
route 152, node_num 8, cost 1795.724000, nodes: 0(120000.00, 120000.00) 857(94699.00, 94699.00) 620 455 720 766 826(29918.00, 38184.00) 0(0.00, 0.00)
route 153, node_num 7, cost 1178.982000, nodes: 0(120000.00, 120000.00) 874(107295.00, 107295.00) 312 599 42 145 0(35787.00, 35787.00)
route 154, node_num 6, cost 1226.036000, nodes: 0(120000.00, 120000.00) 885(97648.00, 120000.00) 600 402 221 0(54778.00, 54778.00)
route 155, node_num 8, cost 1583.218000, nodes: 0(120000.00, 120000.00) 886(83738.00, 120000.00) 733 665 441 760 879(81608.00, 81608.00) 0(43175.00, 43175.00)
route 156, node_num 7, cost 1676.052000, nodes: 0(120000.00, 120000.00) 889(96547.00, 96547.00) 8 322 272 229 0(282.00, 282.00)
route 157, node_num 7, cost 1807.848000, nodes: 0(120000.00, 120000.00) 890(82075.00, 82075.00) 506 525 160 836(24119.00, 33251.00) 0(0.00, 0.00)
route 158, node_num 7, cost 1369.984000, nodes: 0(120000.00, 120000.00) 891(100789.00, 120000.00) 52 314 437 970(78624.00, 78624.00) 0(41355.00, 41355.00)
route 159, node_num 9, cost 1388.996000, nodes: 0(120000.00, 120000.00) 892(87550.00, 120000.00) 480 56 167 112 342 932(87203.00, 87203.00) 0(53236.00, 53236.00)
route 160, node_num 10, cost 1529.808000, nodes: 0(120000.00, 120000.00) 896(101321.00, 120000.00) 223 588 521 924(79643.00, 79643.00) 245 746 998(70651.00, 70651.00) 0(29407.00, 29407.00)
route 161, node_num 8, cost 1518.720000, nodes: 0(120000.00, 120000.00) 911(93324.00, 93324.00) 197 475 390 382 954(54478.00, 54478.00) 0(11520.00, 11520.00)
route 162, node_num 9, cost 1360.296000, nodes: 0(120000.00, 120000.00) 913(103233.00, 120000.00) 683 648 172 327 435 979(78036.00, 78036.00) 0(39603.00, 39603.00)
route 163, node_num 7, cost 1376.508000, nodes: 0(120000.00, 120000.00) 916(95738.00, 120000.00) 70 676 457 806(82178.00, 82178.00) 0(45940.00, 45940.00)
route 164, node_num 9, cost 1389.458000, nodes: 0(120000.00, 120000.00) 923(109240.00, 109240.00) 637 502 776 684 194 914(58369.00, 58369.00) 0(20753.00, 20753.00)
route 165, node_num 7, cost 1846.712000, nodes: 0(120000.00, 120000.00) 927(85424.00, 85424.00) 582 731 794 876(14543.00, 26451.00) 0(0.00, 0.00)
route 166, node_num 8, cost 2097.704000, nodes: 0(120000.00, 120000.00) 943(90980.00, 90980.00) 592 563 49 602 862(26246.00, 56082.00) 0(0.00, 0.00)
route 167, node_num 8, cost 1537.634000, nodes: 0(120000.00, 120000.00) 944(106638.00, 106638.00) 371 650 318 476 825(52259.00, 52259.00) 0(10169.00, 10169.00)
route 168, node_num 8, cost 1444.058000, nodes: 0(120000.00, 120000.00) 946(85244.00, 85244.00) 756 579 125 155 870(54122.00, 54122.00) 0(16853.00, 16853.00)
route 169, node_num 8, cost 1417.430000, nodes: 0(120000.00, 120000.00) 952(81490.00, 120000.00) 168 286 497 389 906(93503.00, 93503.00) 0(57265.00, 57265.00)
route 170, node_num 7, cost 1494.724000, nodes: 0(120000.00, 120000.00) 957(94699.00, 94699.00) 518 452 179 703 0(13234.00, 13234.00)
route 171, node_num 7, cost 1574.342000, nodes: 0(120000.00, 120000.00) 969(79763.00, 79763.00) 255 357 411 854(50505.00, 50505.00) 0(7547.00, 7547.00)
route 172, node_num 9, cost 1251.572000, nodes: 0(120000.00, 120000.00) 974(107295.00, 107295.00) 320 40 701 762 63 949(56418.00, 56418.00) 0(30602.00, 30602.00)
route 173, node_num 8, cost 1376.662000, nodes: 0(120000.00, 120000.00) 978(87618.00, 99618.00) 616 115 774 85 849(59483.00, 59483.00) 0(33667.00, 33667.00)
route 174, node_num 6, cost 1743.616000, nodes: 0(120000.00, 120000.00) 981(92118.00, 96662.00) 407 547 28 0(0.00, 0.00)
route 175, node_num 8, cost 1359.582000, nodes: 0(120000.00, 120000.00) 985(97648.00, 97648.00) 537 173 438 331 948(47584.00, 47584.00) 0(22887.00, 22887.00)
route 176, node_num 9, cost 1614.424000, nodes: 0(120000.00, 120000.00) 989(96547.00, 96547.00) 36 561 358 583 60 872(47601.00, 47601.00) 0(4684.00, 4684.00)
route 177, node_num 7, cost 1848.154000, nodes: 0(120000.00, 120000.00) 990(82075.00, 94086.00) 186 661 3 391 0(0.00, 0.00)
route 178, node_num 9, cost 1655.878000, nodes: 0(120000.00, 120000.00) 992(87550.00, 87550.00) 449 596 281 920(54190.00, 54190.00) 771 926(39907.00, 39907.00) 0(1723.00, 1723.00)
vehicle (route) number: 179
Total cost: 265059.89
294106.29, 25211.59
271536.61, 25232.51
267211.89, 25207.99
265619.18, 25262.50
287442.28, 25204.75
267607.88, 25221.70
268070.57, 25203.78
267729.47, 25202.91
275664.88, 25394.58
265059.89, 25210.81
