Details of the solution:
route 0, node_num 5, cost 1521.072000, nodes: 0(120000.00, 120000.00) 84 145 185 0(11352.00, 11352.00)
route 1, node_num 7, cost 1668.058000, nodes: 0(120000.00, 120000.00) 475 52 435 48 697 0(853.00, 853.00)
route 2, node_num 7, cost 1502.228000, nodes: 0(120000.00, 120000.00) 858(106519.00, 106519.00) 576 438 500 506 0(12698.00, 12698.00)
route 3, node_num 5, cost 908.404000, nodes: 0(120000.00, 120000.00) 789 685 387 0(55114.00, 55114.00)
route 4, node_num 7, cost 1487.360000, nodes: 0(120000.00, 120000.00) 539 183 163 616 248 0(13760.00, 13760.00)
route 5, node_num 5, cost 1445.906000, nodes: 0(120000.00, 120000.00) 779 91 581 0(16721.00, 16721.00)
route 6, node_num 5, cost 1633.128000, nodes: 0(120000.00, 120000.00) 285 99 426 0(3348.00, 3348.00)
route 7, node_num 5, cost 1521.730000, nodes: 0(120000.00, 120000.00) 141 481 722 0(11305.00, 11305.00)
route 8, node_num 4, cost 1016.806000, nodes: 0(120000.00, 120000.00) 689 272 0(47371.00, 47371.00)
route 9, node_num 6, cost 1676.808000, nodes: 0(120000.00, 120000.00) 299 97 79 32 0(228.00, 228.00)
route 10, node_num 7, cost 1265.908000, nodes: 0(120000.00, 120000.00) 497 116 315 75 105 0(29578.00, 29578.00)
route 11, node_num 6, cost 1057.854000, nodes: 0(120000.00, 120000.00) 267 645 518 559 0(44439.00, 44439.00)
route 12, node_num 6, cost 944.440000, nodes: 0(120000.00, 120000.00) 64 707 140 670 0(52540.00, 52540.00)
route 13, node_num 6, cost 1241.520000, nodes: 0(120000.00, 120000.00) 633 81 410 234 0(31320.00, 31320.00)
route 14, node_num 7, cost 1958.040000, nodes: 0(120000.00, 120000.00) 86 120 5 176 856(3518.00, 23378.00) 0(0.00, 0.00)
route 15, node_num 5, cost 794.668000, nodes: 0(120000.00, 120000.00) 473 775 353 0(63238.00, 63238.00)
route 16, node_num 6, cost 1001.826000, nodes: 0(120000.00, 120000.00) 296 142 175 9 0(48441.00, 48441.00)
route 17, node_num 6, cost 1194.228000, nodes: 0(120000.00, 120000.00) 627 443 434 203 0(34698.00, 34698.00)
route 18, node_num 7, cost 967.400000, nodes: 0(120000.00, 120000.00) 692 282 495 36 138 0(50900.00, 50900.00)
route 19, node_num 7, cost 964.782000, nodes: 0(120000.00, 120000.00) 382 190 161 237 660 0(51087.00, 51087.00)
route 20, node_num 6, cost 1294.566000, nodes: 0(120000.00, 120000.00) 7 715 799 243 0(27531.00, 27531.00)
route 21, node_num 5, cost 1146.306000, nodes: 0(120000.00, 120000.00) 725 207 256 0(38121.00, 38121.00)
route 22, node_num 8, cost 1656.676000, nodes: 0(120000.00, 120000.00) 284 682 629 748 668 964(21000.00, 21000.00) 0(1666.00, 1666.00)
route 23, node_num 7, cost 1131.046000, nodes: 0(120000.00, 120000.00) 772 776 117 573 577 0(39211.00, 39211.00)
route 24, node_num 7, cost 2144.282000, nodes: 0(120000.00, 120000.00) 431 512 613 652 911(14381.00, 47544.00) 0(0.00, 0.00)
route 25, node_num 4, cost 1047.914000, nodes: 0(120000.00, 120000.00) 150 345 0(45149.00, 45149.00)
route 26, node_num 5, cost 1103.704000, nodes: 0(120000.00, 120000.00) 228 389 385 0(41164.00, 41164.00)
route 27, node_num 4, cost 961.128000, nodes: 0(120000.00, 120000.00) 595 547 0(51348.00, 51348.00)
route 28, node_num 7, cost 940.114000, nodes: 0(120000.00, 120000.00) 119 88 130 405 227 0(52849.00, 52849.00)
route 29, node_num 4, cost 718.172000, nodes: 0(120000.00, 120000.00) 218 605 0(68702.00, 68702.00)
route 30, node_num 7, cost 1582.224000, nodes: 0(120000.00, 120000.00) 594 519 78 698 923(11498.00, 11498.00) 0(6984.00, 6984.00)
route 31, node_num 7, cost 1845.746000, nodes: 0(120000.00, 120000.00) 744 709 125 83 976(18294.00, 30133.00) 0(0.00, 0.00)
route 32, node_num 5, cost 1332.506000, nodes: 0(120000.00, 120000.00) 222 372 401 0(24821.00, 24821.00)
route 33, node_num 6, cost 1672.020000, nodes: 0(120000.00, 120000.00) 442 648 504 236 0(570.00, 570.00)
route 34, node_num 7, cost 1567.398000, nodes: 0(120000.00, 120000.00) 924(78004.00, 120000.00) 229 704 521 107 0(50039.00, 50039.00)
route 35, node_num 6, cost 915.810000, nodes: 0(120000.00, 120000.00) 38 786 313 361 0(54585.00, 54585.00)
route 36, node_num 6, cost 1542.674000, nodes: 0(120000.00, 120000.00) 924(78004.00, 120000.00) 449 746 325 0(51805.00, 51805.00)
route 37, node_num 7, cost 1554.532000, nodes: 0(120000.00, 120000.00) 482 797 584 224 608 0(8962.00, 8962.00)
route 38, node_num 6, cost 1417.234000, nodes: 0(120000.00, 120000.00) 348 337 273 278 0(18769.00, 18769.00)
route 39, node_num 7, cost 1805.454000, nodes: 0(120000.00, 120000.00) 807(76524.00, 85485.00) 230 287 376 643 0(0.00, 0.00)
route 40, node_num 6, cost 1363.642000, nodes: 0(120000.00, 120000.00) 362 332 200 274 0(22597.00, 22597.00)
route 41, node_num 6, cost 727.216000, nodes: 0(120000.00, 120000.00) 612 270 72 61 0(68056.00, 68056.00)
route 42, node_num 6, cost 1189.370000, nodes: 0(120000.00, 120000.00) 31 30 764 766 0(35045.00, 35045.00)
route 43, node_num 7, cost 1641.976000, nodes: 0(120000.00, 120000.00) 424 309 440 531 782 0(2716.00, 2716.00)
route 44, node_num 5, cost 590.954000, nodes: 0(120000.00, 120000.00) 760 557 498 0(77789.00, 77789.00)
route 45, node_num 6, cost 1049.258000, nodes: 0(120000.00, 120000.00) 178 196 490 271 0(45053.00, 45053.00)
route 46, node_num 5, cost 1096.662000, nodes: 0(120000.00, 120000.00) 626 304 62 0(41667.00, 41667.00)
route 47, node_num 6, cost 1582.224000, nodes: 0(120000.00, 120000.00) 204 339 375 53 0(6984.00, 6984.00)
route 48, node_num 6, cost 1029.812000, nodes: 0(120000.00, 120000.00) 146 732 314 324 0(46442.00, 46442.00)
route 49, node_num 5, cost 766.584000, nodes: 0(120000.00, 120000.00) 328 25 578 0(65244.00, 65244.00)
route 50, node_num 5, cost 1210.636000, nodes: 0(120000.00, 120000.00) 397 695 47 0(33526.00, 33526.00)
route 51, node_num 6, cost 1597.876000, nodes: 0(120000.00, 120000.00) 571 515 114 787 0(5866.00, 5866.00)
route 52, node_num 7, cost 1849.302000, nodes: 0(120000.00, 120000.00) 132 186 128 73 881(25156.00, 37249.00) 0(0.00, 0.00)
route 53, node_num 6, cost 1273.104000, nodes: 0(120000.00, 120000.00) 591 137 20 37 0(29064.00, 29064.00)
route 54, node_num 7, cost 1622.040000, nodes: 0(120000.00, 120000.00) 726 680 66 50 861(8626.00, 8626.00) 0(4140.00, 4140.00)
route 55, node_num 6, cost 1487.388000, nodes: 0(120000.00, 120000.00) 740 468 489 192 0(13758.00, 13758.00)
route 56, node_num 6, cost 1978.116000, nodes: 0(120000.00, 120000.00) 355 162 172 866(9360.00, 30654.00) 0(0.00, 0.00)
route 57, node_num 6, cost 1185.184000, nodes: 0(120000.00, 120000.00) 465 430 628 414 0(35344.00, 35344.00)
route 58, node_num 7, cost 1249.570000, nodes: 0(120000.00, 120000.00) 68 90 580 374 98 0(30745.00, 30745.00)
route 59, node_num 8, cost 1746.850000, nodes: 0(120000.00, 120000.00) 614 474 181 701 656 992(17416.00, 22191.00) 0(0.00, 0.00)
route 60, node_num 6, cost 1046.192000, nodes: 0(120000.00, 120000.00) 502 217 188 364 0(45272.00, 45272.00)
route 61, node_num 6, cost 1412.054000, nodes: 0(120000.00, 120000.00) 246 252 751 607 0(19139.00, 19139.00)
route 62, node_num 5, cost 242.032000, nodes: 0(120000.00, 120000.00) 671 467 277 0(102712.00, 102712.00)
route 63, node_num 6, cost 376.600000, nodes: 0(120000.00, 120000.00) 765 189 12 634 0(93100.00, 93100.00)
route 64, node_num 6, cost 1758.526000, nodes: 0(120000.00, 120000.00) 924(78004.00, 120000.00) 735 637 466 0(36387.00, 36387.00)
route 65, node_num 5, cost 1118.656000, nodes: 0(120000.00, 120000.00) 604 651 649 0(40096.00, 40096.00)
route 66, node_num 5, cost 763.658000, nodes: 0(120000.00, 120000.00) 762 63 514 0(65453.00, 65453.00)
route 67, node_num 4, cost 764.932000, nodes: 0(120000.00, 120000.00) 524 499 0(65362.00, 65362.00)
route 68, node_num 6, cost 1217.818000, nodes: 0(120000.00, 120000.00) 147 400 780 262 0(33013.00, 33013.00)
route 69, node_num 5, cost 290.416000, nodes: 0(120000.00, 120000.00) 568 109 464 0(99256.00, 99256.00)
route 70, node_num 5, cost 1531.152000, nodes: 0(120000.00, 120000.00) 478 620 358 0(10632.00, 10632.00)
route 71, node_num 6, cost 1790.376000, nodes: 0(120000.00, 120000.00) 817(97837.00, 105721.00) 694 452 215 0(0.00, 0.00)
route 72, node_num 7, cost 1662.248000, nodes: 0(120000.00, 120000.00) 917(97837.00, 120000.00) 373 720 771 265 0(23431.00, 23431.00)
route 73, node_num 6, cost 286.272000, nodes: 0(120000.00, 120000.00) 716 445 556 501 0(99552.00, 99552.00)
route 74, node_num 7, cost 1662.122000, nodes: 0(120000.00, 120000.00) 409 461 574 477 864(20611.00, 20611.00) 0(1277.00, 1277.00)
route 75, node_num 5, cost 257.138000, nodes: 0(120000.00, 120000.00) 583 398 311 0(101633.00, 101633.00)
route 76, node_num 7, cost 1501.010000, nodes: 0(120000.00, 120000.00) 757 555 567 170 129 0(12785.00, 12785.00)
route 77, node_num 7, cost 1762.880000, nodes: 0(120000.00, 120000.00) 558 223 429 134 945(16883.00, 22803.00) 0(0.00, 0.00)
route 78, node_num 6, cost 1017.016000, nodes: 0(120000.00, 120000.00) 171 419 563 663 0(47356.00, 47356.00)
route 79, node_num 6, cost 1728.538000, nodes: 0(120000.00, 120000.00) 368 460 45 903(5648.00, 9115.00) 0(0.00, 0.00)
route 80, node_num 6, cost 1810.788000, nodes: 0(120000.00, 120000.00) 845(99812.00, 109154.00) 160 686 666 0(0.00, 0.00)
route 81, node_num 4, cost 499.590000, nodes: 0(120000.00, 120000.00) 241 343 0(84315.00, 84315.00)
route 82, node_num 6, cost 1125.558000, nodes: 0(120000.00, 120000.00) 55 618 35 658 0(39603.00, 39603.00)
route 83, node_num 7, cost 873.978000, nodes: 0(120000.00, 120000.00) 544 703 82 384 115 0(57573.00, 57573.00)
route 84, node_num 5, cost 1014.188000, nodes: 0(120000.00, 120000.00) 441 225 721 0(47558.00, 47558.00)
route 85, node_num 5, cost 1273.300000, nodes: 0(120000.00, 120000.00) 239 699 417 0(29050.00, 29050.00)
route 86, node_num 6, cost 1194.592000, nodes: 0(120000.00, 120000.00) 166 103 423 597 0(34672.00, 34672.00)
route 87, node_num 4, cost 1318.520000, nodes: 0(120000.00, 120000.00) 432 579 0(25820.00, 25820.00)
route 88, node_num 5, cost 539.182000, nodes: 0(120000.00, 120000.00) 174 206 221 0(81487.00, 81487.00)
route 89, node_num 7, cost 620.326000, nodes: 0(120000.00, 120000.00) 297 796 156 70 14 0(75691.00, 75691.00)
route 90, node_num 6, cost 1267.168000, nodes: 0(120000.00, 120000.00) 533 220 554 785 0(29488.00, 29488.00)
route 91, node_num 6, cost 1506.358000, nodes: 0(120000.00, 120000.00) 259 795 251 840(45549.00, 45549.00) 0(12403.00, 12403.00)
route 92, node_num 5, cost 999.866000, nodes: 0(120000.00, 120000.00) 169 257 798 0(48581.00, 48581.00)
route 93, node_num 5, cost 1310.050000, nodes: 0(120000.00, 120000.00) 303 719 76 0(26425.00, 26425.00)
route 94, node_num 6, cost 1100.540000, nodes: 0(120000.00, 120000.00) 621 734 448 647 0(41390.00, 41390.00)
route 95, node_num 6, cost 636.972000, nodes: 0(120000.00, 120000.00) 280 659 295 354 0(74502.00, 74502.00)
route 96, node_num 7, cost 1731.618000, nodes: 0(120000.00, 120000.00) 541 26 33 29 961(799.00, 4486.00) 0(0.00, 0.00)
route 97, node_num 7, cost 1514.226000, nodes: 0(120000.00, 120000.00) 778 305 349 370 159 0(11841.00, 11841.00)
route 98, node_num 6, cost 759.108000, nodes: 0(120000.00, 120000.00) 453 496 3 360 0(65778.00, 65778.00)
route 99, node_num 4, cost 417.984000, nodes: 0(120000.00, 120000.00) 336 310 0(90144.00, 90144.00)
route 100, node_num 6, cost 1107.862000, nodes: 0(120000.00, 120000.00) 792 508 11 164 0(40867.00, 40867.00)
route 101, node_num 5, cost 248.416000, nodes: 0(120000.00, 120000.00) 532 249 124 0(102256.00, 102256.00)
route 102, node_num 7, cost 994.406000, nodes: 0(120000.00, 120000.00) 131 344 380 540 317 0(48971.00, 48971.00)
route 103, node_num 5, cost 1196.230000, nodes: 0(120000.00, 120000.00) 536 193 94 0(34555.00, 34555.00)
route 104, node_num 7, cost 1934.632000, nodes: 0(120000.00, 120000.00) 625 601 291 378 977(1835.00, 20023.00) 0(0.00, 0.00)
route 105, node_num 7, cost 1967.868000, nodes: 0(120000.00, 120000.00) 769 791 916(45594.00, 73594.00) 494 562 0(7438.00, 7438.00)
route 106, node_num 5, cost 1031.562000, nodes: 0(120000.00, 120000.00) 6 394 528 0(46317.00, 46317.00)
route 107, node_num 7, cost 1298.136000, nodes: 0(120000.00, 120000.00) 135 793 606 211 253 0(27276.00, 27276.00)
route 108, node_num 7, cost 1598.212000, nodes: 0(120000.00, 120000.00) 517 199 104 54 992(28033.00, 28033.00) 0(5842.00, 5842.00)
route 109, node_num 6, cost 1670.298000, nodes: 0(120000.00, 120000.00) 635 85 439 13 0(693.00, 693.00)
route 110, node_num 6, cost 1855.098000, nodes: 0(120000.00, 120000.00) 69 316 570 939(37066.00, 49573.00) 0(0.00, 0.00)
route 111, node_num 7, cost 1674.176000, nodes: 0(120000.00, 120000.00) 480 330 43 118 804(44813.00, 44813.00) 0(416.00, 416.00)
route 112, node_num 5, cost 1070.426000, nodes: 0(120000.00, 120000.00) 672 510 242 0(43541.00, 43541.00)
route 113, node_num 6, cost 1571.892000, nodes: 0(120000.00, 120000.00) 16 214 741 638 0(7722.00, 7722.00)
route 114, node_num 7, cost 1732.332000, nodes: 0(120000.00, 120000.00) 388 41 209 730 815(27803.00, 31541.00) 0(0.00, 0.00)
route 115, node_num 5, cost 1459.990000, nodes: 0(120000.00, 120000.00) 681 516 191 0(15715.00, 15715.00)
route 116, node_num 6, cost 1640.450000, nodes: 0(120000.00, 120000.00) 924(78004.00, 78004.00) 644 143 488 0(2825.00, 2825.00)
route 117, node_num 5, cost 1394.610000, nodes: 0(120000.00, 120000.00) 386 101 187 0(20385.00, 20385.00)
route 118, node_num 5, cost 983.752000, nodes: 0(120000.00, 120000.00) 759 711 379 0(49732.00, 49732.00)
route 119, node_num 7, cost 1704.626000, nodes: 0(120000.00, 120000.00) 924(78004.00, 86004.00) 198 476 743 34 0(6241.00, 6241.00)
route 120, node_num 7, cost 1445.640000, nodes: 0(120000.00, 120000.00) 924(78004.00, 120000.00) 669 208 794 59 0(58736.00, 58736.00)
route 121, node_num 5, cost 931.616000, nodes: 0(120000.00, 120000.00) 646 391 636 0(53456.00, 53456.00)
route 122, node_num 7, cost 1648.808000, nodes: 0(120000.00, 120000.00) 924(78004.00, 78004.00) 546 49 226 95 0(2228.00, 2228.00)
route 123, node_num 7, cost 1354.304000, nodes: 0(120000.00, 120000.00) 213 17 676 639 416 0(23264.00, 23264.00)
route 124, node_num 8, cost 1702.722000, nodes: 0(120000.00, 120000.00) 126 395 710 560 679 967(19790.00, 21413.00) 0(0.00, 0.00)
route 125, node_num 7, cost 1817.466000, nodes: 0(120000.00, 120000.00) 238 292 92 523 822(29925.00, 39744.00) 0(0.00, 0.00)
route 126, node_num 7, cost 1624.084000, nodes: 0(120000.00, 120000.00) 585 507 747 151 861(8480.00, 8480.00) 0(3994.00, 3994.00)
route 127, node_num 7, cost 1141.070000, nodes: 0(120000.00, 120000.00) 123 351 505 611 630 0(38495.00, 38495.00)
route 128, node_num 4, cost 829.542000, nodes: 0(120000.00, 120000.00) 708 599 0(60747.00, 60747.00)
route 129, node_num 6, cost 1255.450000, nodes: 0(120000.00, 120000.00) 210 600 112 165 0(30325.00, 30325.00)
route 130, node_num 5, cost 1224.916000, nodes: 0(120000.00, 120000.00) 331 87 127 0(32506.00, 32506.00)
route 131, node_num 5, cost 268.562000, nodes: 0(120000.00, 120000.00) 57 201 462 0(100817.00, 100817.00)
route 132, node_num 5, cost 886.998000, nodes: 0(120000.00, 120000.00) 535 2 642 0(56643.00, 56643.00)
route 133, node_num 7, cost 1028.090000, nodes: 0(120000.00, 120000.00) 673 472 19 18 705 0(46565.00, 46565.00)
route 134, node_num 7, cost 1320.144000, nodes: 0(120000.00, 120000.00) 136 1 264 96 346 0(25704.00, 25704.00)
route 135, node_num 6, cost 1805.762000, nodes: 0(120000.00, 120000.00) 919(75699.00, 84682.00) 356 329 233 0(0.00, 0.00)
route 136, node_num 5, cost 1636.572000, nodes: 0(120000.00, 120000.00) 615 753 572 0(3102.00, 3102.00)
route 137, node_num 6, cost 270.886000, nodes: 0(120000.00, 120000.00) 566 338 216 111 0(100651.00, 100651.00)
route 138, node_num 7, cost 1667.540000, nodes: 0(120000.00, 120000.00) 942(82476.00, 120000.00) 149 202 260 761 0(38414.00, 38414.00)
route 139, node_num 7, cost 913.514000, nodes: 0(120000.00, 120000.00) 133 653 664 39 758 0(54749.00, 54749.00)
route 140, node_num 6, cost 642.348000, nodes: 0(120000.00, 120000.00) 728 451 654 306 0(74118.00, 74118.00)
route 141, node_num 4, cost 1019.690000, nodes: 0(120000.00, 120000.00) 139 4 0(47165.00, 47165.00)
route 142, node_num 4, cost 889.280000, nodes: 0(120000.00, 120000.00) 537 590 0(56480.00, 56480.00)
route 143, node_num 5, cost 1244.502000, nodes: 0(120000.00, 120000.00) 352 592 777 0(31107.00, 31107.00)
route 144, node_num 7, cost 1530.060000, nodes: 0(120000.00, 120000.00) 596 302 549 392 661 0(10710.00, 10710.00)
route 145, node_num 7, cost 878.136000, nodes: 0(120000.00, 120000.00) 551 655 108 77 702 0(57276.00, 57276.00)
route 146, node_num 6, cost 991.186000, nodes: 0(120000.00, 120000.00) 569 40 152 122 0(49201.00, 49201.00)
route 147, node_num 7, cost 292.992000, nodes: 0(120000.00, 120000.00) 731 24 603 327 286 0(99072.00, 99072.00)
route 148, node_num 6, cost 1553.566000, nodes: 0(120000.00, 120000.00) 564 623 717 456 0(9031.00, 9031.00)
route 149, node_num 6, cost 1317.022000, nodes: 0(120000.00, 120000.00) 454 484 436 631 0(25927.00, 25927.00)
route 150, node_num 7, cost 1397.326000, nodes: 0(120000.00, 120000.00) 102 738 74 10 624 0(20191.00, 20191.00)
route 151, node_num 6, cost 1527.736000, nodes: 0(120000.00, 120000.00) 232 420 677 157 0(10876.00, 10876.00)
route 152, node_num 6, cost 1525.580000, nodes: 0(120000.00, 120000.00) 250 427 244 928(44034.00, 44034.00) 0(11030.00, 11030.00)
route 153, node_num 7, cost 1458.128000, nodes: 0(120000.00, 120000.00) 235 678 406 457 275 0(15848.00, 15848.00)
route 154, node_num 6, cost 1624.084000, nodes: 0(120000.00, 120000.00) 788 15 197 667 0(3994.00, 3994.00)
route 155, node_num 7, cost 1678.488000, nodes: 0(120000.00, 120000.00) 924(78004.00, 90004.00) 691 696 575 530 0(12108.00, 12108.00)
route 156, node_num 6, cost 1475.642000, nodes: 0(120000.00, 120000.00) 100 402 742 365 0(14597.00, 14597.00)
route 157, node_num 5, cost 882.728000, nodes: 0(120000.00, 120000.00) 288 335 413 0(56948.00, 56948.00)
route 158, node_num 5, cost 457.926000, nodes: 0(120000.00, 120000.00) 247 469 42 0(87291.00, 87291.00)
route 159, node_num 4, cost 994.602000, nodes: 0(120000.00, 120000.00) 56 767 0(48957.00, 48957.00)
route 160, node_num 7, cost 1593.354000, nodes: 0(120000.00, 120000.00) 543 534 433 529 828(39193.00, 39193.00) 0(6189.00, 6189.00)
route 161, node_num 5, cost 1322.202000, nodes: 0(120000.00, 120000.00) 662 754 520 0(25557.00, 25557.00)
route 162, node_num 5, cost 1561.812000, nodes: 0(120000.00, 120000.00) 80 526 369 0(8442.00, 8442.00)
route 163, node_num 7, cost 1674.624000, nodes: 0(120000.00, 120000.00) 924(78004.00, 120000.00) 350 483 182 425 0(42380.00, 42380.00)
route 164, node_num 6, cost 1574.132000, nodes: 0(120000.00, 120000.00) 334 437 67 823(12076.00, 12076.00) 0(7562.00, 7562.00)
route 165, node_num 6, cost 1297.184000, nodes: 0(120000.00, 120000.00) 231 729 179 263 0(27344.00, 27344.00)
route 166, node_num 7, cost 1138.942000, nodes: 0(120000.00, 120000.00) 582 522 548 552 390 0(38647.00, 38647.00)
route 167, node_num 7, cost 1214.598000, nodes: 0(120000.00, 120000.00) 333 471 690 71 749 0(33243.00, 33243.00)
route 168, node_num 5, cost 1129.352000, nodes: 0(120000.00, 120000.00) 8 28 301 0(39332.00, 39332.00)
route 169, node_num 5, cost 1296.456000, nodes: 0(120000.00, 120000.00) 89 308 106 0(27396.00, 27396.00)
route 170, node_num 6, cost 822.766000, nodes: 0(120000.00, 120000.00) 255 598 509 65 0(61231.00, 61231.00)
route 171, node_num 5, cost 1369.340000, nodes: 0(120000.00, 120000.00) 258 383 665 0(22190.00, 22190.00)
route 172, node_num 6, cost 1563.338000, nodes: 0(120000.00, 120000.00) 737 318 527 491 0(8333.00, 8333.00)
route 173, node_num 5, cost 586.096000, nodes: 0(120000.00, 120000.00) 154 93 153 0(78136.00, 78136.00)
route 174, node_num 7, cost 1455.398000, nodes: 0(120000.00, 120000.00) 713 446 396 632 486 0(16043.00, 16043.00)
route 175, node_num 7, cost 488.684000, nodes: 0(120000.00, 120000.00) 784 357 212 458 381 0(85094.00, 85094.00)
route 176, node_num 8, cost 1733.116000, nodes: 0(120000.00, 120000.00) 268 545 727 852(62296.00, 66090.00) 684 281 0(0.00, 0.00)
route 177, node_num 6, cost 1162.546000, nodes: 0(120000.00, 120000.00) 422 790 58 724 0(36961.00, 36961.00)
route 178, node_num 7, cost 1762.068000, nodes: 0(120000.00, 120000.00) 298 22 610 148 803(3253.00, 9115.00) 0(0.00, 0.00)
route 179, node_num 4, cost 1064.602000, nodes: 0(120000.00, 120000.00) 773 712 0(43957.00, 43957.00)
route 180, node_num 7, cost 1317.652000, nodes: 0(120000.00, 120000.00) 393 377 542 155 752 0(25882.00, 25882.00)
route 181, node_num 6, cost 1364.314000, nodes: 0(120000.00, 120000.00) 587 768 688 718 0(22549.00, 22549.00)
route 182, node_num 7, cost 1516.802000, nodes: 0(120000.00, 120000.00) 821(81946.00, 101946.00) 485 700 412 219 0(31657.00, 31657.00)
route 183, node_num 6, cost 1540.630000, nodes: 0(120000.00, 120000.00) 921(81946.00, 120000.00) 245 444 180 0(48009.00, 48009.00)
route 184, node_num 6, cost 1076.348000, nodes: 0(120000.00, 120000.00) 565 195 602 342 0(43118.00, 43118.00)
route 185, node_num 5, cost 609.028000, nodes: 0(120000.00, 120000.00) 326 46 459 0(76498.00, 76498.00)
route 186, node_num 7, cost 1220.660000, nodes: 0(120000.00, 120000.00) 640 371 447 399 113 0(32810.00, 32810.00)
route 187, node_num 5, cost 1045.534000, nodes: 0(120000.00, 120000.00) 367 320 184 0(45319.00, 45319.00)
route 188, node_num 5, cost 1090.502000, nodes: 0(120000.00, 120000.00) 588 366 687 0(42107.00, 42107.00)
route 189, node_num 7, cost 1611.274000, nodes: 0(120000.00, 120000.00) 511 408 525 279 895(19139.00, 19139.00) 0(4909.00, 4909.00)
route 190, node_num 6, cost 1660.442000, nodes: 0(120000.00, 120000.00) 294 470 240 783 0(1397.00, 1397.00)
route 191, node_num 7, cost 1679.734000, nodes: 0(120000.00, 120000.00) 593 706 750 51 957(2376.00, 2376.00) 0(19.00, 19.00)
route 192, node_num 7, cost 1681.428000, nodes: 0(120000.00, 120000.00) 513 177 428 589 981(37147.00, 37249.00) 0(0.00, 0.00)
route 193, node_num 7, cost 1700.482000, nodes: 0(120000.00, 120000.00) 755 418 586 915(31113.00, 32576.00) 487 0(0.00, 0.00)
route 194, node_num 4, cost 98.364000, nodes: 0(120000.00, 120000.00) 347 455 0(112974.00, 112974.00)
route 195, node_num 6, cost 979.104000, nodes: 0(120000.00, 120000.00) 21 312 254 674 0(50064.00, 50064.00)
route 196, node_num 7, cost 1565.858000, nodes: 0(120000.00, 120000.00) 289 293 167 550 307 0(8153.00, 8153.00)
route 197, node_num 8, cost 1681.820000, nodes: 0(120000.00, 120000.00) 411 340 121 479 693 998(17713.00, 17843.00) 0(0.00, 0.00)
route 198, node_num 7, cost 1755.796000, nodes: 0(120000.00, 120000.00) 492 800 276 503 877(14609.00, 20023.00) 0(0.00, 0.00)
route 199, node_num 7, cost 1632.554000, nodes: 0(120000.00, 120000.00) 158 609 319 407 803(12504.00, 12504.00) 0(3389.00, 3389.00)
route 200, node_num 8, cost 1642.200000, nodes: 0(120000.00, 120000.00) 23 173 110 538 269 867(24113.00, 24113.00) 0(2700.00, 2700.00)
route 201, node_num 5, cost 619.500000, nodes: 0(120000.00, 120000.00) 403 675 561 0(75750.00, 75750.00)
route 202, node_num 7, cost 1064.560000, nodes: 0(120000.00, 120000.00) 739 657 359 300 733 0(43960.00, 43960.00)
route 203, node_num 6, cost 985.502000, nodes: 0(120000.00, 120000.00) 774 736 493 763 0(49607.00, 49607.00)
route 204, node_num 6, cost 1633.030000, nodes: 0(120000.00, 120000.00) 619 622 60 770 0(3355.00, 3355.00)
route 205, node_num 7, cost 1748.824000, nodes: 0(120000.00, 120000.00) 322 756 683 194 987(45787.00, 50703.00) 0(0.00, 0.00)
route 206, node_num 5, cost 235.158000, nodes: 0(120000.00, 120000.00) 261 290 450 0(103203.00, 103203.00)
route 207, node_num 7, cost 1428.728000, nodes: 0(120000.00, 120000.00) 341 323 283 363 714 0(17948.00, 17948.00)
route 208, node_num 6, cost 1258.194000, nodes: 0(120000.00, 120000.00) 553 421 617 404 0(30129.00, 30129.00)
route 209, node_num 7, cost 1138.284000, nodes: 0(120000.00, 120000.00) 415 27 44 641 205 0(38694.00, 38694.00)
route 210, node_num 6, cost 1409.744000, nodes: 0(120000.00, 120000.00) 321 168 781 650 0(19304.00, 19304.00)
route 211, node_num 8, cost 1584.478000, nodes: 0(120000.00, 120000.00) 266 745 144 723 463 839(56396.00, 56396.00) 0(6823.00, 6823.00)
vehicle (route) number: 212
Total cost: 330369.80
330369.80, 25215.34
351103.48, 25239.33
373119.16, 25229.31
385202.22, 25248.67
380113.23, 25295.45
383657.32, 25225.25
360593.43, 25343.41
378837.23, 25330.74
366095.81, 25432.37
