Details of the solution:
route 0, node_num 7, cost 1144.584000, nodes: 0(120000.00, 120000.00) 11 720 421 754 482 0(38244.00, 38244.00)
route 1, node_num 9, cost 989.394000, nodes: 0(120000.00, 120000.00) 12 225 731 581 203 217 843(65846.00, 65846.00) 0(49329.00, 49329.00)
route 2, node_num 6, cost 730.968000, nodes: 0(120000.00, 120000.00) 21 93 398 462 0(67788.00, 67788.00)
route 3, node_num 6, cost 1013.810000, nodes: 0(120000.00, 120000.00) 36 164 413 255 0(47585.00, 47585.00)
route 4, node_num 8, cost 1000.874000, nodes: 0(120000.00, 120000.00) 38 317 4 410 572 336 0(48509.00, 48509.00)
route 5, node_num 8, cost 1805.860000, nodes: 0(120000.00, 120000.00) 41 292 613 427 92 890(27111.00, 36101.00) 0(0.00, 0.00)
route 6, node_num 6, cost 846.076000, nodes: 0(120000.00, 120000.00) 44 755 234 3 0(59566.00, 59566.00)
route 7, node_num 8, cost 1876.994000, nodes: 0(120000.00, 120000.00) 79 378 26 769 33 918(37764.00, 51835.00) 0(0.00, 0.00)
route 8, node_num 7, cost 1323.560000, nodes: 0(120000.00, 120000.00) 81 764 362 620 686 0(25460.00, 25460.00)
route 9, node_num 8, cost 1848.574000, nodes: 0(120000.00, 120000.00) 83 770 562 209 356 805(41863.00, 53904.00) 0(0.00, 0.00)
route 10, node_num 8, cost 1690.360000, nodes: 0(120000.00, 120000.00) 90 708 440 735 477 913(8996.00, 9736.00) 0(0.00, 0.00)
route 11, node_num 6, cost 1052.324000, nodes: 0(120000.00, 120000.00) 102 659 388 320 0(44834.00, 44834.00)
route 12, node_num 9, cost 1084.244000, nodes: 0(120000.00, 120000.00) 103 396 68 152 786 523 960(65273.00, 65273.00) 0(42554.00, 42554.00)
route 13, node_num 8, cost 1042.566000, nodes: 0(120000.00, 120000.00) 108 335 406 911(70818.00, 70818.00) 691 473 0(45531.00, 45531.00)
route 14, node_num 7, cost 632.142000, nodes: 0(120000.00, 120000.00) 111 109 341 147 384 0(74847.00, 74847.00)
route 15, node_num 7, cost 622.790000, nodes: 0(120000.00, 120000.00) 133 326 46 324 757 0(75515.00, 75515.00)
route 16, node_num 6, cost 260.694000, nodes: 0(120000.00, 120000.00) 138 569 566 14 0(101379.00, 101379.00)
route 17, node_num 5, cost 621.264000, nodes: 0(120000.00, 120000.00) 142 296 636 0(75624.00, 75624.00)
route 18, node_num 6, cost 552.160000, nodes: 0(120000.00, 120000.00) 153 563 18 767 0(80560.00, 80560.00)
route 19, node_num 6, cost 1174.432000, nodes: 0(120000.00, 120000.00) 154 446 166 192 0(36112.00, 36112.00)
route 20, node_num 8, cost 1662.878000, nodes: 0(120000.00, 120000.00) 186 591 546 5 776 814(45973.00, 45973.00) 0(1223.00, 1223.00)
route 21, node_num 7, cost 666.176000, nodes: 0(120000.00, 120000.00) 189 98 595 666 374 0(72416.00, 72416.00)
route 22, node_num 7, cost 1286.502000, nodes: 0(120000.00, 120000.00) 191 179 231 263 748 0(28107.00, 28107.00)
route 23, node_num 5, cost 828.842000, nodes: 0(120000.00, 120000.00) 195 110 387 0(60797.00, 60797.00)
route 24, node_num 9, cost 831.194000, nodes: 0(120000.00, 120000.00) 206 174 538 72 711 156 827(75051.00, 75051.00) 0(60629.00, 60629.00)
route 25, node_num 5, cost 1050.938000, nodes: 0(120000.00, 120000.00) 211 58 135 0(44933.00, 44933.00)
route 26, node_num 8, cost 743.722000, nodes: 0(120000.00, 120000.00) 212 23 357 611 270 512 0(66877.00, 66877.00)
route 27, node_num 7, cost 1159.522000, nodes: 0(120000.00, 120000.00) 226 652 497 199 510 0(37177.00, 37177.00)
route 28, node_num 7, cost 908.656000, nodes: 0(120000.00, 120000.00) 228 696 504 625 361 0(55096.00, 55096.00)
route 29, node_num 7, cost 1389.416000, nodes: 0(120000.00, 120000.00) 230 66 141 768 507 0(20756.00, 20756.00)
route 30, node_num 8, cost 1755.082000, nodes: 0(120000.00, 120000.00) 233 149 369 466 214 802(38380.00, 43743.00) 0(0.00, 0.00)
route 31, node_num 5, cost 964.292000, nodes: 0(120000.00, 120000.00) 237 190 345 0(51122.00, 51122.00)
route 32, node_num 7, cost 520.940000, nodes: 0(120000.00, 120000.00) 247 568 82 441 7 0(82790.00, 82790.00)
route 33, node_num 7, cost 417.242000, nodes: 0(120000.00, 120000.00) 249 261 124 290 347 0(90197.00, 90197.00)
route 34, node_num 7, cost 956.018000, nodes: 0(120000.00, 120000.00) 254 19 240 789 312 0(51713.00, 51713.00)
route 35, node_num 5, cost 899.626000, nodes: 0(120000.00, 120000.00) 257 763 465 0(55741.00, 55741.00)
route 36, node_num 7, cost 1049.384000, nodes: 0(120000.00, 120000.00) 277 218 366 144 661 0(45044.00, 45044.00)
route 37, node_num 6, cost 506.646000, nodes: 0(120000.00, 120000.00) 280 747 459 488 0(83811.00, 83811.00)
route 38, node_num 6, cost 1364.818000, nodes: 0(120000.00, 120000.00) 289 167 293 358 0(22513.00, 22513.00)
route 39, node_num 9, cost 1406.440000, nodes: 0(120000.00, 120000.00) 294 224 698 647 478 712 848(50434.00, 50434.00) 0(19540.00, 19540.00)
route 40, node_num 8, cost 784.420000, nodes: 0(120000.00, 120000.00) 300 403 657 115 268 360 0(63970.00, 63970.00)
route 41, node_num 7, cost 719.754000, nodes: 0(120000.00, 120000.00) 301 766 25 175 123 0(68589.00, 68589.00)
route 42, node_num 8, cost 1524.670000, nodes: 0(120000.00, 120000.00) 302 85 435 370 349 819(35845.00, 35845.00) 0(11095.00, 11095.00)
route 43, node_num 9, cost 1409.394000, nodes: 0(120000.00, 120000.00) 303 1 485 54 104 48 875(58179.00, 58179.00) 0(19329.00, 19329.00)
route 44, node_num 7, cost 1028.664000, nodes: 0(120000.00, 120000.00) 305 204 495 411 869(60811.00, 60811.00) 0(46524.00, 46524.00)
route 45, node_num 8, cost 922.096000, nodes: 0(120000.00, 120000.00) 306 532 328 688 379 551 0(54136.00, 54136.00)
route 46, node_num 6, cost 867.356000, nodes: 0(120000.00, 120000.00) 307 605 681 597 0(58046.00, 58046.00)
route 47, node_num 6, cost 267.750000, nodes: 0(120000.00, 120000.00) 311 738 684 628 0(100875.00, 100875.00)
route 48, node_num 4, cost 42.812000, nodes: 0(120000.00, 120000.00) 327 286 0(116942.00, 116942.00)
route 49, node_num 7, cost 1214.178000, nodes: 0(120000.00, 120000.00) 332 105 62 397 750 0(33273.00, 33273.00)
route 50, node_num 7, cost 330.778000, nodes: 0(120000.00, 120000.00) 338 674 639 713 216 0(96373.00, 96373.00)
route 51, node_num 5, cost 432.208000, nodes: 0(120000.00, 120000.00) 343 451 467 0(89128.00, 89128.00)
route 52, node_num 8, cost 1158.514000, nodes: 0(120000.00, 120000.00) 344 685 535 503 299 679 0(37249.00, 37249.00)
route 53, node_num 8, cost 1497.020000, nodes: 0(120000.00, 120000.00) 348 132 476 97 633 943(29587.00, 29587.00) 0(13070.00, 13070.00)
route 54, node_num 7, cost 1067.080000, nodes: 0(120000.00, 120000.00) 353 367 740 668 171 0(43780.00, 43780.00)
route 55, node_num 7, cost 1335.250000, nodes: 0(120000.00, 120000.00) 359 409 242 114 576 0(24625.00, 24625.00)
route 56, node_num 7, cost 1006.978000, nodes: 0(120000.00, 120000.00) 375 586 728 39 271 0(48073.00, 48073.00)
route 57, node_num 8, cost 1566.782000, nodes: 0(120000.00, 120000.00) 389 680 690 15 774 900(46283.00, 46283.00) 0(8087.00, 8087.00)
route 58, node_num 6, cost 1009.470000, nodes: 0(120000.00, 120000.00) 390 22 646 146 0(47895.00, 47895.00)
route 59, node_num 6, cost 1326.710000, nodes: 0(120000.00, 120000.00) 419 481 222 253 0(25235.00, 25235.00)
route 60, node_num 8, cost 1437.996000, nodes: 0(120000.00, 120000.00) 420 622 773 382 77 864(37469.00, 37469.00) 0(17286.00, 17286.00)
route 61, node_num 6, cost 1201.074000, nodes: 0(120000.00, 120000.00) 422 60 383 573 0(34209.00, 34209.00)
route 62, node_num 10, cost 807.730000, nodes: 0(120000.00, 120000.00) 423 650 472 699 701 457 649 813(72041.00, 72041.00) 0(62305.00, 62305.00)
route 63, node_num 7, cost 1817.578000, nodes: 0(120000.00, 120000.00) 429 765 881(53177.00, 63004.00) 723 528 0(0.00, 0.00)
route 64, node_num 7, cost 1270.486000, nodes: 0(120000.00, 120000.00) 430 273 69 522 346 0(29251.00, 29251.00)
route 65, node_num 8, cost 1773.198000, nodes: 0(120000.00, 120000.00) 431 590 460 215 45 963(47812.00, 54469.00) 0(0.00, 0.00)
route 66, node_num 7, cost 1029.476000, nodes: 0(120000.00, 120000.00) 450 321 256 669 63 0(46466.00, 46466.00)
route 67, node_num 6, cost 671.160000, nodes: 0(120000.00, 120000.00) 453 136 266 65 0(72060.00, 72060.00)
route 68, node_num 9, cost 1068.284000, nodes: 0(120000.00, 120000.00) 464 8 262 298 207 159 919(68444.00, 68444.00) 0(43694.00, 43694.00)
route 69, node_num 7, cost 1410.640000, nodes: 0(120000.00, 120000.00) 468 490 550 673 729 0(19240.00, 19240.00)
route 70, node_num 7, cost 692.524000, nodes: 0(120000.00, 120000.00) 469 719 697 88 667 0(70534.00, 70534.00)
route 71, node_num 6, cost 1303.064000, nodes: 0(120000.00, 120000.00) 470 606 412 241 0(26924.00, 26924.00)
route 72, node_num 7, cost 874.818000, nodes: 0(120000.00, 120000.00) 471 56 677 616 596 0(57513.00, 57513.00)
route 73, node_num 9, cost 954.800000, nodes: 0(120000.00, 120000.00) 475 629 246 188 364 645 808(74801.00, 74801.00) 0(51800.00, 51800.00)
route 74, node_num 5, cost 794.990000, nodes: 0(120000.00, 120000.00) 484 351 443 0(63215.00, 63215.00)
route 75, node_num 9, cost 975.422000, nodes: 0(120000.00, 120000.00) 493 695 602 544 354 297 897(61213.00, 61213.00) 0(50327.00, 50327.00)
route 76, node_num 8, cost 1456.532000, nodes: 0(120000.00, 120000.00) 494 325 792 612 59 815(58050.00, 58050.00) 0(15962.00, 15962.00)
route 77, node_num 8, cost 1721.440000, nodes: 0(120000.00, 120000.00) 498 553 794 784 118 934(48044.00, 51004.00) 0(0.00, 0.00)
route 78, node_num 7, cost 1539.650000, nodes: 0(120000.00, 120000.00) 499 185 202 635 52 0(10025.00, 10025.00)
route 79, node_num 7, cost 912.338000, nodes: 0(120000.00, 120000.00) 501 313 417 715 117 0(54833.00, 54833.00)
route 80, node_num 8, cost 1746.990000, nodes: 0(120000.00, 120000.00) 502 176 355 619 682 903(38233.00, 43018.00) 0(0.00, 0.00)
route 81, node_num 7, cost 1415.932000, nodes: 0(120000.00, 120000.00) 505 643 511 47 116 0(18862.00, 18862.00)
route 82, node_num 6, cost 1349.320000, nodes: 0(120000.00, 120000.00) 506 599 520 592 0(23620.00, 23620.00)
route 83, node_num 8, cost 1031.828000, nodes: 0(120000.00, 120000.00) 508 585 707 27 609 278 0(46298.00, 46298.00)
route 84, node_num 7, cost 914.704000, nodes: 0(120000.00, 120000.00) 540 634 196 434 42 0(54664.00, 54664.00)
route 85, node_num 7, cost 1482.264000, nodes: 0(120000.00, 120000.00) 545 442 107 372 771 0(14124.00, 14124.00)
route 86, node_num 9, cost 1107.106000, nodes: 0(120000.00, 120000.00) 547 533 580 287 489 40 783 0(40921.00, 40921.00)
route 87, node_num 9, cost 1247.708000, nodes: 0(120000.00, 120000.00) 548 127 87 279 373 432 809(65755.00, 65755.00) 0(30878.00, 30878.00)
route 88, node_num 8, cost 1525.860000, nodes: 0(120000.00, 120000.00) 549 148 632 782 55 964(31193.00, 31193.00) 0(11010.00, 11010.00)
route 89, node_num 6, cost 1543.738000, nodes: 0(120000.00, 120000.00) 556 99 426 555 0(9733.00, 9733.00)
route 90, node_num 7, cost 1095.038000, nodes: 0(120000.00, 120000.00) 560 31 304 399 380 0(41783.00, 41783.00)
route 91, node_num 7, cost 1085.840000, nodes: 0(120000.00, 120000.00) 561 564 557 352 486 0(42440.00, 42440.00)
route 92, node_num 7, cost 1351.280000, nodes: 0(120000.00, 120000.00) 565 260 84 594 534 0(23480.00, 23480.00)
route 93, node_num 7, cost 722.764000, nodes: 0(120000.00, 120000.00) 570 777 178 515 741 0(68374.00, 68374.00)
route 94, node_num 6, cost 769.482000, nodes: 0(120000.00, 120000.00) 587 518 721 529 0(65037.00, 65037.00)
route 95, node_num 6, cost 1122.212000, nodes: 0(120000.00, 120000.00) 601 113 447 10 0(39842.00, 39842.00)
route 96, node_num 7, cost 1013.964000, nodes: 0(120000.00, 120000.00) 603 139 2 210 333 0(47574.00, 47574.00)
route 97, node_num 8, cost 1500.268000, nodes: 0(120000.00, 120000.00) 604 163 73 377 710 891(19879.00, 19879.00) 0(12838.00, 12838.00)
route 98, node_num 8, cost 1480.486000, nodes: 0(120000.00, 120000.00) 617 752 285 743 252 1000(52447.00, 52447.00) 0(14251.00, 14251.00)
route 99, node_num 8, cost 1511.510000, nodes: 0(120000.00, 120000.00) 618 480 714 288 693 860(34754.00, 34754.00) 0(12035.00, 12035.00)
route 100, node_num 7, cost 863.590000, nodes: 0(120000.00, 120000.00) 621 213 416 730 500 0(58315.00, 58315.00)
route 101, node_num 7, cost 1442.756000, nodes: 0(120000.00, 120000.00) 623 760 780 483 803(59964.00, 59964.00) 0(16946.00, 16946.00)
route 102, node_num 7, cost 1082.816000, nodes: 0(120000.00, 120000.00) 630 578 272 74 161 0(42656.00, 42656.00)
route 103, node_num 5, cost 1116.668000, nodes: 0(120000.00, 120000.00) 637 626 739 0(40238.00, 40238.00)
route 104, node_num 5, cost 280.420000, nodes: 0(120000.00, 120000.00) 651 57 201 0(99970.00, 99970.00)
route 105, node_num 7, cost 1442.854000, nodes: 0(120000.00, 120000.00) 655 100 365 589 250 0(16939.00, 16939.00)
route 106, node_num 7, cost 1071.098000, nodes: 0(120000.00, 120000.00) 658 340 121 173 37 0(43493.00, 43493.00)
route 107, node_num 8, cost 1438.346000, nodes: 0(120000.00, 120000.00) 660 687 120 151 308 265 0(17261.00, 17261.00)
route 108, node_num 6, cost 731.206000, nodes: 0(120000.00, 120000.00) 662 17 169 491 0(67771.00, 67771.00)
route 109, node_num 7, cost 908.320000, nodes: 0(120000.00, 120000.00) 663 593 227 187 405 0(55120.00, 55120.00)
route 110, node_num 8, cost 1132.474000, nodes: 0(120000.00, 120000.00) 664 676 34 165 779 787 0(39109.00, 39109.00)
route 111, node_num 7, cost 571.046000, nodes: 0(120000.00, 120000.00) 675 670 381 458 737 0(79211.00, 79211.00)
route 112, node_num 8, cost 1325.842000, nodes: 0(120000.00, 120000.00) 683 319 407 454 376 122 0(25297.00, 25297.00)
route 113, node_num 7, cost 1004.080000, nodes: 0(120000.00, 120000.00) 700 371 50 267 531 0(48280.00, 48280.00)
route 114, node_num 8, cost 1366.204000, nodes: 0(120000.00, 120000.00) 702 745 400 259 323 855(39169.00, 39169.00) 0(22414.00, 22414.00)
route 115, node_num 8, cost 1514.156000, nodes: 0(120000.00, 120000.00) 705 91 264 76 717 878(56112.00, 56112.00) 0(11846.00, 11846.00)
route 116, node_num 8, cost 1094.604000, nodes: 0(120000.00, 120000.00) 706 394 385 35 71 391 0(41814.00, 41814.00)
route 117, node_num 7, cost 1513.148000, nodes: 0(120000.00, 120000.00) 716 51 758 220 948(42812.00, 42812.00) 0(11918.00, 11918.00)
route 118, node_num 6, cost 719.138000, nodes: 0(120000.00, 120000.00) 733 541 131 205 0(68633.00, 68633.00)
route 119, node_num 8, cost 1017.394000, nodes: 0(120000.00, 120000.00) 734 631 6 732 414 879(59156.00, 59156.00) 0(47329.00, 47329.00)
route 120, node_num 7, cost 1187.998000, nodes: 0(120000.00, 120000.00) 749 112 401 258 530 0(35143.00, 35143.00)
route 121, node_num 5, cost 1353.520000, nodes: 0(120000.00, 120000.00) 756 101 150 0(23320.00, 23320.00)
route 122, node_num 5, cost 760.970000, nodes: 0(120000.00, 120000.00) 759 558 9 0(65645.00, 65645.00)
route 123, node_num 6, cost 560.574000, nodes: 0(120000.00, 120000.00) 761 726 521 800 0(79959.00, 79959.00)
route 124, node_num 7, cost 509.250000, nodes: 0(120000.00, 120000.00) 762 314 295 310 509 0(83625.00, 83625.00)
route 125, node_num 6, cost 1392.664000, nodes: 0(120000.00, 120000.00) 772 157 274 665 0(20524.00, 20524.00)
route 126, node_num 7, cost 1320.060000, nodes: 0(120000.00, 120000.00) 795 24 193 744 448 0(25710.00, 25710.00)
route 127, node_num 8, cost 795.494000, nodes: 0(120000.00, 120000.00) 797 64 53 119 130 955(79934.00, 79934.00) 0(63179.00, 63179.00)
route 128, node_num 6, cost 411.768000, nodes: 0(120000.00, 120000.00) 798 315 689 455 0(90588.00, 90588.00)
route 129, node_num 9, cost 1785.784000, nodes: 0(120000.00, 120000.00) 801(89828.00, 89828.00) 640 330 950(59883.00, 59883.00) 571 653 892(38743.00, 46299.00) 0(0.00, 0.00)
route 130, node_num 10, cost 1508.066000, nodes: 0(120000.00, 120000.00) 804(114583.00, 114583.00) 487 251 516 496 28 283 896(42357.00, 42357.00) 0(12281.00, 12281.00)
route 131, node_num 9, cost 1613.500000, nodes: 0(120000.00, 120000.00) 812(114641.00, 120000.00) 415 790 236 134 13 978(54375.00, 54375.00) 0(10109.00, 10109.00)
route 132, node_num 10, cost 1280.832000, nodes: 0(120000.00, 120000.00) 825(97482.00, 97482.00) 542 334 232 600 791 428 952(66932.00, 66932.00) 0(28512.00, 28512.00)
route 133, node_num 7, cost 1710.912000, nodes: 0(120000.00, 120000.00) 826(87936.00, 90144.00) 181 452 736 200 0(0.00, 0.00)
route 134, node_num 6, cost 1128.064000, nodes: 0(120000.00, 120000.00) 828(112837.00, 112837.00) 554 339 539 0(39424.00, 39424.00)
route 135, node_num 7, cost 1288.140000, nodes: 0(120000.00, 120000.00) 829(89163.00, 89163.00) 16 598 96 514 0(27990.00, 27990.00)
route 136, node_num 8, cost 1640.548000, nodes: 0(120000.00, 120000.00) 830(107271.00, 107271.00) 614 439 229 276 517 0(2818.00, 2818.00)
route 137, node_num 8, cost 1667.834000, nodes: 0(120000.00, 120000.00) 831(83199.00, 120000.00) 368 223 692 753 863(92139.00, 92139.00) 0(37670.00, 37670.00)
route 138, node_num 10, cost 1736.420000, nodes: 0(120000.00, 120000.00) 832(86549.00, 86549.00) 513 781 582 43 837(47911.00, 47911.00) 248 985(32797.00, 36827.00) 0(0.00, 0.00)
route 139, node_num 9, cost 1068.914000, nodes: 0(120000.00, 120000.00) 833(110242.00, 110242.00) 168 796 824(83734.00, 83734.00) 656 70 221 0(43649.00, 43649.00)
route 140, node_num 8, cost 1759.352000, nodes: 0(120000.00, 120000.00) 834(71318.00, 120000.00) 162 329 474 80 862(87599.00, 87599.00) 0(43014.00, 43014.00)
route 141, node_num 9, cost 1561.798000, nodes: 0(120000.00, 120000.00) 835(84119.00, 84119.00) 709 742 194 799 67 992(54742.00, 54742.00) 0(8443.00, 8443.00)
route 142, node_num 8, cost 1417.472000, nodes: 0(120000.00, 120000.00) 836(104529.00, 120000.00) 627 492 219 479 979(46050.00, 46050.00) 0(34223.00, 34223.00)
route 143, node_num 7, cost 1723.442000, nodes: 0(120000.00, 120000.00) 845(94527.00, 97630.00) 610 32 29 525 0(0.00, 0.00)
route 144, node_num 8, cost 1569.008000, nodes: 0(120000.00, 120000.00) 873(97835.00, 120000.00) 433 608 177 244 584 0(30093.00, 30093.00)
route 145, node_num 7, cost 1506.540000, nodes: 0(120000.00, 120000.00) 874(83303.00, 120000.00) 775 238 402 524 0(49087.00, 49087.00)
route 146, node_num 9, cost 1296.218000, nodes: 0(120000.00, 120000.00) 880(86483.00, 86483.00) 30 172 638 269 778 998(60870.00, 60870.00) 0(27413.00, 27413.00)
route 147, node_num 8, cost 1615.698000, nodes: 0(120000.00, 120000.00) 901(89828.00, 89828.00) 536 318 703 316 588 0(4593.00, 4593.00)
route 148, node_num 8, cost 1479.786000, nodes: 0(120000.00, 120000.00) 904(114583.00, 120000.00) 583 392 49 746 86 0(19718.00, 19718.00)
route 149, node_num 9, cost 1562.834000, nodes: 0(120000.00, 120000.00) 912(114641.00, 114641.00) 577 309 424 78 461 872(17077.00, 17077.00) 0(8369.00, 8369.00)
route 150, node_num 8, cost 1883.308000, nodes: 0(120000.00, 120000.00) 923(78884.00, 78884.00) 444 125 788 519 909(20355.00, 34877.00) 0(0.00, 0.00)
route 151, node_num 9, cost 1818.628000, nodes: 0(120000.00, 120000.00) 925(97482.00, 120000.00) 393 128 291 672 281 946(65547.00, 65547.00) 0(12616.00, 12616.00)
route 152, node_num 7, cost 1601.936000, nodes: 0(120000.00, 120000.00) 926(87936.00, 120000.00) 537 160 395 197 0(37640.00, 37640.00)
route 153, node_num 8, cost 1453.466000, nodes: 0(120000.00, 120000.00) 928(112837.00, 112837.00) 137 559 243 793 363 0(16181.00, 16181.00)
route 154, node_num 9, cost 1587.124000, nodes: 0(120000.00, 120000.00) 929(89163.00, 113163.00) 449 143 671 198 182 902(74377.00, 74377.00) 0(30634.00, 30634.00)
route 155, node_num 10, cost 1613.906000, nodes: 0(120000.00, 120000.00) 930(107271.00, 107271.00) 718 727 884(55371.00, 63371.00) 170 75 94 885(49548.00, 49548.00) 0(12721.00, 12721.00)
route 156, node_num 8, cost 1669.934000, nodes: 0(120000.00, 120000.00) 931(83199.00, 120000.00) 145 418 543 526 642 0(37520.00, 37520.00)
route 157, node_num 7, cost 1270.556000, nodes: 0(120000.00, 120000.00) 932(86549.00, 120000.00) 436 437 245 968(103769.00, 103769.00) 0(62697.00, 62697.00)
route 158, node_num 8, cost 590.394000, nodes: 0(120000.00, 120000.00) 933(110242.00, 120000.00) 654 342 140 648 641 0(87587.00, 87587.00)
route 159, node_num 9, cost 1522.136000, nodes: 0(120000.00, 120000.00) 935(84119.00, 84119.00) 180 284 183 235 158 852(49696.00, 49696.00) 0(11276.00, 11276.00)
route 160, node_num 8, cost 916.328000, nodes: 0(120000.00, 120000.00) 936(104529.00, 104529.00) 404 282 275 624 694 0(54548.00, 54548.00)
route 161, node_num 8, cost 1539.230000, nodes: 0(120000.00, 120000.00) 954(97972.00, 97972.00) 89 425 725 408 966(55010.00, 55010.00) 0(10055.00, 10055.00)
route 162, node_num 9, cost 1594.222000, nodes: 0(120000.00, 120000.00) 972(109258.00, 109258.00) 678 155 704 463 322 991(13168.00, 13168.00) 0(6127.00, 6127.00)
route 163, node_num 8, cost 1672.594000, nodes: 0(120000.00, 120000.00) 973(97835.00, 120000.00) 126 567 607 331 239 0(22694.00, 22694.00)
route 164, node_num 7, cost 1197.308000, nodes: 0(120000.00, 120000.00) 974(83303.00, 120000.00) 527 386 644 184 0(71175.00, 71175.00)
route 165, node_num 9, cost 1549.170000, nodes: 0(120000.00, 120000.00) 975(81210.00, 81210.00) 574 208 552 350 106 914(54095.00, 54095.00) 0(9345.00, 9345.00)
route 166, node_num 7, cost 1227.982000, nodes: 0(120000.00, 120000.00) 983(90546.00, 90546.00) 456 129 337 575 0(32287.00, 32287.00)
route 167, node_num 8, cost 534.170000, nodes: 0(120000.00, 120000.00) 986(112711.00, 120000.00) 579 61 724 751 445 0(89134.00, 89134.00)
route 168, node_num 10, cost 1249.794000, nodes: 0(120000.00, 120000.00) 997(109074.00, 113074.00) 785 615 20 95 438 722 969(49016.00, 49016.00) 0(34729.00, 34729.00)
vehicle (route) number: 169
Total cost: 248967.19
274439.07, 25205.84
256744.93, 25276.03
252381.80, 25212.51
255580.81, 25239.16
248967.19, 25290.08
269995.44, 25203.14
256096.61, 25219.97
256959.80, 25226.22
277413.18, 25204.86
253057.17, 25203.25
