Details of the solution:
route 0, node_num 6, cost 1479.954000, nodes: 0(120000.00, 120000.00) 104 582 705 50 0(14289.00, 14289.00)
route 1, node_num 5, cost 769.188000, nodes: 0(120000.00, 120000.00) 75 563 293 0(65058.00, 65058.00)
route 2, node_num 6, cost 1440.404000, nodes: 0(120000.00, 120000.00) 717 31 327 607 0(17114.00, 17114.00)
route 3, node_num 6, cost 864.444000, nodes: 0(120000.00, 120000.00) 706 399 662 39 0(58254.00, 58254.00)
route 4, node_num 6, cost 682.878000, nodes: 0(120000.00, 120000.00) 132 486 557 220 0(71223.00, 71223.00)
route 5, node_num 5, cost 1074.962000, nodes: 0(120000.00, 120000.00) 487 345 330 0(43217.00, 43217.00)
route 6, node_num 5, cost 1457.680000, nodes: 0(120000.00, 120000.00) 772 477 681 0(15880.00, 15880.00)
route 7, node_num 6, cost 1345.932000, nodes: 0(120000.00, 120000.00) 658 602 38 791 0(23862.00, 23862.00)
route 8, node_num 6, cost 1054.452000, nodes: 0(120000.00, 120000.00) 594 84 407 122 0(44682.00, 44682.00)
route 9, node_num 6, cost 1641.038000, nodes: 0(120000.00, 120000.00) 3 200 113 741 0(2783.00, 2783.00)
route 10, node_num 6, cost 1066.954000, nodes: 0(120000.00, 120000.00) 794 81 649 290 0(43789.00, 43789.00)
route 11, node_num 6, cost 1339.856000, nodes: 0(120000.00, 120000.00) 522 127 471 241 0(24296.00, 24296.00)
route 12, node_num 4, cost 624.554000, nodes: 0(120000.00, 120000.00) 289 449 0(75389.00, 75389.00)
route 13, node_num 7, cost 905.324000, nodes: 0(120000.00, 120000.00) 542 735 459 36 181 0(55334.00, 55334.00)
route 14, node_num 4, cost 1208.830000, nodes: 0(120000.00, 120000.00) 380 102 0(33655.00, 33655.00)
route 15, node_num 6, cost 833.574000, nodes: 0(120000.00, 120000.00) 719 426 62 469 0(60459.00, 60459.00)
route 16, node_num 6, cost 1265.992000, nodes: 0(120000.00, 120000.00) 492 110 332 756 0(29572.00, 29572.00)
route 17, node_num 6, cost 494.522000, nodes: 0(120000.00, 120000.00) 641 554 204 40 0(84677.00, 84677.00)
route 18, node_num 6, cost 1616.426000, nodes: 0(120000.00, 120000.00) 29 392 162 744 0(4541.00, 4541.00)
route 19, node_num 6, cost 981.848000, nodes: 0(120000.00, 120000.00) 528 394 433 689 0(49868.00, 49868.00)
route 20, node_num 6, cost 869.386000, nodes: 0(120000.00, 120000.00) 460 701 665 188 0(57901.00, 57901.00)
route 21, node_num 5, cost 863.926000, nodes: 0(120000.00, 120000.00) 187 191 282 0(58291.00, 58291.00)
route 22, node_num 6, cost 1383.466000, nodes: 0(120000.00, 120000.00) 149 266 277 600 0(21181.00, 21181.00)
route 23, node_num 6, cost 813.288000, nodes: 0(120000.00, 120000.00) 173 184 737 724 0(61908.00, 61908.00)
route 24, node_num 7, cost 332.626000, nodes: 0(120000.00, 120000.00) 222 525 242 111 226 0(96241.00, 96241.00)
route 25, node_num 7, cost 1859.592000, nodes: 0(120000.00, 120000.00) 939(67416.00, 80244.00) 754 623 647 517 0(0.00, 0.00)
route 26, node_num 7, cost 976.024000, nodes: 0(120000.00, 120000.00) 669 531 175 234 755 0(50284.00, 50284.00)
route 27, node_num 6, cost 890.834000, nodes: 0(120000.00, 120000.00) 686 335 524 800 0(56369.00, 56369.00)
route 28, node_num 8, cost 1694.770000, nodes: 0(120000.00, 120000.00) 432 61 811(59518.00, 60573.00) 463 24 654 0(0.00, 0.00)
route 29, node_num 5, cost 841.778000, nodes: 0(120000.00, 120000.00) 146 41 490 0(59873.00, 59873.00)
route 30, node_num 6, cost 985.166000, nodes: 0(120000.00, 120000.00) 430 324 603 767 0(49631.00, 49631.00)
route 31, node_num 6, cost 584.038000, nodes: 0(120000.00, 120000.00) 514 190 349 575 0(78283.00, 78283.00)
route 32, node_num 4, cost 1294.020000, nodes: 0(120000.00, 120000.00) 185 45 0(27570.00, 27570.00)
route 33, node_num 7, cost 1688.386000, nodes: 0(120000.00, 120000.00) 153 58 672 860(51303.00, 51902.00) 495 0(0.00, 0.00)
route 34, node_num 5, cost 946.386000, nodes: 0(120000.00, 120000.00) 504 163 20 0(52401.00, 52401.00)
route 35, node_num 7, cost 909.776000, nodes: 0(120000.00, 120000.00) 315 599 286 488 544 0(55016.00, 55016.00)
route 36, node_num 7, cost 770.770000, nodes: 0(120000.00, 120000.00) 279 558 32 664 616 0(64945.00, 64945.00)
route 37, node_num 6, cost 1461.418000, nodes: 0(120000.00, 120000.00) 368 643 82 560 0(15613.00, 15613.00)
route 38, node_num 7, cost 1362.438000, nodes: 0(120000.00, 120000.00) 166 245 218 444 193 0(22683.00, 22683.00)
route 39, node_num 7, cost 1623.202000, nodes: 0(120000.00, 120000.00) 853(82481.00, 82481.00) 88 129 768 205 0(4057.00, 4057.00)
route 40, node_num 7, cost 1074.178000, nodes: 0(120000.00, 120000.00) 225 538 747 297 137 0(43273.00, 43273.00)
route 41, node_num 7, cost 1618.722000, nodes: 0(120000.00, 120000.00) 363 247 671 18 252 0(4377.00, 4377.00)
route 42, node_num 7, cost 810.558000, nodes: 0(120000.00, 120000.00) 214 160 284 707 238 0(62103.00, 62103.00)
route 43, node_num 8, cost 1677.102000, nodes: 0(120000.00, 120000.00) 551 795 183 436 509 840(22822.00, 22822.00) 0(207.00, 207.00)
route 44, node_num 7, cost 1803.774000, nodes: 0(120000.00, 120000.00) 868(95394.00, 115394.00) 142 213 617 172 0(11159.00, 11159.00)
route 45, node_num 5, cost 977.634000, nodes: 0(120000.00, 120000.00) 526 796 708 0(50169.00, 50169.00)
route 46, node_num 5, cost 795.452000, nodes: 0(120000.00, 120000.00) 480 609 169 0(63182.00, 63182.00)
route 47, node_num 7, cost 1634.570000, nodes: 0(120000.00, 120000.00) 632 787 99 646 831(33627.00, 33627.00) 0(3245.00, 3245.00)
route 48, node_num 7, cost 1240.050000, nodes: 0(120000.00, 120000.00) 231 728 437 348 228 0(31425.00, 31425.00)
route 49, node_num 7, cost 1564.752000, nodes: 0(120000.00, 120000.00) 304 770 128 73 207 0(8232.00, 8232.00)
route 50, node_num 7, cost 1686.986000, nodes: 0(120000.00, 120000.00) 493 696 773 100 925(23628.00, 24127.00) 0(0.00, 0.00)
route 51, node_num 6, cost 965.524000, nodes: 0(120000.00, 120000.00) 434 406 797 678 0(51034.00, 51034.00)
route 52, node_num 4, cost 223.482000, nodes: 0(120000.00, 120000.00) 555 325 0(104037.00, 104037.00)
route 53, node_num 7, cost 366.814000, nodes: 0(120000.00, 120000.00) 481 235 650 333 124 0(93799.00, 93799.00)
route 54, node_num 6, cost 826.518000, nodes: 0(120000.00, 120000.00) 412 702 180 762 0(60963.00, 60963.00)
route 55, node_num 6, cost 920.332000, nodes: 0(120000.00, 120000.00) 373 101 342 760 0(54262.00, 54262.00)
route 56, node_num 7, cost 992.432000, nodes: 0(120000.00, 120000.00) 167 792 425 520 661 0(49112.00, 49112.00)
route 57, node_num 8, cost 1412.208000, nodes: 0(120000.00, 120000.00) 150 9 165 527 534 635 0(19128.00, 19128.00)
route 58, node_num 7, cost 912.268000, nodes: 0(120000.00, 120000.00) 44 312 447 470 692 0(54838.00, 54838.00)
route 59, node_num 8, cost 1708.938000, nodes: 0(120000.00, 120000.00) 360 700 729 718 982(51937.00, 54004.00) 413 0(0.00, 0.00)
route 60, node_num 7, cost 875.728000, nodes: 0(120000.00, 120000.00) 512 35 276 788 118 0(57448.00, 57448.00)
route 61, node_num 8, cost 874.958000, nodes: 0(120000.00, 120000.00) 391 34 121 246 47 239 0(57503.00, 57503.00)
route 62, node_num 6, cost 1262.702000, nodes: 0(120000.00, 120000.00) 51 63 334 577 0(29807.00, 29807.00)
route 63, node_num 7, cost 1666.224000, nodes: 0(120000.00, 120000.00) 366 441 440 85 571 0(984.00, 984.00)
route 64, node_num 5, cost 601.706000, nodes: 0(120000.00, 120000.00) 690 52 195 0(77021.00, 77021.00)
route 65, node_num 5, cost 1619.268000, nodes: 0(120000.00, 120000.00) 613 605 194 0(4338.00, 4338.00)
route 66, node_num 7, cost 744.716000, nodes: 0(120000.00, 120000.00) 229 94 427 683 4 0(66806.00, 66806.00)
route 67, node_num 7, cost 1570.828000, nodes: 0(120000.00, 120000.00) 533 271 301 624 494 0(7798.00, 7798.00)
route 68, node_num 5, cost 688.688000, nodes: 0(120000.00, 120000.00) 556 74 338 0(70808.00, 70808.00)
route 69, node_num 7, cost 1555.316000, nodes: 0(120000.00, 120000.00) 675 786 583 455 452 0(8906.00, 8906.00)
route 70, node_num 7, cost 1478.106000, nodes: 0(120000.00, 120000.00) 674 521 543 367 354 0(14421.00, 14421.00)
route 71, node_num 7, cost 1070.860000, nodes: 0(120000.00, 120000.00) 711 402 318 133 164 0(43510.00, 43510.00)
route 72, node_num 7, cost 565.544000, nodes: 0(120000.00, 120000.00) 263 566 568 134 464 0(79604.00, 79604.00)
route 73, node_num 7, cost 744.044000, nodes: 0(120000.00, 120000.00) 280 508 771 550 782 0(66854.00, 66854.00)
route 74, node_num 7, cost 1446.928000, nodes: 0(120000.00, 120000.00) 465 688 97 126 219 0(16648.00, 16648.00)
route 75, node_num 8, cost 905.856000, nodes: 0(120000.00, 120000.00) 630 272 96 422 26 552 0(55296.00, 55296.00)
route 76, node_num 6, cost 1657.530000, nodes: 0(120000.00, 120000.00) 303 260 598 861(33598.00, 33598.00) 0(1605.00, 1605.00)
route 77, node_num 7, cost 1395.226000, nodes: 0(120000.00, 120000.00) 591 243 562 580 215 0(20341.00, 20341.00)
route 78, node_num 5, cost 1187.326000, nodes: 0(120000.00, 120000.00) 305 638 103 0(35191.00, 35191.00)
route 79, node_num 8, cost 1625.022000, nodes: 0(120000.00, 120000.00) 296 364 377 498 237 78 0(3927.00, 3927.00)
route 80, node_num 5, cost 1076.628000, nodes: 0(120000.00, 120000.00) 746 629 262 0(43098.00, 43098.00)
route 81, node_num 8, cost 1943.452000, nodes: 0(120000.00, 120000.00) 473 316 359 64 203 950(9109.00, 27927.00) 0(0.00, 0.00)
route 82, node_num 5, cost 1202.306000, nodes: 0(120000.00, 120000.00) 322 174 722 0(34121.00, 34121.00)
route 83, node_num 7, cost 1162.826000, nodes: 0(120000.00, 120000.00) 201 501 42 274 288 0(36941.00, 36941.00)
route 84, node_num 7, cost 1535.044000, nodes: 0(120000.00, 120000.00) 346 379 611 775 572 0(10354.00, 10354.00)
route 85, node_num 6, cost 747.544000, nodes: 0(120000.00, 120000.00) 390 90 217 168 0(66604.00, 66604.00)
route 86, node_num 5, cost 762.146000, nodes: 0(120000.00, 120000.00) 310 749 341 0(65561.00, 65561.00)
route 87, node_num 7, cost 1222.620000, nodes: 0(120000.00, 120000.00) 189 59 27 523 569 0(32670.00, 32670.00)
route 88, node_num 8, cost 1672.510000, nodes: 0(120000.00, 120000.00) 278 637 581 151 48 868(29772.00, 29772.00) 0(535.00, 535.00)
route 89, node_num 5, cost 1073.072000, nodes: 0(120000.00, 120000.00) 306 328 197 0(43352.00, 43352.00)
route 90, node_num 6, cost 789.432000, nodes: 0(120000.00, 120000.00) 757 659 256 584 0(63612.00, 63612.00)
route 91, node_num 5, cost 989.226000, nodes: 0(120000.00, 120000.00) 389 545 25 0(49341.00, 49341.00)
route 92, node_num 7, cost 766.066000, nodes: 0(120000.00, 120000.00) 357 799 418 329 720 0(65281.00, 65281.00)
route 93, node_num 4, cost 1385.496000, nodes: 0(120000.00, 120000.00) 684 117 0(21036.00, 21036.00)
route 94, node_num 6, cost 969.556000, nodes: 0(120000.00, 120000.00) 356 482 395 500 0(50746.00, 50746.00)
route 95, node_num 6, cost 1579.536000, nodes: 0(120000.00, 120000.00) 361 610 626 709 0(7176.00, 7176.00)
route 96, node_num 8, cost 1197.434000, nodes: 0(120000.00, 120000.00) 442 416 337 704 561 232 0(34469.00, 34469.00)
route 97, node_num 8, cost 817.124000, nodes: 0(120000.00, 120000.00) 265 372 713 651 95 91 0(61634.00, 61634.00)
route 98, node_num 6, cost 1204.490000, nodes: 0(120000.00, 120000.00) 798 714 666 67 0(33965.00, 33965.00)
route 99, node_num 6, cost 917.042000, nodes: 0(120000.00, 120000.00) 731 248 419 474 0(54497.00, 54497.00)
route 100, node_num 8, cost 1720.180000, nodes: 0(120000.00, 120000.00) 14 159 461 49 161 961(29123.00, 31993.00) 0(0.00, 0.00)
route 101, node_num 5, cost 929.236000, nodes: 0(120000.00, 120000.00) 212 12 340 0(53626.00, 53626.00)
route 102, node_num 6, cost 541.240000, nodes: 0(120000.00, 120000.00) 479 777 317 2 0(81340.00, 81340.00)
route 103, node_num 8, cost 1699.110000, nodes: 0(120000.00, 120000.00) 968(95394.00, 96759.00) 478 339 759 564 177 0(0.00, 0.00)
route 104, node_num 6, cost 1878.800000, nodes: 0(120000.00, 120000.00) 860(66386.00, 80586.00) 597 783 105 0(0.00, 0.00)
route 105, node_num 5, cost 967.288000, nodes: 0(120000.00, 120000.00) 259 574 510 0(50908.00, 50908.00)
route 106, node_num 6, cost 1256.038000, nodes: 0(120000.00, 120000.00) 673 685 573 66 0(30283.00, 30283.00)
route 107, node_num 6, cost 1029.028000, nodes: 0(120000.00, 120000.00) 400 588 206 748 0(46498.00, 46498.00)
route 108, node_num 5, cost 552.076000, nodes: 0(120000.00, 120000.00) 355 320 291 0(80566.00, 80566.00)
route 109, node_num 6, cost 1448.580000, nodes: 0(120000.00, 120000.00) 261 667 648 186 0(16530.00, 16530.00)
route 110, node_num 7, cost 1933.988000, nodes: 0(120000.00, 120000.00) 839(67416.00, 85558.00) 695 141 793 644 0(0.00, 0.00)
route 111, node_num 7, cost 586.026000, nodes: 0(120000.00, 120000.00) 321 698 209 417 396 0(78141.00, 78141.00)
route 112, node_num 7, cost 1456.406000, nodes: 0(120000.00, 120000.00) 300 140 518 112 23 0(15971.00, 15971.00)
route 113, node_num 6, cost 1396.598000, nodes: 0(120000.00, 120000.00) 535 567 639 370 0(20243.00, 20243.00)
route 114, node_num 9, cost 1797.236000, nodes: 0(120000.00, 120000.00) 472 156 879(60754.00, 69128.00) 712 414 779 72 0(0.00, 0.00)
route 115, node_num 7, cost 779.786000, nodes: 0(120000.00, 120000.00) 633 411 776 634 485 0(64301.00, 64301.00)
route 116, node_num 6, cost 824.096000, nodes: 0(120000.00, 120000.00) 546 503 93 511 0(61136.00, 61136.00)
route 117, node_num 5, cost 1025.696000, nodes: 0(120000.00, 120000.00) 682 565 445 0(46736.00, 46736.00)
route 118, node_num 5, cost 888.454000, nodes: 0(120000.00, 120000.00) 89 283 287 0(56539.00, 56539.00)
route 119, node_num 6, cost 746.788000, nodes: 0(120000.00, 120000.00) 46 388 258 106 0(66658.00, 66658.00)
route 120, node_num 6, cost 724.402000, nodes: 0(120000.00, 120000.00) 489 397 211 382 0(68257.00, 68257.00)
route 121, node_num 7, cost 1188.264000, nodes: 0(120000.00, 120000.00) 250 438 19 5 423 0(35124.00, 35124.00)
route 122, node_num 5, cost 1651.370000, nodes: 0(120000.00, 120000.00) 693 8 655 0(2045.00, 2045.00)
route 123, node_num 7, cost 1503.782000, nodes: 0(120000.00, 120000.00) 660 515 585 476 763 0(12587.00, 12587.00)
route 124, node_num 8, cost 958.076000, nodes: 0(120000.00, 120000.00) 764 453 668 761 22 374 0(51566.00, 51566.00)
route 125, node_num 5, cost 811.216000, nodes: 0(120000.00, 120000.00) 734 765 182 0(62056.00, 62056.00)
route 126, node_num 5, cost 1033.704000, nodes: 0(120000.00, 120000.00) 615 176 785 0(46164.00, 46164.00)
route 127, node_num 8, cost 1759.730000, nodes: 0(120000.00, 120000.00) 953(82481.00, 88176.00) 631 385 384 143 65 0(0.00, 0.00)
route 128, node_num 6, cost 1085.392000, nodes: 0(120000.00, 120000.00) 192 273 350 778 0(42472.00, 42472.00)
route 129, node_num 5, cost 704.872000, nodes: 0(120000.00, 120000.00) 736 71 727 0(69652.00, 69652.00)
route 130, node_num 8, cost 1701.882000, nodes: 0(120000.00, 120000.00) 79 769 766 269 640 912(44725.00, 46288.00) 0(0.00, 0.00)
route 131, node_num 4, cost 827.078000, nodes: 0(120000.00, 120000.00) 758 578 0(60923.00, 60923.00)
route 132, node_num 7, cost 1283.562000, nodes: 0(120000.00, 120000.00) 255 353 43 721 145 0(28317.00, 28317.00)
route 133, node_num 7, cost 1775.466000, nodes: 0(120000.00, 120000.00) 10 959(56786.00, 63605.00) 499 618 716 0(0.00, 0.00)
route 134, node_num 5, cost 873.698000, nodes: 0(120000.00, 120000.00) 513 365 541 0(57593.00, 57593.00)
route 135, node_num 6, cost 1067.612000, nodes: 0(120000.00, 120000.00) 502 656 587 642 0(43742.00, 43742.00)
route 136, node_num 7, cost 1417.794000, nodes: 0(120000.00, 120000.00) 244 612 421 424 60 0(18729.00, 18729.00)
route 137, node_num 6, cost 928.256000, nodes: 0(120000.00, 120000.00) 679 208 223 789 0(53696.00, 53696.00)
route 138, node_num 6, cost 1077.930000, nodes: 0(120000.00, 120000.00) 326 347 299 68 0(43005.00, 43005.00)
route 139, node_num 7, cost 1608.208000, nodes: 0(120000.00, 120000.00) 446 596 548 439 614 0(5128.00, 5128.00)
route 140, node_num 6, cost 1607.438000, nodes: 0(120000.00, 120000.00) 92 653 114 109 0(5183.00, 5183.00)
route 141, node_num 5, cost 801.990000, nodes: 0(120000.00, 120000.00) 57 298 147 0(62715.00, 62715.00)
route 142, node_num 6, cost 848.554000, nodes: 0(120000.00, 120000.00) 249 428 448 536 0(59389.00, 59389.00)
route 143, node_num 7, cost 1487.164000, nodes: 0(120000.00, 120000.00) 752 152 506 323 590 0(13774.00, 13774.00)
route 144, node_num 6, cost 1109.822000, nodes: 0(120000.00, 120000.00) 77 275 457 343 0(40727.00, 40727.00)
route 145, node_num 7, cost 1616.062000, nodes: 0(120000.00, 120000.00) 378 240 302 281 369 0(4567.00, 4567.00)
route 146, node_num 8, cost 1026.718000, nodes: 0(120000.00, 120000.00) 230 680 723 178 579 371 0(46663.00, 46663.00)
route 147, node_num 6, cost 1029.574000, nodes: 0(120000.00, 120000.00) 497 33 16 294 0(46459.00, 46459.00)
route 148, node_num 6, cost 915.698000, nodes: 0(120000.00, 120000.00) 233 593 454 403 0(54593.00, 54593.00)
route 149, node_num 5, cost 1256.528000, nodes: 0(120000.00, 120000.00) 70 138 130 0(30248.00, 30248.00)
route 150, node_num 5, cost 1102.178000, nodes: 0(120000.00, 120000.00) 450 227 171 0(41273.00, 41273.00)
route 151, node_num 6, cost 708.358000, nodes: 0(120000.00, 120000.00) 743 532 11 331 0(69403.00, 69403.00)
route 152, node_num 5, cost 651.336000, nodes: 0(120000.00, 120000.00) 131 415 753 0(73476.00, 73476.00)
route 153, node_num 8, cost 1854.874000, nodes: 0(120000.00, 120000.00) 135 466 53 107 890(42784.00, 55275.00) 308 0(0.00, 0.00)
route 154, node_num 7, cost 1419.390000, nodes: 0(120000.00, 120000.00) 606 657 547 745 732 0(18615.00, 18615.00)
route 155, node_num 8, cost 1805.356000, nodes: 0(120000.00, 120000.00) 710 687 28 739 398 947(31783.00, 40737.00) 0(0.00, 0.00)
route 156, node_num 7, cost 755.412000, nodes: 0(120000.00, 120000.00) 362 120 750 699 519 0(66042.00, 66042.00)
route 157, node_num 7, cost 1453.242000, nodes: 0(120000.00, 120000.00) 98 56 295 456 619 0(16197.00, 16197.00)
route 158, node_num 6, cost 877.618000, nodes: 0(120000.00, 120000.00) 529 540 115 703 0(57313.00, 57313.00)
route 159, node_num 7, cost 1828.778000, nodes: 0(120000.00, 120000.00) 998(64370.00, 74997.00) 586 740 358 576 0(0.00, 0.00)
route 160, node_num 5, cost 1141.448000, nodes: 0(120000.00, 120000.00) 691 375 30 0(38468.00, 38468.00)
route 161, node_num 6, cost 545.776000, nodes: 0(120000.00, 120000.00) 376 86 136 652 0(81016.00, 81016.00)
route 162, node_num 7, cost 975.296000, nodes: 0(120000.00, 120000.00) 270 608 119 216 420 0(50336.00, 50336.00)
route 163, node_num 8, cost 1577.044000, nodes: 0(120000.00, 120000.00) 516 429 224 387 319 595 0(7354.00, 7354.00)
route 164, node_num 7, cost 1251.110000, nodes: 0(120000.00, 120000.00) 108 530 221 7 462 0(30635.00, 30635.00)
route 165, node_num 6, cost 1139.166000, nodes: 0(120000.00, 120000.00) 409 483 254 458 0(38631.00, 38631.00)
route 166, node_num 5, cost 1304.548000, nodes: 0(120000.00, 120000.00) 307 236 443 0(26818.00, 26818.00)
route 167, node_num 8, cost 1060.822000, nodes: 0(120000.00, 120000.00) 199 139 87 553 645 435 0(44227.00, 44227.00)
route 168, node_num 5, cost 551.432000, nodes: 0(120000.00, 120000.00) 76 570 559 0(80612.00, 80612.00)
route 169, node_num 6, cost 1159.228000, nodes: 0(120000.00, 120000.00) 622 292 393 13 0(37198.00, 37198.00)
route 170, node_num 6, cost 1048.754000, nodes: 0(120000.00, 120000.00) 157 725 170 790 0(45089.00, 45089.00)
route 171, node_num 6, cost 1176.644000, nodes: 0(120000.00, 120000.00) 677 196 408 54 0(35954.00, 35954.00)
route 172, node_num 7, cost 1021.510000, nodes: 0(120000.00, 120000.00) 627 17 726 336 636 0(47035.00, 47035.00)
route 173, node_num 7, cost 885.934000, nodes: 0(120000.00, 120000.00) 780 742 344 37 670 0(56719.00, 56719.00)
route 174, node_num 8, cost 1771.686000, nodes: 0(120000.00, 120000.00) 83 496 268 6 125 825(17578.00, 24127.00) 0(0.00, 0.00)
route 175, node_num 4, cost 551.040000, nodes: 0(120000.00, 120000.00) 158 314 0(80640.00, 80640.00)
route 176, node_num 6, cost 1530.116000, nodes: 0(120000.00, 120000.00) 549 251 774 601 0(10706.00, 10706.00)
route 177, node_num 6, cost 746.900000, nodes: 0(120000.00, 120000.00) 484 21 198 352 0(66650.00, 66650.00)
route 178, node_num 4, cost 290.934000, nodes: 0(120000.00, 120000.00) 663 589 0(99219.00, 99219.00)
route 179, node_num 4, cost 254.618000, nodes: 0(120000.00, 120000.00) 179 784 0(101813.00, 101813.00)
route 180, node_num 6, cost 1425.550000, nodes: 0(120000.00, 120000.00) 592 15 781 730 0(18175.00, 18175.00)
route 181, node_num 7, cost 849.996000, nodes: 0(120000.00, 120000.00) 621 625 69 733 539 0(59286.00, 59286.00)
route 182, node_num 6, cost 1231.720000, nodes: 0(120000.00, 120000.00) 383 715 628 404 0(32020.00, 32020.00)
route 183, node_num 7, cost 1518.020000, nodes: 0(120000.00, 120000.00) 210 676 313 467 123 0(11570.00, 11570.00)
route 184, node_num 7, cost 1578.290000, nodes: 0(120000.00, 120000.00) 351 1 697 202 381 0(7265.00, 7265.00)
route 185, node_num 7, cost 1570.016000, nodes: 0(120000.00, 120000.00) 257 253 405 264 919(31570.00, 31570.00) 0(7856.00, 7856.00)
route 186, node_num 7, cost 966.882000, nodes: 0(120000.00, 120000.00) 431 386 451 410 154 0(50937.00, 50937.00)
route 187, node_num 6, cost 1294.132000, nodes: 0(120000.00, 120000.00) 475 507 148 155 0(27562.00, 27562.00)
route 188, node_num 7, cost 1513.960000, nodes: 0(120000.00, 120000.00) 285 537 604 55 267 0(11860.00, 11860.00)
route 189, node_num 6, cost 1383.564000, nodes: 0(120000.00, 120000.00) 468 309 694 620 0(21174.00, 21174.00)
route 190, node_num 7, cost 1662.388000, nodes: 0(120000.00, 120000.00) 401 738 144 116 505 0(1258.00, 1258.00)
route 191, node_num 6, cost 837.438000, nodes: 0(120000.00, 120000.00) 311 751 491 80 0(60183.00, 60183.00)
vehicle (route) number: 192
Total cost: 279073.52
281364.61, 25203.49
287424.63, 25200.21
279073.52, 25207.71
285518.24, 25217.41
314352.14, 25220.98
301085.13, 25209.91
291903.90, 25237.24
299511.70, 25244.78
299899.54, 25253.68
280536.44, 25201.67
