Details of the solution:
route 0, node_num 7, cost 413.420000, nodes: 0(120000.00, 120000.00) 261 249 450 109 462 0(90470.00, 90470.00)
route 1, node_num 3, cost 78.400000, nodes: 0(120000.00, 120000.00) 455 0(114400.00, 114400.00)
route 2, node_num 7, cost 432.166000, nodes: 0(120000.00, 120000.00) 869 938 212 458 138 0(89131.00, 89131.00)
route 3, node_num 7, cost 1152.606000, nodes: 0(120000.00, 120000.00) 867 806 332 888 10 0(37671.00, 37671.00)
route 4, node_num 7, cost 278.418000, nodes: 0(120000.00, 120000.00) 731 829 603 327 286 0(100113.00, 100113.00)
route 5, node_num 8, cost 1137.668000, nodes: 0(120000.00, 120000.00) 296 472 19 486 36 763 0(38738.00, 38738.00)
route 6, node_num 3, cost 146.622000, nodes: 0(120000.00, 120000.00) 556 0(109527.00, 109527.00)
route 7, node_num 6, cost 1456.112000, nodes: 0(120000.00, 120000.00) 986 924 764 766 0(15992.00, 15992.00)
route 8, node_num 5, cost 170.576000, nodes: 0(120000.00, 120000.00) 216 189 12 0(107816.00, 107816.00)
route 9, node_num 7, cost 1672.804000, nodes: 0(120000.00, 120000.00) 861 832 683 698 1003(9629.00, 9629.00) 0(514.00, 514.00)
route 10, node_num 8, cost 1558.326000, nodes: 0(120000.00, 120000.00) 255 976 980 723 463 1003(17806.00, 17806.00) 0(8691.00, 8691.00)
route 11, node_num 8, cost 373.912000, nodes: 0(120000.00, 120000.00) 824 445 338 561 310 501 0(93292.00, 93292.00)
route 12, node_num 7, cost 566.090000, nodes: 0(120000.00, 120000.00) 247 502 82 804 300 0(79565.00, 79565.00)
route 13, node_num 8, cost 1509.382000, nodes: 0(120000.00, 120000.00) 235 163 969 748 50 1061(16673.00, 16673.00) 0(12187.00, 12187.00)
route 14, node_num 7, cost 820.736000, nodes: 0(120000.00, 120000.00) 136 535 509 598 660 0(61376.00, 61376.00)
route 15, node_num 7, cost 960.148000, nodes: 0(120000.00, 120000.00) 713 946 18 961 674 0(51418.00, 51418.00)
route 16, node_num 6, cost 638.834000, nodes: 0(120000.00, 120000.00) 473 930 655 65 0(74369.00, 74369.00)
route 17, node_num 7, cost 1756.300000, nodes: 0(120000.00, 120000.00) 917 145 613 730 1077(14573.00, 20023.00) 0(0.00, 0.00)
route 18, node_num 8, cost 1335.586000, nodes: 0(120000.00, 120000.00) 541 386 965 688 712 773 0(24601.00, 24601.00)
route 19, node_num 9, cost 1881.768000, nodes: 0(120000.00, 120000.00) 789 601 162 128 709 378 1077(5611.00, 20023.00) 0(0.00, 0.00)
route 20, node_num 5, cost 1376.718000, nodes: 0(120000.00, 120000.00) 553 868 589 0(21663.00, 21663.00)
route 21, node_num 8, cost 1572.816000, nodes: 0(120000.00, 120000.00) 1021(81946.00, 81946.00) 478 481 850 407 921 0(7656.00, 7656.00)
route 22, node_num 8, cost 1658.384000, nodes: 0(120000.00, 120000.00) 1021(81946.00, 113946.00) 245 756 67 523 782 0(33544.00, 33544.00)
route 23, node_num 7, cost 374.612000, nodes: 0(120000.00, 120000.00) 838 967 784 964 467 0(93242.00, 93242.00)
route 24, node_num 7, cost 756.392000, nodes: 0(120000.00, 120000.00) 765 966 563 581 994 0(65972.00, 65972.00)
route 25, node_num 6, cost 731.556000, nodes: 0(120000.00, 120000.00) 614 496 3 359 0(67746.00, 67746.00)
route 26, node_num 6, cost 553.504000, nodes: 0(120000.00, 120000.00) 326 707 865 140 0(80464.00, 80464.00)
route 27, node_num 6, cost 1092.728000, nodes: 0(120000.00, 120000.00) 565 17 591 836 0(41948.00, 41948.00)
route 28, node_num 8, cost 1649.928000, nodes: 0(120000.00, 120000.00) 1003(111689.00, 111689.00) 68 753 420 677 752 0(2148.00, 2148.00)
route 29, node_num 7, cost 548.548000, nodes: 0(120000.00, 120000.00) 882 206 342 354 381 0(80818.00, 80818.00)
route 30, node_num 7, cost 1245.636000, nodes: 0(120000.00, 120000.00) 955 651 785 649 608 0(31026.00, 31026.00)
route 31, node_num 5, cost 418.516000, nodes: 0(120000.00, 120000.00) 268 360 336 0(90106.00, 90106.00)
route 32, node_num 8, cost 1684.088000, nodes: 0(120000.00, 120000.00) 1021(81946.00, 113946.00) 230 437 194 477 787 0(31708.00, 31708.00)
route 33, node_num 7, cost 917.084000, nodes: 0(120000.00, 120000.00) 465 685 471 257 573 0(54494.00, 54494.00)
route 34, node_num 8, cost 1706.264000, nodes: 0(120000.00, 120000.00) 1024(78004.00, 114004.00) 972 950 208 494 562 0(34124.00, 34124.00)
route 35, node_num 4, cost 276.724000, nodes: 0(120000.00, 120000.00) 568 498 0(100234.00, 100234.00)
route 36, node_num 8, cost 1685.740000, nodes: 0(120000.00, 120000.00) 101 431 460 215 45 1061(4076.00, 4486.00) 0(0.00, 0.00)
route 37, node_num 8, cost 1484.896000, nodes: 0(120000.00, 120000.00) 1021(81946.00, 81946.00) 878 890 862 66 219 0(13936.00, 13936.00)
route 38, node_num 8, cost 1726.172000, nodes: 0(120000.00, 120000.00) 204 981 816 226 370 1003(5817.00, 9115.00) 0(0.00, 0.00)
route 39, node_num 7, cost 1036.126000, nodes: 0(120000.00, 120000.00) 267 678 161 237 932 0(45991.00, 45991.00)
route 40, node_num 8, cost 1675.058000, nodes: 0(120000.00, 120000.00) 38 26 29 881 148 1023(4867.00, 4867.00) 0(353.00, 353.00)
route 41, node_num 8, cost 1408.456000, nodes: 0(120000.00, 120000.00) 1021(81946.00, 81946.00) 593 680 962 436 631 0(19396.00, 19396.00)
route 42, node_num 6, cost 1618.638000, nodes: 0(120000.00, 120000.00) 1077(102343.00, 102343.00) 160 684 79 0(4383.00, 4383.00)
route 43, node_num 7, cost 1667.554000, nodes: 0(120000.00, 120000.00) 1077(102343.00, 120000.00) 474 329 181 281 0(18546.00, 18546.00)
route 44, node_num 7, cost 688.394000, nodes: 0(120000.00, 120000.00) 913 826 384 602 42 0(70829.00, 70829.00)
route 45, node_num 8, cost 1619.996000, nodes: 0(120000.00, 120000.00) 1024(78004.00, 120000.00) 669 276 915 134 521 0(46282.00, 46282.00)
route 46, node_num 6, cost 1533.084000, nodes: 0(120000.00, 120000.00) 395 99 30 949 0(10494.00, 10494.00)
route 47, node_num 6, cost 805.574000, nodes: 0(120000.00, 120000.00) 855 387 25 117 0(62459.00, 62459.00)
route 48, node_num 7, cost 688.730000, nodes: 0(120000.00, 120000.00) 612 796 270 670 634 0(70805.00, 70805.00)
route 49, node_num 7, cost 1114.036000, nodes: 0(120000.00, 120000.00) 415 510 975 687 366 0(40426.00, 40426.00)
route 50, node_num 6, cost 1378.790000, nodes: 0(120000.00, 120000.00) 348 432 179 733 0(21515.00, 21515.00)
route 51, node_num 7, cost 1528.492000, nodes: 0(120000.00, 120000.00) 519 427 529 679 1003(19937.00, 19937.00) 0(10822.00, 10822.00)
route 52, node_num 8, cost 1549.058000, nodes: 0(120000.00, 120000.00) 1021(81946.00, 120000.00) 706 854 750 51 224 0(47407.00, 47407.00)
route 53, node_num 9, cost 1653.904000, nodes: 0(120000.00, 120000.00) 1021(81946.00, 85946.00) 141 896 831 998 849 911 0(5864.00, 5864.00)
route 54, node_num 6, cost 1514.156000, nodes: 0(120000.00, 120000.00) 587 238 433 1003(20961.00, 20961.00) 0(11846.00, 11846.00)
route 55, node_num 6, cost 885.626000, nodes: 0(120000.00, 120000.00) 759 901 380 234 0(56741.00, 56741.00)
route 56, node_num 7, cost 1434.286000, nodes: 0(120000.00, 120000.00) 662 534 560 834 75 0(17551.00, 17551.00)
route 57, node_num 6, cost 905.338000, nodes: 0(120000.00, 120000.00) 774 929 103 122 0(55333.00, 55333.00)
route 58, node_num 6, cost 913.500000, nodes: 0(120000.00, 120000.00) 739 313 734 641 0(54750.00, 54750.00)
route 59, node_num 8, cost 1273.062000, nodes: 0(120000.00, 120000.00) 40 592 884 396 947 152 0(29067.00, 29067.00)
route 60, node_num 6, cost 1237.544000, nodes: 0(120000.00, 120000.00) 876 352 533 201 0(31604.00, 31604.00)
route 61, node_num 8, cost 1043.476000, nodes: 0(120000.00, 120000.00) 290 792 495 457 1000 643 0(45466.00, 45466.00)
route 62, node_num 7, cost 1770.342000, nodes: 0(120000.00, 120000.00) 1030(107152.00, 120000.00) 368 223 989 429 0(6395.00, 6395.00)
route 63, node_num 5, cost 276.290000, nodes: 0(120000.00, 120000.00) 347 469 277 0(100265.00, 100265.00)
route 64, node_num 6, cost 1432.088000, nodes: 0(120000.00, 120000.00) 788 132 397 448 0(17708.00, 17708.00)
route 65, node_num 8, cost 1543.416000, nodes: 0(120000.00, 120000.00) 885 305 821 845 952 1040(42902.00, 42902.00) 0(9756.00, 9756.00)
route 66, node_num 7, cost 555.282000, nodes: 0(120000.00, 120000.00) 441 280 968 758 324 0(80337.00, 80337.00)
route 67, node_num 8, cost 1711.766000, nodes: 0(120000.00, 120000.00) 813 536 150 805 83 1023(2245.00, 4514.00) 0(0.00, 0.00)
route 68, node_num 6, cost 871.458000, nodes: 0(120000.00, 120000.00) 382 823 597 404 0(57753.00, 57753.00)
route 69, node_num 6, cost 551.488000, nodes: 0(120000.00, 120000.00) 778 675 459 514 0(80608.00, 80608.00)
route 70, node_num 6, cost 869.218000, nodes: 0(120000.00, 120000.00) 822 139 540 35 0(57913.00, 57913.00)
route 71, node_num 6, cost 639.156000, nodes: 0(120000.00, 120000.00) 266 745 419 578 0(74346.00, 74346.00)
route 72, node_num 6, cost 485.016000, nodes: 0(120000.00, 120000.00) 830 985 297 314 0(85356.00, 85356.00)
route 73, node_num 8, cost 1550.808000, nodes: 0(120000.00, 120000.00) 1024(78004.00, 78004.00) 229 15 112 414 71 0(9228.00, 9228.00)
route 74, node_num 9, cost 1790.460000, nodes: 0(120000.00, 120000.00) 1030(107152.00, 107152.00) 120 988 94 129 184 1003(1225.00, 9115.00) 0(0.00, 0.00)
route 75, node_num 7, cost 1532.650000, nodes: 0(120000.00, 120000.00) 393 200 43 244 1003(19640.00, 19640.00) 0(10525.00, 10525.00)
route 76, node_num 8, cost 1731.576000, nodes: 0(120000.00, 120000.00) 1024(78004.00, 81688.00) 350 746 483 794 638 0(0.00, 0.00)
route 77, node_num 8, cost 1793.274000, nodes: 0(120000.00, 120000.00) 585 812 104 54 856 1013(42025.00, 50116.00) 0(0.00, 0.00)
route 78, node_num 8, cost 1767.290000, nodes: 0(120000.00, 120000.00) 355 652 923 701 176 1056(17143.00, 23378.00) 0(0.00, 0.00)
route 79, node_num 7, cost 749.826000, nodes: 0(120000.00, 120000.00) 640 605 775 654 943 0(66441.00, 66441.00)
route 80, node_num 7, cost 853.790000, nodes: 0(120000.00, 120000.00) 760 64 781 115 837 0(59015.00, 59015.00)
route 81, node_num 7, cost 1393.910000, nodes: 0(120000.00, 120000.00) 232 334 444 857 550 0(20435.00, 20435.00)
route 82, node_num 7, cost 1670.942000, nodes: 0(120000.00, 120000.00) 1024(78004.00, 78004.00) 644 720 214 488 0(647.00, 647.00)
route 83, node_num 7, cost 1582.140000, nodes: 0(120000.00, 120000.00) 1024(78004.00, 120000.00) 691 325 622 741 0(48986.00, 48986.00)
route 84, node_num 6, cost 1147.608000, nodes: 0(120000.00, 120000.00) 551 468 447 74 0(38028.00, 38028.00)
route 85, node_num 7, cost 747.978000, nodes: 0(120000.00, 120000.00) 154 142 919 241 343 0(66573.00, 66573.00)
route 86, node_num 8, cost 1761.228000, nodes: 0(120000.00, 120000.00) 1030(107152.00, 112954.00) 558 791 944 151 871 0(0.00, 0.00)
route 87, node_num 6, cost 615.020000, nodes: 0(120000.00, 120000.00) 582 942 499 817 0(76070.00, 76070.00)
route 88, node_num 7, cost 1347.724000, nodes: 0(120000.00, 120000.00) 454 484 777 632 307 0(23734.00, 23734.00)
route 89, node_num 6, cost 1452.472000, nodes: 0(120000.00, 120000.00) 89 883 308 771 0(16252.00, 16252.00)
route 90, node_num 7, cost 1676.024000, nodes: 0(120000.00, 120000.00) 1024(78004.00, 120000.00) 546 439 13 425 0(42280.00, 42280.00)
route 91, node_num 5, cost 1236.928000, nodes: 0(120000.00, 120000.00) 779 1 106 0(31648.00, 31648.00)
route 92, node_num 7, cost 780.010000, nodes: 0(120000.00, 120000.00) 728 451 124 851 306 0(64285.00, 64285.00)
route 93, node_num 7, cost 1597.386000, nodes: 0(120000.00, 120000.00) 284 615 629 11 192 0(5901.00, 5901.00)
route 94, node_num 6, cost 973.896000, nodes: 0(120000.00, 120000.00) 880 446 406 164 0(50436.00, 50436.00)
route 95, node_num 8, cost 1717.100000, nodes: 0(120000.00, 120000.00) 1030(107152.00, 111152.00) 86 676 28 747 107 0(1350.00, 1350.00)
route 96, node_num 7, cost 1668.856000, nodes: 0(120000.00, 120000.00) 1024(78004.00, 78004.00) 926 827 5 236 0(796.00, 796.00)
route 97, node_num 6, cost 1659.280000, nodes: 0(120000.00, 120000.00) 999 149 33 491 0(1480.00, 1480.00)
route 98, node_num 6, cost 620.900000, nodes: 0(120000.00, 120000.00) 21 93 858 153 0(75650.00, 75650.00)
route 99, node_num 7, cost 973.308000, nodes: 0(120000.00, 120000.00) 673 423 240 254 783 0(50478.00, 50478.00)
route 100, node_num 7, cost 1300.516000, nodes: 0(120000.00, 120000.00) 175 321 49 895 697 0(27106.00, 27106.00)
route 101, node_num 7, cost 766.010000, nodes: 0(120000.00, 120000.00) 659 403 301 906 724 0(65285.00, 65285.00)
route 102, node_num 6, cost 1359.176000, nodes: 0(120000.00, 120000.00) 131 318 527 667 0(22916.00, 22916.00)
route 103, node_num 6, cost 890.232000, nodes: 0(120000.00, 120000.00) 532 736 945 312 0(56412.00, 56412.00)
route 104, node_num 7, cost 1118.376000, nodes: 0(120000.00, 120000.00) 341 298 262 714 416 0(40116.00, 40116.00)
route 105, node_num 7, cost 960.918000, nodes: 0(120000.00, 120000.00) 618 2 636 417 599 0(51363.00, 51363.00)
route 106, node_num 6, cost 927.262000, nodes: 0(120000.00, 120000.00) 740 190 345 320 0(53767.00, 53767.00)
route 107, node_num 5, cost 422.884000, nodes: 0(120000.00, 120000.00) 841 295 221 0(89794.00, 89794.00)
route 108, node_num 5, cost 995.120000, nodes: 0(120000.00, 120000.00) 147 400 169 0(48920.00, 48920.00)
route 109, node_num 7, cost 1151.248000, nodes: 0(120000.00, 120000.00) 56 979 22 903 207 0(37768.00, 37768.00)
route 110, node_num 7, cost 1157.604000, nodes: 0(120000.00, 120000.00) 940 931 978 508 580 0(37314.00, 37314.00)
route 111, node_num 6, cost 1535.618000, nodes: 0(120000.00, 120000.00) 294 620 319 705 0(10313.00, 10313.00)
route 112, node_num 6, cost 1260.210000, nodes: 0(120000.00, 120000.00) 524 331 337 47 0(29985.00, 29985.00)
route 113, node_num 8, cost 905.072000, nodes: 0(120000.00, 120000.00) 174 173 63 375 37 886 0(55352.00, 55352.00)
route 114, node_num 6, cost 598.752000, nodes: 0(120000.00, 120000.00) 545 453 939 798 0(77232.00, 77232.00)
route 115, node_num 7, cost 1003.716000, nodes: 0(120000.00, 120000.00) 218 879 299 410 538 0(48306.00, 48306.00)
route 116, node_num 6, cost 964.838000, nodes: 0(120000.00, 120000.00) 898 664 479 405 0(51083.00, 51083.00)
route 117, node_num 8, cost 1550.570000, nodes: 0(120000.00, 120000.00) 1098(102863.00, 102863.00) 870 168 188 506 661 0(9245.00, 9245.00)
route 118, node_num 7, cost 1480.542000, nodes: 0(120000.00, 120000.00) 289 293 584 959 866 0(14247.00, 14247.00)
route 119, node_num 6, cost 1102.038000, nodes: 0(120000.00, 120000.00) 409 935 547 242 0(41283.00, 41283.00)
route 120, node_num 6, cost 1435.574000, nodes: 0(120000.00, 120000.00) 383 799 864 243 0(17459.00, 17459.00)
route 121, node_num 6, cost 810.054000, nodes: 0(120000.00, 120000.00) 288 335 108 464 0(62139.00, 62139.00)
route 122, node_num 6, cost 1003.282000, nodes: 0(120000.00, 120000.00) 762 351 505 434 0(48337.00, 48337.00)
route 123, node_num 7, cost 1036.574000, nodes: 0(120000.00, 120000.00) 388 754 304 647 487 0(45959.00, 45959.00)
route 124, node_num 6, cost 1330.994000, nodes: 0(120000.00, 120000.00) 442 648 954 191 0(24929.00, 24929.00)
route 125, node_num 7, cost 1701.336000, nodes: 0(120000.00, 120000.00) 594 292 41 269 1003(7591.00, 9115.00) 0(0.00, 0.00)
route 126, node_num 7, cost 1124.774000, nodes: 0(120000.00, 120000.00) 213 58 606 600 211 0(39659.00, 39659.00)
route 127, node_num 6, cost 970.102000, nodes: 0(120000.00, 120000.00) 44 27 272 413 0(50707.00, 50707.00)
route 128, node_num 6, cost 1428.504000, nodes: 0(120000.00, 120000.00) 84 897 260 909 0(17964.00, 17964.00)
route 129, node_num 7, cost 1028.244000, nodes: 0(120000.00, 120000.00) 672 421 617 489 518 0(46554.00, 46554.00)
route 130, node_num 5, cost 931.014000, nodes: 0(120000.00, 120000.00) 328 430 902 0(53499.00, 53499.00)
route 131, node_num 7, cost 1381.422000, nodes: 0(120000.00, 120000.00) 482 220 554 722 840 0(21327.00, 21327.00)
route 132, node_num 8, cost 1779.582000, nodes: 0(120000.00, 120000.00) 571 555 997 960 209 1047(42085.00, 49198.00) 0(0.00, 0.00)
route 133, node_num 7, cost 1081.066000, nodes: 0(120000.00, 120000.00) 543 973 579 516 920 0(42781.00, 42781.00)
route 134, node_num 6, cost 1413.020000, nodes: 0(120000.00, 120000.00) 987 402 365 315 0(19070.00, 19070.00)
route 135, node_num 8, cost 831.922000, nodes: 0(120000.00, 120000.00) 217 889 195 490 993 98 0(60577.00, 60577.00)
route 136, node_num 6, cost 886.564000, nodes: 0(120000.00, 120000.00) 228 628 809 374 0(56674.00, 56674.00)
route 137, node_num 8, cost 1487.752000, nodes: 0(120000.00, 120000.00) 671 893 339 251 20 1098(31575.00, 31575.00) 0(13732.00, 13732.00)
route 138, node_num 5, cost 950.348000, nodes: 0(120000.00, 120000.00) 55 904 144 0(52118.00, 52118.00)
route 139, node_num 7, cost 1333.234000, nodes: 0(120000.00, 120000.00) 411 795 121 842 187 0(24769.00, 24769.00)
route 140, node_num 7, cost 1250.564000, nodes: 0(120000.00, 120000.00) 716 239 729 552 721 0(30674.00, 30674.00)
route 141, node_num 5, cost 1270.430000, nodes: 0(120000.00, 120000.00) 102 948 185 0(29255.00, 29255.00)
route 142, node_num 8, cost 1664.292000, nodes: 0(120000.00, 120000.00) 595 625 202 452 656 1011(48666.00, 48666.00) 0(1122.00, 1122.00)
route 143, node_num 7, cost 1188.278000, nodes: 0(120000.00, 120000.00) 146 422 627 665 639 0(35123.00, 35123.00)
route 144, node_num 7, cost 1079.946000, nodes: 0(120000.00, 120000.00) 391 767 548 127 361 0(42861.00, 42861.00)
route 145, node_num 6, cost 866.964000, nodes: 0(120000.00, 120000.00) 333 210 642 9 0(58074.00, 58074.00)
route 146, node_num 7, cost 1523.522000, nodes: 0(120000.00, 120000.00) 1024(78004.00, 86004.00) 619 258 401 265 0(19177.00, 19177.00)
route 147, node_num 5, cost 1473.038000, nodes: 0(120000.00, 120000.00) 517 696 271 0(14783.00, 14783.00)
route 148, node_num 7, cost 1551.536000, nodes: 0(120000.00, 120000.00) 1024(78004.00, 90004.00) 449 435 264 818 0(21176.00, 21176.00)
route 149, node_num 6, cost 1319.444000, nodes: 0(120000.00, 120000.00) 158 682 974 114 0(25754.00, 25754.00)
route 150, node_num 8, cost 1173.172000, nodes: 0(120000.00, 120000.00) 135 793 803 611 159 873 0(36202.00, 36202.00)
route 151, node_num 8, cost 1762.922000, nodes: 0(120000.00, 120000.00) 757 418 512 291 900 1003(3192.00, 9115.00) 0(0.00, 0.00)
route 152, node_num 6, cost 1137.066000, nodes: 0(120000.00, 120000.00) 725 790 363 364 0(38781.00, 38781.00)
route 153, node_num 6, cost 259.980000, nodes: 0(120000.00, 120000.00) 583 398 311 808 0(101430.00, 101430.00)
route 154, node_num 8, cost 1157.114000, nodes: 0(120000.00, 120000.00) 539 183 90 645 371 77 0(37349.00, 37349.00)
route 155, node_num 7, cost 1485.442000, nodes: 0(120000.00, 120000.00) 735 507 637 575 59 0(13897.00, 13897.00)
route 156, node_num 7, cost 1218.952000, nodes: 0(120000.00, 120000.00) 891 231 859 110 111 0(32932.00, 32932.00)
route 157, node_num 7, cost 1706.964000, nodes: 0(120000.00, 120000.00) 755 125 525 279 1095(12304.00, 14230.00) 0(0.00, 0.00)
route 158, node_num 6, cost 1203.146000, nodes: 0(120000.00, 120000.00) 928 372 225 702 0(34061.00, 34061.00)
route 159, node_num 7, cost 1278.270000, nodes: 0(120000.00, 120000.00) 16 847 34 956 205 0(28695.00, 28695.00)
route 160, node_num 7, cost 1607.340000, nodes: 0(120000.00, 120000.00) 497 356 686 616 624 0(5190.00, 5190.00)
route 161, node_num 6, cost 1237.572000, nodes: 0(120000.00, 120000.00) 461 377 542 157 0(31602.00, 31602.00)
route 162, node_num 7, cost 1312.136000, nodes: 0(120000.00, 120000.00) 596 302 349 937 650 0(26276.00, 26276.00)
route 163, node_num 7, cost 1319.514000, nodes: 0(120000.00, 120000.00) 576 137 957 908 130 0(25749.00, 25749.00)
route 164, node_num 6, cost 1098.972000, nodes: 0(120000.00, 120000.00) 282 4 520 983 0(41502.00, 41502.00)
route 165, node_num 7, cost 1254.932000, nodes: 0(120000.00, 120000.00) 31 990 717 456 105 0(30362.00, 30362.00)
route 166, node_num 6, cost 953.428000, nodes: 0(120000.00, 120000.00) 367 819 353 559 0(51898.00, 51898.00)
route 167, node_num 7, cost 1303.078000, nodes: 0(120000.00, 120000.00) 57 971 389 385 663 0(26923.00, 26923.00)
route 168, node_num 6, cost 1617.980000, nodes: 0(120000.00, 120000.00) 198 143 504 182 0(4430.00, 4430.00)
route 169, node_num 8, cost 1441.566000, nodes: 0(120000.00, 120000.00) 126 635 85 373 875 390 0(17031.00, 17031.00)
route 170, node_num 7, cost 1700.370000, nodes: 0(120000.00, 120000.00) 1077(102343.00, 103798.00) 511 408 526 197 0(0.00, 0.00)
route 171, node_num 7, cost 1116.738000, nodes: 0(120000.00, 120000.00) 732 443 39 984 577 0(40233.00, 40233.00)
route 172, node_num 6, cost 1225.616000, nodes: 0(120000.00, 120000.00) 621 843 801 317 0(32456.00, 32456.00)
route 173, node_num 7, cost 1727.796000, nodes: 0(120000.00, 120000.00) 1077(102343.00, 105757.00) 694 316 941 248 0(0.00, 0.00)
route 174, node_num 7, cost 749.812000, nodes: 0(120000.00, 120000.00) 24 196 970 853 846 0(66442.00, 66442.00)
route 175, node_num 8, cost 1878.506000, nodes: 0(120000.00, 120000.00) 1030(107152.00, 112216.00) 80 874 610 369 1003(0.00, 9115.00) 0(0.00, 0.00)
route 176, node_num 7, cost 880.292000, nodes: 0(120000.00, 120000.00) 544 46 340 927 590 0(57122.00, 57122.00)
route 177, node_num 6, cost 1659.980000, nodes: 0(120000.00, 120000.00) 1077(102343.00, 102343.00) 633 825 426 0(1430.00, 1430.00)
route 178, node_num 7, cost 1286.348000, nodes: 0(120000.00, 120000.00) 52 252 751 607 165 0(28118.00, 28118.00)
route 179, node_num 7, cost 1565.200000, nodes: 0(120000.00, 120000.00) 178 892 810 392 256 0(8200.00, 8200.00)
route 180, node_num 7, cost 1488.326000, nodes: 0(120000.00, 120000.00) 1021(81946.00, 81946.00) 485 700 358 572 0(13691.00, 13691.00)
route 181, node_num 6, cost 1478.568000, nodes: 0(120000.00, 120000.00) 424 309 177 274 0(14388.00, 14388.00)
route 182, node_num 5, cost 940.786000, nodes: 0(120000.00, 120000.00) 6 116 786 0(52801.00, 52801.00)
route 183, node_num 7, cost 1501.906000, nodes: 0(120000.00, 120000.00) 681 91 704 48 1045(35524.00, 35524.00) 0(12721.00, 12721.00)
route 184, node_num 6, cost 1426.460000, nodes: 0(120000.00, 120000.00) 982 574 828 839 0(18110.00, 18110.00)
route 185, node_num 6, cost 1341.802000, nodes: 0(120000.00, 120000.00) 963 918 69 658 0(24157.00, 24157.00)
route 186, node_num 6, cost 1232.042000, nodes: 0(120000.00, 120000.00) 8 894 872 76 0(31997.00, 31997.00)
route 187, node_num 7, cost 1534.890000, nodes: 0(120000.00, 120000.00) 166 362 623 586 761 0(10365.00, 10365.00)
route 188, node_num 8, cost 1118.768000, nodes: 0(120000.00, 120000.00) 475 522 87 690 718 278 0(40088.00, 40088.00)
route 189, node_num 7, cost 1523.914000, nodes: 0(120000.00, 120000.00) 303 800 835 530 852 0(11149.00, 11149.00)
route 190, node_num 6, cost 923.734000, nodes: 0(120000.00, 120000.00) 776 344 933 379 0(54019.00, 54019.00)
route 191, node_num 7, cost 1152.424000, nodes: 0(120000.00, 120000.00) 708 925 172 699 934 0(37684.00, 37684.00)
route 192, node_num 6, cost 1459.864000, nodes: 0(120000.00, 120000.00) 912 719 802 666 0(15724.00, 15724.00)
route 193, node_num 8, cost 871.808000, nodes: 0(120000.00, 120000.00) 119 936 156 72 844 61 0(57728.00, 57728.00)
route 194, node_num 6, cost 1232.700000, nodes: 0(120000.00, 120000.00) 62 193 768 170 0(31950.00, 31950.00)
route 195, node_num 8, cost 1549.310000, nodes: 0(120000.00, 120000.00) 1021(81946.00, 105946.00) 814 726 412 905 995 0(33335.00, 33335.00)
route 196, node_num 5, cost 1517.838000, nodes: 0(120000.00, 120000.00) 513 951 92 0(11583.00, 11583.00)
route 197, node_num 7, cost 1295.140000, nodes: 0(120000.00, 120000.00) 222 492 996 96 346 0(27490.00, 27490.00)
route 198, node_num 7, cost 1424.206000, nodes: 0(120000.00, 120000.00) 322 78 531 570 1003(27386.00, 27386.00) 0(18271.00, 18271.00)
route 199, node_num 7, cost 1162.364000, nodes: 0(120000.00, 120000.00) 7 715 780 60 253 0(36974.00, 36974.00)
route 200, node_num 6, cost 938.532000, nodes: 0(120000.00, 120000.00) 657 588 958 749 0(52962.00, 52962.00)
route 201, node_num 7, cost 1528.506000, nodes: 0(120000.00, 120000.00) 991 438 537 323 95 0(10821.00, 10821.00)
route 202, node_num 6, cost 1351.070000, nodes: 0(120000.00, 120000.00) 992 567 273 503 0(23495.00, 23495.00)
route 203, node_num 8, cost 1476.832000, nodes: 0(120000.00, 120000.00) 772 848 440 155 73 1077(34535.00, 34535.00) 0(14512.00, 14512.00)
route 204, node_num 6, cost 897.316000, nodes: 0(120000.00, 120000.00) 171 863 820 81 0(55906.00, 55906.00)
route 205, node_num 5, cost 582.064000, nodes: 0(120000.00, 120000.00) 703 557 88 0(78424.00, 78424.00)
route 206, node_num 7, cost 1645.672000, nodes: 0(120000.00, 120000.00) 100 330 742 118 1056(25830.00, 25830.00) 0(2452.00, 2452.00)
route 207, node_num 7, cost 1573.824000, nodes: 0(120000.00, 120000.00) 811 259 283 630 693 0(7584.00, 7584.00)
route 208, node_num 8, cost 1050.840000, nodes: 0(120000.00, 120000.00) 692 646 394 528 770 263 0(44940.00, 44940.00)
route 209, node_num 9, cost 617.428000, nodes: 0(120000.00, 120000.00) 907 357 23 910 977 70 14 0(75898.00, 75898.00)
route 210, node_num 8, cost 1014.524000, nodes: 0(120000.00, 120000.00) 133 653 500 815 227 53 0(47534.00, 47534.00)
route 211, node_num 6, cost 1355.704000, nodes: 0(120000.00, 120000.00) 285 953 695 97 0(23164.00, 23164.00)
route 212, node_num 6, cost 1067.234000, nodes: 0(120000.00, 120000.00) 899 689 711 399 0(43769.00, 43769.00)
route 213, node_num 8, cost 1650.726000, nodes: 0(120000.00, 120000.00) 737 515 922 428 668 1064(21425.00, 21425.00) 0(2091.00, 2091.00)
route 214, node_num 7, cost 1273.426000, nodes: 0(120000.00, 120000.00) 604 569 287 887 376 0(29041.00, 29041.00)
route 215, node_num 5, cost 1145.648000, nodes: 0(120000.00, 120000.00) 480 738 113 0(38168.00, 38168.00)
route 216, node_num 6, cost 1651.538000, nodes: 0(120000.00, 120000.00) 186 476 743 466 0(2033.00, 2033.00)
route 217, node_num 8, cost 1687.140000, nodes: 0(120000.00, 120000.00) 1030(107152.00, 107662.00) 564 744 710 233 32 0(0.00, 0.00)
route 218, node_num 5, cost 1101.156000, nodes: 0(120000.00, 120000.00) 626 727 250 0(41346.00, 41346.00)
route 219, node_num 7, cost 1291.066000, nodes: 0(120000.00, 120000.00) 123 914 199 549 916 0(27781.00, 27781.00)
route 220, node_num 8, cost 1508.108000, nodes: 0(120000.00, 120000.00) 797 470 167 609 180 1023(16792.00, 16792.00) 0(12278.00, 12278.00)
route 221, node_num 7, cost 1047.718000, nodes: 0(120000.00, 120000.00) 860 877 807 493 275 0(45163.00, 45163.00)
route 222, node_num 7, cost 996.506000, nodes: 0(120000.00, 120000.00) 566 769 246 833 203 0(48821.00, 48821.00)
vehicle (route) number: 223
Total cost: 335504.67
401901.77, 16222.82
353921.55, 16204.59
362131.16, 16206.71
336462.22, 16234.20
337366.11, 16211.65
337882.92, 16225.58
338674.04, 16230.51
335504.67, 16201.01
351352.91, 16204.20
355533.56, 16200.30
