Details of the solution:
route 0, node_num 7, cost 1472.772000, nodes: 0(120000.00, 120000.00) 501 916 520 857 248 0(14802.00, 14802.00)
route 1, node_num 5, cost 668.374000, nodes: 0(120000.00, 120000.00) 733 541 9 0(72259.00, 72259.00)
route 2, node_num 4, cost 47.572000, nodes: 0(120000.00, 120000.00) 948 908 0(116602.00, 116602.00)
route 3, node_num 8, cost 410.130000, nodes: 0(120000.00, 120000.00) 189 973 970 858 123 336 0(90705.00, 90705.00)
route 4, node_num 10, cost 1781.542000, nodes: 0(120000.00, 120000.00) 469 817 662 586 1031(78142.00, 78142.00) 519 209 1005(46651.00, 53904.00) 0(0.00, 0.00)
route 5, node_num 8, cost 1524.404000, nodes: 0(120000.00, 120000.00) 303 89 485 54 308 106 0(11114.00, 11114.00)
route 6, node_num 7, cost 1027.530000, nodes: 0(120000.00, 120000.00) 959 22 225 441 995 0(46605.00, 46605.00)
route 7, node_num 7, cost 1408.666000, nodes: 0(120000.00, 120000.00) 505 792 612 48 1075(58231.00, 58231.00) 0(19381.00, 19381.00)
route 8, node_num 6, cost 1116.192000, nodes: 0(120000.00, 120000.00) 38 855 514 401 0(40272.00, 40272.00)
route 9, node_num 6, cost 1454.810000, nodes: 0(120000.00, 120000.00) 705 752 15 214 0(16085.00, 16085.00)
route 10, node_num 6, cost 524.412000, nodes: 0(120000.00, 120000.00) 153 563 142 201 0(82542.00, 82542.00)
route 11, node_num 6, cost 363.762000, nodes: 0(120000.00, 120000.00) 249 261 290 347 0(94017.00, 94017.00)
route 12, node_num 7, cost 298.788000, nodes: 0(120000.00, 120000.00) 850 674 133 713 509 0(98658.00, 98658.00)
route 13, node_num 5, cost 449.624000, nodes: 0(120000.00, 120000.00) 540 808 467 0(87884.00, 87884.00)
route 14, node_num 5, cost 739.914000, nodes: 0(120000.00, 120000.00) 21 862 93 0(67149.00, 67149.00)
route 15, node_num 8, cost 1790.362000, nodes: 0(120000.00, 120000.00) 83 162 362 269 897 1043(8634.00, 16517.00) 0(0.00, 0.00)
route 16, node_num 6, cost 237.160000, nodes: 0(120000.00, 120000.00) 327 684 398 462 0(103060.00, 103060.00)
route 17, node_num 8, cost 1731.982000, nodes: 0(120000.00, 120000.00) 1030(107271.00, 120000.00) 516 325 661 479 1091(16057.00, 16057.00) 0(9016.00, 9016.00)
route 18, node_num 7, cost 1065.918000, nodes: 0(120000.00, 120000.00) 353 335 367 782 171 0(43863.00, 43863.00)
route 19, node_num 8, cost 1469.496000, nodes: 0(120000.00, 120000.00) 882 91 745 86 159 1019(39786.00, 39786.00) 0(15036.00, 15036.00)
route 20, node_num 5, cost 199.528000, nodes: 0(120000.00, 120000.00) 277 689 455 0(105748.00, 105748.00)
route 21, node_num 8, cost 560.938000, nodes: 0(120000.00, 120000.00) 798 621 694 624 268 360 0(79933.00, 79933.00)
route 22, node_num 5, cost 255.864000, nodes: 0(120000.00, 120000.00) 311 738 628 0(101724.00, 101724.00)
route 23, node_num 6, cost 1129.982000, nodes: 0(120000.00, 120000.00) 211 953 957 117 0(39287.00, 39287.00)
route 24, node_num 6, cost 1174.684000, nodes: 0(120000.00, 120000.00) 763 58 730 221 0(36094.00, 36094.00)
route 25, node_num 6, cost 333.592000, nodes: 0(120000.00, 120000.00) 111 109 135 216 0(96172.00, 96172.00)
route 26, node_num 7, cost 661.794000, nodes: 0(120000.00, 120000.00) 579 61 656 70 310 0(72729.00, 72729.00)
route 27, node_num 7, cost 1542.268000, nodes: 0(120000.00, 120000.00) 601 99 955 426 555 0(9838.00, 9838.00)
route 28, node_num 6, cost 599.774000, nodes: 0(120000.00, 120000.00) 667 324 354 297 0(77159.00, 77159.00)
route 29, node_num 8, cost 1557.346000, nodes: 0(120000.00, 120000.00) 960 490 366 144 288 1060(31480.00, 31480.00) 0(8761.00, 8761.00)
route 30, node_num 5, cost 289.744000, nodes: 0(120000.00, 120000.00) 651 57 286 0(99304.00, 99304.00)
route 31, node_num 7, cost 1661.296000, nodes: 0(120000.00, 120000.00) 493 727 474 972 748 0(1336.00, 1336.00)
route 32, node_num 7, cost 771.162000, nodes: 0(120000.00, 120000.00) 997 419 481 124 800 0(64917.00, 64917.00)
route 33, node_num 8, cost 1661.184000, nodes: 0(120000.00, 120000.00) 1030(107271.00, 120000.00) 567 550 613 526 575 0(14073.00, 14073.00)
route 34, node_num 8, cost 1737.204000, nodes: 0(120000.00, 120000.00) 1073(97835.00, 105835.00) 433 875 917 43 200 0(3914.00, 3914.00)
route 35, node_num 6, cost 759.780000, nodes: 0(120000.00, 120000.00) 762 751 270 1000 0(65730.00, 65730.00)
route 36, node_num 6, cost 865.900000, nodes: 0(120000.00, 120000.00) 834 825 417 361 0(58150.00, 58150.00)
route 37, node_num 8, cost 1807.078000, nodes: 0(120000.00, 120000.00) 1029(89163.00, 93163.00) 907 125 291 369 1043(11440.00, 16517.00) 0(0.00, 0.00)
route 38, node_num 6, cost 711.816000, nodes: 0(120000.00, 120000.00) 983 218 544 942 0(69156.00, 69156.00)
route 39, node_num 7, cost 944.342000, nodes: 0(120000.00, 120000.00) 549 396 68 489 486 0(52547.00, 52547.00)
route 40, node_num 5, cost 700.518000, nodes: 0(120000.00, 120000.00) 254 18 315 0(69963.00, 69963.00)
route 41, node_num 8, cost 1814.918000, nodes: 0(120000.00, 120000.00) 79 770 769 672 281 1043(6880.00, 16517.00) 0(0.00, 0.00)
route 42, node_num 7, cost 1134.574000, nodes: 0(120000.00, 120000.00) 471 385 821 522 391 0(38959.00, 38959.00)
route 43, node_num 9, cost 1894.452000, nodes: 0(120000.00, 120000.00) 1073(97835.00, 97835.00) 378 388 985 77 1011(4823.00, 8314.00) 1079(0.00, 11827.00) 0(0.00, 0.00)
route 44, node_num 6, cost 707.532000, nodes: 0(120000.00, 120000.00) 138 175 98 374 0(69462.00, 69462.00)
route 45, node_num 7, cost 1119.314000, nodes: 0(120000.00, 120000.00) 820 152 40 977 531 0(40049.00, 40049.00)
route 46, node_num 6, cost 1089.018000, nodes: 0(120000.00, 120000.00) 626 851 74 320 0(42213.00, 42213.00)
route 47, node_num 8, cost 589.246000, nodes: 0(120000.00, 120000.00) 831 569 566 611 512 724 0(77911.00, 77911.00)
route 48, node_num 7, cost 796.516000, nodes: 0(120000.00, 120000.00) 359 453 677 616 384 0(63106.00, 63106.00)
route 49, node_num 8, cost 1213.268000, nodes: 0(120000.00, 120000.00) 547 113 129 931 638 642 0(33338.00, 33338.00)
route 50, node_num 9, cost 1549.310000, nodes: 0(120000.00, 120000.00) 1004(114583.00, 114583.00) 577 678 393 962 463 477 0(9335.00, 9335.00)
route 51, node_num 7, cost 1358.028000, nodes: 0(120000.00, 120000.00) 226 449 945 59 1075(61848.00, 61848.00) 0(22998.00, 22998.00)
route 52, node_num 7, cost 712.544000, nodes: 0(120000.00, 120000.00) 548 19 602 275 933 0(69104.00, 69104.00)
route 53, node_num 7, cost 991.312000, nodes: 0(120000.00, 120000.00) 695 282 923 382 473 0(49192.00, 49192.00)
route 54, node_num 8, cost 759.836000, nodes: 0(120000.00, 120000.00) 914 913 25 816 666 7 0(65726.00, 65726.00)
route 55, node_num 7, cost 1283.632000, nodes: 0(120000.00, 120000.00) 702 392 49 746 370 0(28312.00, 28312.00)
route 56, node_num 6, cost 1048.810000, nodes: 0(120000.00, 120000.00) 404 925 413 255 0(45085.00, 45085.00)
route 57, node_num 7, cost 787.864000, nodes: 0(120000.00, 120000.00) 587 797 64 227 405 0(63724.00, 63724.00)
route 58, node_num 6, cost 1370.726000, nodes: 0(120000.00, 120000.00) 565 941 743 331 0(22091.00, 22091.00)
route 59, node_num 7, cost 1349.614000, nodes: 0(120000.00, 120000.00) 1004(114583.00, 114583.00) 574 208 552 878 0(23599.00, 23599.00)
route 60, node_num 8, cost 777.084000, nodes: 0(120000.00, 120000.00) 338 639 747 943 115 217 0(64494.00, 64494.00)
route 61, node_num 8, cost 1531.418000, nodes: 0(120000.00, 120000.00) 191 179 924 852 717 1019(35363.00, 35363.00) 0(10613.00, 10613.00)
route 62, node_num 6, cost 1015.658000, nodes: 0(120000.00, 120000.00) 192 701 457 649 0(47453.00, 47453.00)
route 63, node_num 8, cost 1622.796000, nodes: 0(120000.00, 120000.00) 1035(84119.00, 84119.00) 709 842 786 903 783 0(4086.00, 4086.00)
route 64, node_num 9, cost 1629.670000, nodes: 0(120000.00, 120000.00) 468 992 780 818 919 356 1005(57499.00, 57499.00) 0(3595.00, 3595.00)
route 65, node_num 8, cost 1835.666000, nodes: 0(120000.00, 120000.00) 961 608 292 784 938 1060(11600.00, 22719.00) 0(0.00, 0.00)
route 66, node_num 8, cost 1773.128000, nodes: 0(120000.00, 120000.00) 1029(89163.00, 105163.00) 599 100 238 918 250 0(9348.00, 9348.00)
route 67, node_num 7, cost 1593.858000, nodes: 0(120000.00, 120000.00) 1031(83199.00, 120000.00) 775 365 588 665 0(42954.00, 42954.00)
route 68, node_num 7, cost 735.966000, nodes: 0(120000.00, 120000.00) 508 585 596 147 864 0(67431.00, 67431.00)
route 69, node_num 8, cost 1641.416000, nodes: 0(120000.00, 120000.00) 420 708 735 67 653 1013(12492.00, 12492.00) 0(2756.00, 2756.00)
route 70, node_num 8, cost 1475.642000, nodes: 0(120000.00, 120000.00) 785 251 554 495 968 411 0(14597.00, 14597.00)
route 71, node_num 8, cost 1218.812000, nodes: 0(120000.00, 120000.00) 518 801 121 721 173 130 0(32942.00, 32942.00)
route 72, node_num 9, cost 1460.704000, nodes: 0(120000.00, 120000.00) 971 564 436 935 600 428 1052(54084.00, 54084.00) 0(15664.00, 15664.00)
route 73, node_num 7, cost 700.126000, nodes: 0(120000.00, 120000.00) 654 314 140 46 641 0(69991.00, 69991.00)
route 74, node_num 8, cost 1464.134000, nodes: 0(120000.00, 120000.00) 180 235 836 73 461 1091(22460.00, 22460.00) 0(15419.00, 15419.00)
route 75, node_num 8, cost 1784.048000, nodes: 0(120000.00, 120000.00) 963 622 309 244 794 1013(2304.00, 9736.00) 0(0.00, 0.00)
route 76, node_num 7, cost 1378.636000, nodes: 0(120000.00, 120000.00) 168 823 443 188 364 0(21526.00, 21526.00)
route 77, node_num 8, cost 1759.310000, nodes: 0(120000.00, 120000.00) 1074(83303.00, 99303.00) 527 876 330 822 52 0(10335.00, 10335.00)
route 78, node_num 9, cost 1764.294000, nodes: 0(120000.00, 120000.00) 1030(107271.00, 107271.00) 556 590 460 207 363 1019(18729.00, 24750.00) 0(0.00, 0.00)
route 79, node_num 7, cost 1196.818000, nodes: 0(120000.00, 120000.00) 108 637 447 949 750 0(34513.00, 34513.00)
route 80, node_num 8, cost 1744.918000, nodes: 0(120000.00, 120000.00) 81 811 632 92 118 1091(2404.00, 7041.00) 0(0.00, 0.00)
route 81, node_num 8, cost 1804.838000, nodes: 0(120000.00, 120000.00) 1030(107271.00, 120000.00) 603 494 765 692 753 0(3812.00, 3812.00)
route 82, node_num 8, cost 1038.100000, nodes: 0(120000.00, 120000.00) 300 731 581 263 253 830 0(45850.00, 45850.00)
route 83, node_num 7, cost 1189.664000, nodes: 0(120000.00, 120000.00) 804 720 848 754 421 0(35024.00, 35024.00)
route 84, node_num 7, cost 1512.168000, nodes: 0(120000.00, 120000.00) 499 760 84 635 729 0(11988.00, 11988.00)
route 85, node_num 7, cost 1492.610000, nodes: 0(120000.00, 120000.00) 617 536 844 807 1055(30140.00, 30140.00) 0(13385.00, 13385.00)
route 86, node_num 8, cost 1647.128000, nodes: 0(120000.00, 120000.00) 768 245 66 742 492 1079(14175.00, 14175.00) 0(2348.00, 2348.00)
route 87, node_num 6, cost 499.184000, nodes: 0(120000.00, 120000.00) 206 342 381 737 0(84344.00, 84344.00)
route 88, node_num 9, cost 1576.288000, nodes: 0(120000.00, 120000.00) 1025(97482.00, 97482.00) 11 932 284 194 799 158 0(7408.00, 7408.00)
route 89, node_num 8, cost 1810.830000, nodes: 0(120000.00, 120000.00) 502 128 26 329 483 1043(7172.00, 16517.00) 0(0.00, 0.00)
route 90, node_num 9, cost 907.256000, nodes: 0(120000.00, 120000.00) 306 532 131 625 755 380 853 0(55196.00, 55196.00)
route 91, node_num 9, cost 1683.598000, nodes: 0(120000.00, 120000.00) 1075(81210.00, 81210.00) 849 143 607 723 5 1078(44009.00, 44266.00) 0(0.00, 0.00)
route 92, node_num 7, cost 413.014000, nodes: 0(120000.00, 120000.00) 212 23 357 458 14 0(90499.00, 90499.00)
route 93, node_num 8, cost 1643.194000, nodes: 0(120000.00, 120000.00) 1030(107271.00, 107271.00) 718 553 193 609 278 0(2629.00, 2629.00)
route 94, node_num 8, cost 1663.508000, nodes: 0(120000.00, 120000.00) 1030(107271.00, 107271.00) 273 703 803 75 94 0(1178.00, 1178.00)
route 95, node_num 6, cost 1538.740000, nodes: 0(120000.00, 120000.00) 1004(114583.00, 114583.00) 437 424 150 0(10090.00, 10090.00)
route 96, node_num 8, cost 1719.676000, nodes: 0(120000.00, 120000.00) 186 408 856 517 835 1075(36016.00, 38850.00) 0(0.00, 0.00)
route 97, node_num 8, cost 1561.588000, nodes: 0(120000.00, 120000.00) 1026(87936.00, 87936.00) 944 781 78 322 584 0(8458.00, 8458.00)
route 98, node_num 7, cost 1106.728000, nodes: 0(120000.00, 120000.00) 832 583 305 323 510 0(40948.00, 40948.00)
route 99, node_num 8, cost 972.846000, nodes: 0(120000.00, 120000.00) 910 351 982 434 203 809 0(50511.00, 50511.00)
route 100, node_num 7, cost 992.054000, nodes: 0(120000.00, 120000.00) 881 174 812 88 271 0(49139.00, 49139.00)
route 101, node_num 7, cost 973.056000, nodes: 0(120000.00, 120000.00) 3 237 819 896 161 0(50496.00, 50496.00)
route 102, node_num 7, cost 1254.260000, nodes: 0(120000.00, 120000.00) 756 332 62 397 534 0(30410.00, 30410.00)
route 103, node_num 8, cost 1430.198000, nodes: 0(120000.00, 120000.00) 1028(112837.00, 112837.00) 137 559 169 572 146 0(17843.00, 17843.00)
route 104, node_num 7, cost 1521.380000, nodes: 0(120000.00, 120000.00) 610 177 905 704 1091(18371.00, 18371.00) 0(11330.00, 11330.00)
route 105, node_num 8, cost 831.040000, nodes: 0(120000.00, 120000.00) 423 650 699 999 691 863 0(60640.00, 60640.00)
route 106, node_num 8, cost 1133.916000, nodes: 0(120000.00, 120000.00) 343 521 262 298 646 771 0(39006.00, 39006.00)
route 107, node_num 7, cost 909.244000, nodes: 0(120000.00, 120000.00) 838 538 871 72 711 0(55054.00, 55054.00)
route 108, node_num 6, cost 505.764000, nodes: 0(120000.00, 120000.00) 761 726 993 451 0(83874.00, 83874.00)
route 109, node_num 7, cost 1335.264000, nodes: 0(120000.00, 120000.00) 660 687 96 34 787 0(24624.00, 24624.00)
route 110, node_num 7, cost 1750.000000, nodes: 0(120000.00, 120000.00) 429 431 355 619 1043(11517.00, 16517.00) 0(0.00, 0.00)
route 111, node_num 7, cost 1535.184000, nodes: 0(120000.00, 120000.00) 698 51 879 806 358 0(10344.00, 10344.00)
route 112, node_num 5, cost 302.204000, nodes: 0(120000.00, 120000.00) 675 670 767 0(98414.00, 98414.00)
route 113, node_num 7, cost 1521.408000, nodes: 0(120000.00, 120000.00) 618 627 979 440 571 0(11328.00, 11328.00)
route 114, node_num 7, cost 1213.982000, nodes: 0(120000.00, 120000.00) 561 557 166 928 122 0(33287.00, 33287.00)
route 115, node_num 7, cost 1746.612000, nodes: 0(120000.00, 120000.00) 368 223 45 80 1062(39827.00, 44585.00) 0(0.00, 0.00)
route 116, node_num 8, cost 1572.130000, nodes: 0(120000.00, 120000.00) 542 533 232 920 890 1048(38599.00, 38599.00) 0(7705.00, 7705.00)
route 117, node_num 9, cost 1759.744000, nodes: 0(120000.00, 120000.00) 1030(107271.00, 112967.00) 17 16 132 476 215 776 0(0.00, 0.00)
route 118, node_num 6, cost 667.576000, nodes: 0(120000.00, 120000.00) 664 136 266 65 0(72316.00, 72316.00)
route 119, node_num 8, cost 1710.086000, nodes: 0(120000.00, 120000.00) 233 176 29 33 682 1043(14368.00, 16517.00) 0(0.00, 0.00)
route 120, node_num 7, cost 1464.680000, nodes: 0(120000.00, 120000.00) 294 289 606 758 293 0(15380.00, 15380.00)
route 121, node_num 8, cost 915.726000, nodes: 0(120000.00, 120000.00) 36 824 240 789 312 636 0(54591.00, 54591.00)
route 122, node_num 7, cost 1020.194000, nodes: 0(120000.00, 120000.00) 154 296 472 773 946 0(47129.00, 47129.00)
route 123, node_num 7, cost 1693.006000, nodes: 0(120000.00, 120000.00) 1030(107271.00, 120000.00) 629 246 929 466 0(11800.00, 11800.00)
route 124, node_num 8, cost 1655.640000, nodes: 0(120000.00, 120000.00) 1075(81210.00, 81210.00) 439 276 85 198 725 0(1740.00, 1740.00)
route 125, node_num 9, cost 1703.380000, nodes: 0(120000.00, 120000.00) 921 655 950 402 525 927 1043(14847.00, 16517.00) 0(0.00, 0.00)
route 126, node_num 8, cost 982.254000, nodes: 0(120000.00, 120000.00) 301 766 827 410 299 679 0(49839.00, 49839.00)
route 127, node_num 6, cost 1252.902000, nodes: 0(120000.00, 120000.00) 877 480 478 241 0(30507.00, 30507.00)
route 128, node_num 6, cost 505.876000, nodes: 0(120000.00, 120000.00) 280 987 459 488 0(83866.00, 83866.00)
route 129, node_num 8, cost 1471.862000, nodes: 0(120000.00, 120000.00) 1025(97482.00, 120000.00) 444 498 114 826 693 0(37385.00, 37385.00)
route 130, node_num 7, cost 1190.042000, nodes: 0(120000.00, 120000.00) 317 87 874 239 633 0(34997.00, 34997.00)
route 131, node_num 6, cost 1241.898000, nodes: 0(120000.00, 120000.00) 706 394 222 814 0(31293.00, 31293.00)
route 132, node_num 8, cost 1541.372000, nodes: 0(120000.00, 120000.00) 969 880 681 220 712 1048(40796.00, 40796.00) 0(9902.00, 9902.00)
route 133, node_num 7, cost 1235.122000, nodes: 0(120000.00, 120000.00) 749 112 231 97 35 0(31777.00, 31777.00)
route 134, node_num 9, cost 1426.908000, nodes: 0(120000.00, 120000.00) 1028(112837.00, 112837.00) 204 593 20 615 889 722 0(18078.00, 18078.00)
route 135, node_num 6, cost 895.650000, nodes: 0(120000.00, 120000.00) 734 631 390 387 0(56025.00, 56025.00)
route 136, node_num 8, cost 729.120000, nodes: 0(120000.00, 120000.00) 570 719 697 891 295 445 0(67920.00, 67920.00)
route 137, node_num 9, cost 1508.584000, nodes: 0(120000.00, 120000.00) 487 199 539 974 847 283 1019(36994.00, 36994.00) 0(12244.00, 12244.00)
route 138, node_num 7, cost 1597.498000, nodes: 0(120000.00, 120000.00) 389 591 936 940 1031(42783.00, 42783.00) 0(5893.00, 5893.00)
route 139, node_num 6, cost 849.674000, nodes: 0(120000.00, 120000.00) 450 213 416 465 0(59309.00, 59309.00)
route 140, node_num 8, cost 1459.024000, nodes: 0(120000.00, 120000.00) 1004(114583.00, 120000.00) 334 183 843 454 219 0(21201.00, 21201.00)
route 141, node_num 7, cost 716.520000, nodes: 0(120000.00, 120000.00) 888 375 657 515 757 0(68820.00, 68820.00)
route 142, node_num 7, cost 1594.544000, nodes: 0(120000.00, 120000.00) 1025(97482.00, 120000.00) 537 149 202 592 0(28622.00, 28622.00)
route 143, node_num 10, cost 1668.086000, nodes: 0(120000.00, 120000.00) 1030(107271.00, 107271.00) 257 898 442 435 528 671 1075(39701.00, 39701.00) 0(851.00, 851.00)
route 144, node_num 6, cost 1149.624000, nodes: 0(120000.00, 120000.00) 886 772 620 686 0(37884.00, 37884.00)
route 145, node_num 6, cost 1425.438000, nodes: 0(120000.00, 120000.00) 103 899 828 274 0(18183.00, 18183.00)
route 146, node_num 7, cost 970.522000, nodes: 0(120000.00, 120000.00) 228 56 139 2 210 0(50677.00, 50677.00)
route 147, node_num 8, cost 1816.878000, nodes: 0(120000.00, 120000.00) 837 145 543 788 922 1026(22346.00, 32123.00) 0(0.00, 0.00)
route 148, node_num 8, cost 1692.796000, nodes: 0(120000.00, 120000.00) 1029(89163.00, 120000.00) 900 860 236 134 432 0(29923.00, 29923.00)
route 149, node_num 8, cost 1398.012000, nodes: 0(120000.00, 120000.00) 167 224 470 412 352 597 0(20142.00, 20142.00)
route 150, node_num 6, cost 1018.640000, nodes: 0(120000.00, 120000.00) 998 190 345 205 0(47240.00, 47240.00)
route 151, node_num 7, cost 1726.382000, nodes: 0(120000.00, 120000.00) 1030(107271.00, 110584.00) 185 418 170 101 0(0.00, 0.00)
route 152, node_num 7, cost 1626.464000, nodes: 0(120000.00, 120000.00) 623 181 452 32 1043(20341.00, 20341.00) 0(3824.00, 3824.00)
route 153, node_num 7, cost 1496.250000, nodes: 0(120000.00, 120000.00) 866 337 511 904 870 0(13125.00, 13125.00)
route 154, node_num 8, cost 1774.794000, nodes: 0(120000.00, 120000.00) 41 966 978 316 947 1031(30119.00, 36890.00) 0(0.00, 0.00)
route 155, node_num 9, cost 1944.418000, nodes: 0(120000.00, 120000.00) 1029(89163.00, 89163.00) 956 790 1061(63617.00, 82504.00) 594 182 690 0(0.00, 0.00)
route 156, node_num 7, cost 1208.774000, nodes: 0(120000.00, 120000.00) 415 371 740 668 346 0(33659.00, 33659.00)
route 157, node_num 8, cost 1029.490000, nodes: 0(120000.00, 120000.00) 911 595 313 6 47 116 0(46465.00, 46465.00)
route 158, node_num 7, cost 1472.422000, nodes: 0(120000.00, 120000.00) 120 598 774 151 265 0(14827.00, 14827.00)
route 159, node_num 8, cost 1182.300000, nodes: 0(120000.00, 120000.00) 307 605 446 406 829 55 0(35550.00, 35550.00)
route 160, node_num 6, cost 1204.826000, nodes: 0(120000.00, 120000.00) 676 901 813 71 0(33941.00, 33941.00)
route 161, node_num 8, cost 1576.120000, nodes: 0(120000.00, 120000.00) 163 155 714 377 988 1091(14461.00, 14461.00) 0(7420.00, 7420.00)
route 162, node_num 7, cost 1303.400000, nodes: 0(120000.00, 120000.00) 795 24 764 744 399 0(26900.00, 26900.00)
route 163, node_num 8, cost 1483.118000, nodes: 0(120000.00, 120000.00) 1004(114583.00, 120000.00) 951 141 407 791 576 0(19480.00, 19480.00)
route 164, node_num 7, cost 1190.266000, nodes: 0(120000.00, 120000.00) 700 30 895 930 741 0(34981.00, 34981.00)
route 165, node_num 5, cost 1013.026000, nodes: 0(120000.00, 120000.00) 696 504 688 0(47641.00, 47641.00)
route 166, node_num 6, cost 846.580000, nodes: 0(120000.00, 120000.00) 759 328 234 558 0(59530.00, 59530.00)
route 167, node_num 7, cost 1401.708000, nodes: 0(120000.00, 120000.00) 506 148 589 739 975 0(19878.00, 19878.00)
route 168, node_num 7, cost 1647.226000, nodes: 0(120000.00, 120000.00) 1030(107271.00, 107271.00) 456 643 673 197 0(2341.00, 2341.00)
route 169, node_num 7, cost 1181.012000, nodes: 0(120000.00, 120000.00) 422 793 243 165 779 0(35642.00, 35642.00)
route 170, node_num 6, cost 1063.314000, nodes: 0(120000.00, 120000.00) 340 796 981 529 0(44049.00, 44049.00)
route 171, node_num 7, cost 1547.742000, nodes: 0(120000.00, 120000.00) 195 110 952 28 349 0(9447.00, 9447.00)
route 172, node_num 8, cost 1619.590000, nodes: 0(120000.00, 120000.00) 1025(97482.00, 120000.00) 164 160 395 373 252 0(26833.00, 26833.00)
route 173, node_num 7, cost 1101.058000, nodes: 0(120000.00, 120000.00) 861 659 50 267 482 0(41353.00, 41353.00)
route 174, node_num 7, cost 1066.534000, nodes: 0(120000.00, 120000.00) 326 634 648 119 156 0(43819.00, 43819.00)
route 175, node_num 8, cost 1535.408000, nodes: 0(120000.00, 120000.00) 939 172 644 427 710 1091(17369.00, 17369.00) 0(10328.00, 10328.00)
route 176, node_num 7, cost 1181.880000, nodes: 0(120000.00, 120000.00) 658 321 256 669 63 0(35580.00, 35580.00)
route 177, node_num 7, cost 1043.546000, nodes: 0(120000.00, 120000.00) 839 247 893 31 184 0(45461.00, 45461.00)
route 178, node_num 8, cost 1386.476000, nodes: 0(120000.00, 120000.00) 1097(109074.00, 120000.00) 990 663 438 95 259 0(31892.00, 31892.00)
route 179, node_num 8, cost 1767.682000, nodes: 0(120000.00, 120000.00) 1030(107271.00, 113534.00) 614 958 546 873 13 0(0.00, 0.00)
route 180, node_num 7, cost 1552.250000, nodes: 0(120000.00, 120000.00) 716 984 976 647 810 0(9125.00, 9125.00)
route 181, node_num 8, cost 872.690000, nodes: 0(120000.00, 120000.00) 12 989 196 53 187 37 0(57665.00, 57665.00)
route 182, node_num 8, cost 1288.546000, nodes: 0(120000.00, 120000.00) 302 652 497 60 372 530 0(27961.00, 27961.00)
route 183, node_num 8, cost 1551.900000, nodes: 0(120000.00, 120000.00) 1073(97835.00, 97835.00) 157 845 980 736 915 0(9150.00, 9150.00)
route 184, node_num 6, cost 655.970000, nodes: 0(120000.00, 120000.00) 475 777 178 491 0(73145.00, 73145.00)
route 185, node_num 7, cost 1569.820000, nodes: 0(120000.00, 120000.00) 348 680 285 279 865 0(7870.00, 7870.00)
route 186, node_num 8, cost 1333.388000, nodes: 0(120000.00, 120000.00) 683 319 912 287 523 376 0(24758.00, 24758.00)
route 187, node_num 6, cost 1007.734000, nodes: 0(120000.00, 120000.00) 344 535 272 630 0(48019.00, 48019.00)
route 188, node_num 6, cost 1238.342000, nodes: 0(120000.00, 120000.00) 604 105 304 448 0(31547.00, 31547.00)
route 189, node_num 6, cost 1001.490000, nodes: 0(120000.00, 120000.00) 560 126 4 503 0(48465.00, 48465.00)
route 190, node_num 6, cost 1006.474000, nodes: 0(120000.00, 120000.00) 102 578 27 937 0(48109.00, 48109.00)
route 191, node_num 7, cost 1528.464000, nodes: 0(120000.00, 120000.00) 885 8 264 76 1019(35574.00, 35574.00) 0(10824.00, 10824.00)
route 192, node_num 8, cost 2028.586000, nodes: 0(120000.00, 120000.00) 1029(89163.00, 120000.00) 967 996 954 562 869 0(5938.00, 5938.00)
route 193, node_num 6, cost 1508.752000, nodes: 0(120000.00, 120000.00) 640 859 805 1013(21968.00, 21968.00) 0(12232.00, 12232.00)
route 194, node_num 8, cost 1169.378000, nodes: 0(120000.00, 120000.00) 545 926 386 867 778 892 0(36473.00, 36473.00)
route 195, node_num 8, cost 1559.516000, nodes: 0(120000.00, 120000.00) 884 318 409 991 802 1060(31325.00, 31325.00) 0(8606.00, 8606.00)
route 196, node_num 8, cost 1649.914000, nodes: 0(120000.00, 120000.00) 964 350 229 872 909 1019(26899.00, 26899.00) 0(2149.00, 2149.00)
route 197, node_num 6, cost 1275.344000, nodes: 0(120000.00, 120000.00) 685 10 242 524 0(28904.00, 28904.00)
route 198, node_num 8, cost 1644.356000, nodes: 0(120000.00, 120000.00) 430 107 425 104 840 1014(47296.00, 47296.00) 0(2546.00, 2546.00)
route 199, node_num 6, cost 903.658000, nodes: 0(120000.00, 120000.00) 44 707 379 551 0(55453.00, 55453.00)
route 200, node_num 8, cost 1460.634000, nodes: 0(120000.00, 120000.00) 1033(110242.00, 120000.00) 339 894 400 383 258 0(25427.00, 25427.00)
route 201, node_num 6, cost 1128.078000, nodes: 0(120000.00, 120000.00) 887 854 715 841 0(39423.00, 39423.00)
route 202, node_num 7, cost 1089.270000, nodes: 0(120000.00, 120000.00) 934 127 732 414 333 0(42195.00, 42195.00)
route 203, node_num 7, cost 1338.008000, nodes: 0(120000.00, 120000.00) 902 580 90 815 507 0(24428.00, 24428.00)
route 204, node_num 8, cost 769.342000, nodes: 0(120000.00, 120000.00) 906 403 728 39 645 500 0(65047.00, 65047.00)
route 205, node_num 8, cost 1680.644000, nodes: 0(120000.00, 120000.00) 1032(86549.00, 86595.00) 513 230 833 582 965 0(0.00, 0.00)
route 206, node_num 7, cost 1428.112000, nodes: 0(120000.00, 120000.00) 883 260 69 868 986 0(17992.00, 17992.00)
route 207, node_num 8, cost 521.976000, nodes: 0(120000.00, 120000.00) 994 484 568 341 82 42 0(82716.00, 82716.00)
route 208, node_num 7, cost 1276.982000, nodes: 0(120000.00, 120000.00) 464 1 846 496 573 0(28787.00, 28787.00)
vehicle (route) number: 209
Total cost: 320782.78
374620.87, 16318.62
328497.73, 16202.72
334916.22, 16205.05
323800.65, 16224.85
330909.32, 16200.20
321571.33, 16218.23
325870.24, 16230.73
320782.78, 16200.28
338089.56, 16207.79
333393.47, 16204.85
