Details of the solution:
route 0, node_num 7, cost 1606.850000, nodes: 0(120000.00, 120000.00) 110 127 66 67 105 0(5225.00, 5225.00)
route 1, node_num 6, cost 918.722000, nodes: 0(120000.00, 120000.00) 150 87 197 4 0(54377.00, 54377.00)
route 2, node_num 7, cost 805.938000, nodes: 0(120000.00, 120000.00) 75 139 133 188 50 0(62433.00, 62433.00)
route 3, node_num 6, cost 704.494000, nodes: 0(120000.00, 120000.00) 199 74 106 134 0(69679.00, 69679.00)
route 4, node_num 7, cost 1429.918000, nodes: 0(120000.00, 120000.00) 51 92 63 43 145 0(17863.00, 17863.00)
route 5, node_num 6, cost 880.768000, nodes: 0(120000.00, 120000.00) 190 90 184 169 0(57088.00, 57088.00)
route 6, node_num 8, cost 1688.302000, nodes: 0(120000.00, 120000.00) 14 159 183 49 143 207(28837.00, 29430.00) 0(0.00, 0.00)
route 7, node_num 7, cost 767.522000, nodes: 0(120000.00, 120000.00) 132 40 11 111 124 0(65177.00, 65177.00)
route 8, node_num 8, cost 1067.836000, nodes: 0(120000.00, 120000.00) 71 41 191 196 13 164 0(43726.00, 43726.00)
route 9, node_num 7, cost 1284.038000, nodes: 0(120000.00, 120000.00) 176 102 68 7 181 0(28283.00, 28283.00)
route 10, node_num 7, cost 1690.500000, nodes: 0(120000.00, 120000.00) 268(95394.00, 96144.00) 142 29 5 177 0(0.00, 0.00)
route 11, node_num 6, cost 924.308000, nodes: 0(120000.00, 120000.00) 173 69 178 198 0(53978.00, 53978.00)
route 12, node_num 7, cost 1630.538000, nodes: 0(120000.00, 120000.00) 149 200 113 3 109 0(3533.00, 3533.00)
route 13, node_num 7, cost 835.016000, nodes: 0(120000.00, 120000.00) 46 34 136 32 47 0(60356.00, 60356.00)
route 14, node_num 6, cost 1442.420000, nodes: 0(120000.00, 120000.00) 189 144 8 116 0(16970.00, 16970.00)
route 15, node_num 7, cost 1633.618000, nodes: 0(120000.00, 120000.00) 153 55 48 73 289(43500.00, 43500.00) 0(3313.00, 3313.00)
route 16, node_num 7, cost 1064.294000, nodes: 0(120000.00, 120000.00) 76 120 62 12 193 0(43979.00, 43979.00)
route 17, node_num 6, cost 1009.428000, nodes: 0(120000.00, 120000.00) 44 84 39 147 0(47898.00, 47898.00)
route 18, node_num 6, cost 1468.502000, nodes: 0(120000.00, 120000.00) 135 82 128 186 0(15107.00, 15107.00)
route 19, node_num 8, cost 1641.402000, nodes: 0(120000.00, 120000.00) 212(72845.00, 72845.00) 88 129 18 112 23 0(2757.00, 2757.00)
route 20, node_num 6, cost 816.592000, nodes: 0(120000.00, 120000.00) 146 182 36 122 0(61672.00, 61672.00)
route 21, node_num 6, cost 1094.506000, nodes: 0(120000.00, 120000.00) 89 121 21 95 0(41821.00, 41821.00)
route 22, node_num 5, cost 1077.146000, nodes: 0(120000.00, 120000.00) 103 19 130 0(43061.00, 43061.00)
route 23, node_num 6, cost 1091.580000, nodes: 0(120000.00, 120000.00) 70 162 163 20 0(42030.00, 42030.00)
route 24, node_num 8, cost 1808.562000, nodes: 0(120000.00, 120000.00) 10 1 28 123 65 296(16302.00, 25485.00) 0(0.00, 0.00)
route 25, node_num 8, cost 1718.164000, nodes: 0(120000.00, 120000.00) 9 194 151 85 172 225(21401.00, 24127.00) 0(0.00, 0.00)
route 26, node_num 6, cost 1462.538000, nodes: 0(120000.00, 120000.00) 57 114 22 154 0(15533.00, 15533.00)
route 27, node_num 6, cost 1182.608000, nodes: 0(120000.00, 120000.00) 187 15 59 30 0(35528.00, 35528.00)
route 28, node_num 7, cost 1369.158000, nodes: 0(120000.00, 120000.00) 174 45 24 16 60 0(22203.00, 22203.00)
route 29, node_num 6, cost 1644.748000, nodes: 0(120000.00, 120000.00) 140 156 99 72 0(2518.00, 2518.00)
route 30, node_num 6, cost 1443.260000, nodes: 0(120000.00, 120000.00) 148 138 97 126 0(16910.00, 16910.00)
route 31, node_num 5, cost 508.074000, nodes: 0(120000.00, 120000.00) 179 195 37 0(83709.00, 83709.00)
route 32, node_num 7, cost 1415.092000, nodes: 0(120000.00, 120000.00) 77 108 155 137 168 0(18922.00, 18922.00)
route 33, node_num 6, cost 1362.676000, nodes: 0(120000.00, 120000.00) 94 31 152 78 0(22666.00, 22666.00)
route 34, node_num 7, cost 1031.450000, nodes: 0(120000.00, 120000.00) 52 101 115 119 80 0(46325.00, 46325.00)
route 35, node_num 5, cost 1240.876000, nodes: 0(120000.00, 120000.00) 98 56 42 0(31366.00, 31366.00)
route 36, node_num 5, cost 1396.850000, nodes: 0(120000.00, 120000.00) 79 117 161 0(20225.00, 20225.00)
route 37, node_num 5, cost 694.624000, nodes: 0(120000.00, 120000.00) 158 131 93 0(70384.00, 70384.00)
route 38, node_num 6, cost 951.622000, nodes: 0(120000.00, 120000.00) 175 81 33 2 0(52027.00, 52027.00)
route 39, node_num 5, cost 1008.644000, nodes: 0(120000.00, 120000.00) 157 17 180 0(47954.00, 47954.00)
route 40, node_num 8, cost 1831.060000, nodes: 0(120000.00, 120000.00) 185 104 61 6 107 268(18447.00, 29237.00) 0(0.00, 0.00)
route 41, node_num 7, cost 1010.114000, nodes: 0(120000.00, 120000.00) 86 160 96 26 91 0(47849.00, 47849.00)
route 42, node_num 8, cost 1369.088000, nodes: 0(120000.00, 120000.00) 192 27 165 100 64 54 0(22208.00, 22208.00)
route 43, node_num 8, cost 1821.456000, nodes: 0(120000.00, 120000.00) 166 58 53 141 125 225(14023.00, 24127.00) 0(0.00, 0.00)
route 44, node_num 6, cost 892.934000, nodes: 0(120000.00, 120000.00) 167 170 35 118 0(56219.00, 56219.00)
route 45, node_num 6, cost 1118.796000, nodes: 0(120000.00, 120000.00) 83 25 38 171 0(40086.00, 40086.00)
vehicle (route) number: 46
Total cost: 70656.63
72599.39, 1805.40
72161.48, 1802.38
73353.22, 1802.60
71637.84, 1803.20
71011.75, 1806.12
71600.11, 1801.68
71935.74, 1803.69
72556.36, 1800.12
71668.42, 1802.75
70656.63, 1802.33
