Details of the solution:
route 0, node_num 6, cost 1372.224000, nodes: 0(120000.00, 120000.00) 131 56 37 88 0(21984.00, 21984.00)
route 1, node_num 8, cost 1042.944000, nodes: 0(120000.00, 120000.00) 175 147 25 136 9 38 0(45504.00, 45504.00)
route 2, node_num 8, cost 1070.916000, nodes: 0(120000.00, 120000.00) 105 30 75 94 10 74 0(43506.00, 43506.00)
route 3, node_num 8, cost 1747.620000, nodes: 0(120000.00, 120000.00) 80 107 132 186 32 266(25966.00, 30796.00) 0(0.00, 0.00)
route 4, node_num 7, cost 977.018000, nodes: 0(120000.00, 120000.00) 142 109 7 123 135 0(50213.00, 50213.00)
route 5, node_num 6, cost 788.648000, nodes: 0(120000.00, 120000.00) 122 103 68 11 0(63668.00, 63668.00)
route 6, node_num 6, cost 1119.552000, nodes: 0(120000.00, 120000.00) 170 127 71 4 0(40032.00, 40032.00)
route 7, node_num 7, cost 1630.482000, nodes: 0(120000.00, 120000.00) 64 173 130 119 53 0(3537.00, 3537.00)
route 8, node_num 7, cost 1601.936000, nodes: 0(120000.00, 120000.00) 118 41 92 200 150 0(5576.00, 5576.00)
route 9, node_num 6, cost 1356.684000, nodes: 0(120000.00, 120000.00) 157 101 100 148 0(23094.00, 23094.00)
route 10, node_num 6, cost 1096.914000, nodes: 0(120000.00, 120000.00) 154 70 14 138 0(41649.00, 41649.00)
route 11, node_num 7, cost 1255.492000, nodes: 0(120000.00, 120000.00) 12 140 46 42 82 0(30322.00, 30322.00)
route 12, node_num 6, cost 877.296000, nodes: 0(120000.00, 120000.00) 18 65 98 117 0(57336.00, 57336.00)
route 13, node_num 8, cost 1734.068000, nodes: 0(120000.00, 120000.00) 171 48 104 54 15 275(17754.00, 21616.00) 0(0.00, 0.00)
route 14, node_num 6, cost 1234.730000, nodes: 0(120000.00, 120000.00) 21 193 69 172 0(31805.00, 31805.00)
route 15, node_num 7, cost 1685.544000, nodes: 0(120000.00, 120000.00) 79 83 197 129 266(30400.00, 30796.00) 0(0.00, 0.00)
route 16, node_num 6, cost 676.928000, nodes: 0(120000.00, 120000.00) 192 164 55 77 0(71648.00, 71648.00)
route 17, node_num 5, cost 690.214000, nodes: 0(120000.00, 120000.00) 40 152 166 0(70699.00, 70699.00)
route 18, node_num 5, cost 822.290000, nodes: 0(120000.00, 120000.00) 47 81 126 0(61265.00, 61265.00)
route 19, node_num 6, cost 911.134000, nodes: 0(120000.00, 120000.00) 113 184 27 102 0(54919.00, 54919.00)
route 20, node_num 5, cost 794.430000, nodes: 0(120000.00, 120000.00) 50 190 161 0(63255.00, 63255.00)
route 21, node_num 5, cost 1678.866000, nodes: 0(120000.00, 120000.00) 188 121 174 0(81.00, 81.00)
route 22, node_num 5, cost 1383.578000, nodes: 0(120000.00, 120000.00) 67 158 167 0(21173.00, 21173.00)
route 23, node_num 5, cost 1059.072000, nodes: 0(120000.00, 120000.00) 144 108 124 0(44352.00, 44352.00)
route 24, node_num 4, cost 324.982000, nodes: 0(120000.00, 120000.00) 36 19 0(96787.00, 96787.00)
route 25, node_num 7, cost 939.848000, nodes: 0(120000.00, 120000.00) 24 133 189 111 57 0(52868.00, 52868.00)
route 26, node_num 4, cost 89.222000, nodes: 0(120000.00, 120000.00) 93 153 0(113627.00, 113627.00)
route 27, node_num 6, cost 918.876000, nodes: 0(120000.00, 120000.00) 6 2 139 44 0(54366.00, 54366.00)
route 28, node_num 7, cost 1710.240000, nodes: 0(120000.00, 120000.00) 84 182 143 134 275(19456.00, 21616.00) 0(0.00, 0.00)
route 29, node_num 6, cost 1630.538000, nodes: 0(120000.00, 120000.00) 156 61 23 72 0(3533.00, 3533.00)
route 30, node_num 6, cost 1341.018000, nodes: 0(120000.00, 120000.00) 180 194 66 51 0(24213.00, 24213.00)
route 31, node_num 8, cost 1723.596000, nodes: 0(120000.00, 120000.00) 211(72171.00, 75285.00) 159 137 95 20 168 0(0.00, 0.00)
route 32, node_num 7, cost 1486.674000, nodes: 0(120000.00, 120000.00) 177 43 73 163 155 0(13809.00, 13809.00)
route 33, node_num 7, cost 1328.740000, nodes: 0(120000.00, 120000.00) 179 112 97 87 116 0(25090.00, 25090.00)
route 34, node_num 8, cost 1636.390000, nodes: 0(120000.00, 120000.00) 181 149 29 125 176 266(33911.00, 33911.00) 0(3115.00, 3115.00)
route 35, node_num 8, cost 1802.248000, nodes: 0(120000.00, 120000.00) 78 162 128 26 145 252(2414.00, 11146.00) 0(0.00, 0.00)
route 36, node_num 6, cost 1122.884000, nodes: 0(120000.00, 120000.00) 90 114 183 141 0(39794.00, 39794.00)
route 37, node_num 6, cost 1217.776000, nodes: 0(120000.00, 120000.00) 178 195 110 115 0(33016.00, 33016.00)
route 38, node_num 6, cost 1354.906000, nodes: 0(120000.00, 120000.00) 34 191 58 169 0(23221.00, 23221.00)
route 39, node_num 6, cost 1456.994000, nodes: 0(120000.00, 120000.00) 151 96 120 52 0(15929.00, 15929.00)
route 40, node_num 8, cost 1671.250000, nodes: 0(120000.00, 120000.00) 16 91 85 13 198 275(22241.00, 22241.00) 0(625.00, 625.00)
route 41, node_num 8, cost 1768.354000, nodes: 0(120000.00, 120000.00) 3 22 28 199 59 237(12521.00, 18832.00) 0(0.00, 0.00)
route 42, node_num 5, cost 1380.568000, nodes: 0(120000.00, 120000.00) 187 63 17 0(21388.00, 21388.00)
route 43, node_num 7, cost 1599.906000, nodes: 0(120000.00, 120000.00) 146 86 49 8 35 0(5721.00, 5721.00)
route 44, node_num 7, cost 1709.120000, nodes: 0(120000.00, 120000.00) 76 89 106 1 274(32485.00, 34565.00) 0(0.00, 0.00)
route 45, node_num 7, cost 1870.974000, nodes: 0(120000.00, 120000.00) 249(86720.00, 100361.00) 99 33 45 5 0(0.00, 0.00)
route 46, node_num 6, cost 1574.104000, nodes: 0(120000.00, 120000.00) 165 60 39 196 0(7564.00, 7564.00)
route 47, node_num 6, cost 1457.456000, nodes: 0(120000.00, 120000.00) 185 160 62 31 0(15896.00, 15896.00)
vehicle (route) number: 48
Total cost: 76125.24
77439.82, 1801.26
78752.68, 1806.81
79763.95, 1806.35
77935.66, 1800.40
80906.28, 1803.60
77150.22, 1804.62
76125.24, 1803.41
79108.94, 1801.61
78713.87, 1803.27
77215.78, 1800.23
