Details of the solution:
route 0, node_num 6, cost 1653.974000, nodes: 0(120000.00, 120000.00) 273(97835.00, 97835.00) 157 185 71 0(1859.00, 1859.00)
route 1, node_num 7, cost 1428.420000, nodes: 0(120000.00, 120000.00) 228(112837.00, 120000.00) 64 49 39 63 0(25133.00, 25133.00)
route 2, node_num 6, cost 485.912000, nodes: 0(120000.00, 120000.00) 189 12 133 46 0(85292.00, 85292.00)
route 3, node_num 6, cost 731.752000, nodes: 0(120000.00, 120000.00) 57 111 82 42 0(67732.00, 67732.00)
route 4, node_num 6, cost 481.908000, nodes: 0(120000.00, 120000.00) 138 23 70 14 0(85578.00, 85578.00)
route 5, node_num 7, cost 1582.168000, nodes: 0(120000.00, 120000.00) 272(109258.00, 120000.00) 8 54 85 106 0(17730.00, 17730.00)
route 6, node_num 7, cost 1173.480000, nodes: 0(120000.00, 120000.00) 153 93 166 68 122 0(36180.00, 36180.00)
route 7, node_num 7, cost 901.936000, nodes: 0(120000.00, 120000.00) 174 140 119 173 130 0(55576.00, 55576.00)
route 8, node_num 7, cost 1521.478000, nodes: 0(120000.00, 120000.00) 1 89 76 59 275(50173.00, 50173.00) 0(11323.00, 11323.00)
route 9, node_num 8, cost 1943.438000, nodes: 0(120000.00, 120000.00) 229(89163.00, 89163.00) 128 83 29 246(41152.00, 59969.00) 52 0(0.00, 0.00)
route 10, node_num 8, cost 1460.802000, nodes: 0(120000.00, 120000.00) 38 139 6 104 48 275(54507.00, 54507.00) 0(15657.00, 15657.00)
route 11, node_num 7, cost 1585.262000, nodes: 0(120000.00, 120000.00) 180 155 50 55 264(26950.00, 26950.00) 0(6767.00, 6767.00)
route 12, node_num 7, cost 1245.076000, nodes: 0(120000.00, 120000.00) 21 102 4 44 171 0(31066.00, 31066.00)
route 13, node_num 8, cost 1615.236000, nodes: 0(120000.00, 120000.00) 81 160 84 197 80 262(49211.00, 49211.00) 0(4626.00, 4626.00)
route 14, node_num 8, cost 1452.556000, nodes: 0(120000.00, 120000.00) 228(112837.00, 120000.00) 137 121 169 188 86 0(23409.00, 23409.00)
route 15, node_num 8, cost 2018.940000, nodes: 0(120000.00, 120000.00) 273(97835.00, 97835.00) 181 162 241(52918.00, 92918.00) 182 13 0(15790.00, 15790.00)
route 16, node_num 5, cost 1284.458000, nodes: 0(120000.00, 120000.00) 30 172 27 0(28253.00, 28253.00)
route 17, node_num 8, cost 1698.914000, nodes: 0(120000.00, 120000.00) 225(97482.00, 98833.00) 103 90 177 43 200 0(0.00, 0.00)
route 18, node_num 7, cost 1403.430000, nodes: 0(120000.00, 120000.00) 22 146 28 199 219(44505.00, 44505.00) 0(19755.00, 19755.00)
route 19, node_num 5, cost 813.554000, nodes: 0(120000.00, 120000.00) 61 72 156 0(61889.00, 61889.00)
route 20, node_num 5, cost 1442.462000, nodes: 0(120000.00, 120000.00) 11 163 150 0(16967.00, 16967.00)
route 21, node_num 7, cost 1514.828000, nodes: 0(120000.00, 120000.00) 152 141 67 194 292(58097.00, 58097.00) 0(11798.00, 11798.00)
route 22, node_num 7, cost 1768.298000, nodes: 0(120000.00, 120000.00) 79 176 26 33 291(734.00, 7041.00) 0(0.00, 0.00)
route 23, node_num 6, cost 860.594000, nodes: 0(120000.00, 120000.00) 110 178 147 123 0(58529.00, 58529.00)
route 24, node_num 8, cost 2170.602000, nodes: 0(120000.00, 120000.00) 230(107271.00, 107271.00) 113 125 101 158 252(3377.00, 38420.00) 0(0.00, 0.00)
route 25, node_num 6, cost 965.510000, nodes: 0(120000.00, 120000.00) 108 131 3 9 0(51035.00, 51035.00)
route 26, node_num 8, cost 1347.822000, nodes: 0(120000.00, 120000.00) 233(110242.00, 120000.00) 168 95 20 159 35 0(33485.00, 33485.00)
route 27, node_num 7, cost 1577.282000, nodes: 0(120000.00, 120000.00) 232(86549.00, 86549.00) 167 51 66 40 0(7337.00, 7337.00)
route 28, node_num 5, cost 1276.366000, nodes: 0(120000.00, 120000.00) 112 126 47 0(28831.00, 28831.00)
route 29, node_num 7, cost 1160.936000, nodes: 0(120000.00, 120000.00) 191 179 34 165 7 0(37076.00, 37076.00)
route 30, node_num 8, cost 1756.328000, nodes: 0(120000.00, 120000.00) 225(97482.00, 102934.00) 164 149 32 75 94 0(0.00, 0.00)
route 31, node_num 6, cost 869.666000, nodes: 0(120000.00, 120000.00) 109 115 53 187 0(57881.00, 57881.00)
route 32, node_num 7, cost 1675.982000, nodes: 0(120000.00, 120000.00) 230(107271.00, 107271.00) 87 132 143 198 0(287.00, 287.00)
route 33, node_num 8, cost 1608.614000, nodes: 0(120000.00, 120000.00) 154 142 183 73 77 264(25282.00, 25282.00) 0(5099.00, 5099.00)
route 34, node_num 6, cost 1072.750000, nodes: 0(120000.00, 120000.00) 17 196 88 37 0(43375.00, 43375.00)
route 35, node_num 5, cost 1510.740000, nodes: 0(120000.00, 120000.00) 16 96 60 0(12090.00, 12090.00)
route 36, node_num 7, cost 1713.376000, nodes: 0(120000.00, 120000.00) 148 100 118 92 291(4657.00, 7041.00) 0(0.00, 0.00)
route 37, node_num 7, cost 1748.572000, nodes: 0(120000.00, 120000.00) 186 99 5 134 243(11619.00, 16517.00) 0(0.00, 0.00)
route 38, node_num 6, cost 1077.622000, nodes: 0(120000.00, 120000.00) 36 19 192 124 0(43027.00, 43027.00)
route 39, node_num 7, cost 1749.664000, nodes: 0(120000.00, 120000.00) 230(107271.00, 120000.00) 127 129 69 45 0(7753.00, 7753.00)
route 40, node_num 7, cost 1961.708000, nodes: 0(120000.00, 120000.00) 231(83199.00, 103321.00) 145 41 78 114 0(0.00, 0.00)
route 41, node_num 5, cost 1097.600000, nodes: 0(120000.00, 120000.00) 136 58 135 0(41600.00, 41600.00)
route 42, node_num 6, cost 1614.074000, nodes: 0(120000.00, 120000.00) 91 120 15 151 0(4709.00, 4709.00)
route 43, node_num 7, cost 1251.390000, nodes: 0(120000.00, 120000.00) 105 62 10 144 161 0(30615.00, 30615.00)
route 44, node_num 6, cost 966.154000, nodes: 0(120000.00, 120000.00) 195 56 2 65 0(50989.00, 50989.00)
route 45, node_num 6, cost 762.944000, nodes: 0(120000.00, 120000.00) 175 98 25 117 0(65504.00, 65504.00)
route 46, node_num 6, cost 1073.548000, nodes: 0(120000.00, 120000.00) 190 31 74 184 0(43318.00, 43318.00)
route 47, node_num 5, cost 1379.882000, nodes: 0(120000.00, 120000.00) 24 193 170 0(21437.00, 21437.00)
route 48, node_num 7, cost 1538.922000, nodes: 0(120000.00, 120000.00) 212(114641.00, 114641.00) 18 107 97 116 0(10077.00, 10077.00)
vehicle (route) number: 49
Total cost: 81696.93
83791.84, 1801.72
82644.98, 1803.02
86927.70, 1803.23
83618.27, 1800.80
85216.45, 1806.67
88396.40, 1802.46
83183.78, 1800.31
85578.52, 1800.34
81696.93, 1808.06
85084.14, 1800.66
