Details of the solution:
route 0, node_num 6, cost 1440.908000, nodes: 0(120000.00, 120000.00) 221(81946.00, 120000.00) 67 194 122 0(55132.00, 55132.00)
route 1, node_num 7, cost 1001.854000, nodes: 0(120000.00, 120000.00) 64 137 20 95 14 0(48439.00, 48439.00)
route 2, node_num 3, cost 168.826000, nodes: 0(120000.00, 120000.00) 124 0(107941.00, 107941.00)
route 3, node_num 6, cost 1616.958000, nodes: 0(120000.00, 120000.00) 198 143 5 182 0(4503.00, 4503.00)
route 4, node_num 7, cost 1070.902000, nodes: 0(120000.00, 120000.00) 131 35 87 172 75 0(43507.00, 43507.00)
route 5, node_num 6, cost 1261.064000, nodes: 0(120000.00, 120000.00) 126 80 3 9 0(29924.00, 29924.00)
route 6, node_num 5, cost 732.298000, nodes: 0(120000.00, 120000.00) 171 108 153 0(67693.00, 67693.00)
route 7, node_num 7, cost 1076.782000, nodes: 0(120000.00, 120000.00) 6 116 47 127 71 0(43087.00, 43087.00)
route 8, node_num 7, cost 1471.106000, nodes: 0(120000.00, 120000.00) 55 132 15 151 107 0(14921.00, 14921.00)
route 9, node_num 8, cost 1603.602000, nodes: 0(120000.00, 120000.00) 7 22 29 181 77 223(9971.00, 9971.00) 0(5457.00, 5457.00)
route 10, node_num 7, cost 982.338000, nodes: 0(120000.00, 120000.00) 102 31 184 117 111 0(49833.00, 49833.00)
route 11, node_num 5, cost 1230.838000, nodes: 0(120000.00, 120000.00) 52 193 170 0(32083.00, 32083.00)
route 12, node_num 7, cost 1468.586000, nodes: 0(120000.00, 120000.00) 166 167 51 66 223(19615.00, 19615.00) 0(15101.00, 15101.00)
route 13, node_num 7, cost 1617.644000, nodes: 0(120000.00, 120000.00) 221(81946.00, 105946.00) 141 150 11 157 0(28454.00, 28454.00)
route 14, node_num 8, cost 1670.200000, nodes: 0(120000.00, 120000.00) 27 94 33 32 45 261(5186.00, 5186.00) 0(700.00, 700.00)
route 15, node_num 7, cost 1150.716000, nodes: 0(120000.00, 120000.00) 190 161 74 62 10 0(37806.00, 37806.00)
route 16, node_num 5, cost 923.426000, nodes: 0(120000.00, 120000.00) 44 4 81 0(54041.00, 54041.00)
route 17, node_num 4, cost 460.516000, nodes: 0(120000.00, 120000.00) 65 109 0(87106.00, 87106.00)
route 18, node_num 7, cost 1599.150000, nodes: 0(120000.00, 120000.00) 89 91 13 134 105 0(5775.00, 5775.00)
route 19, node_num 6, cost 1176.630000, nodes: 0(120000.00, 120000.00) 135 49 199 76 0(35955.00, 35955.00)
route 20, node_num 7, cost 1086.064000, nodes: 0(120000.00, 120000.00) 21 93 140 156 70 0(42424.00, 42424.00)
route 21, node_num 8, cost 1110.676000, nodes: 0(120000.00, 120000.00) 38 136 56 58 165 34 0(40666.00, 40666.00)
route 22, node_num 7, cost 751.674000, nodes: 0(120000.00, 120000.00) 24 23 82 189 12 0(66309.00, 66309.00)
route 23, node_num 7, cost 1313.802000, nodes: 0(120000.00, 120000.00) 142 40 103 152 192 0(26157.00, 26157.00)
route 24, node_num 5, cost 1320.662000, nodes: 0(120000.00, 120000.00) 119 1 106 0(25667.00, 25667.00)
route 25, node_num 7, cost 843.850000, nodes: 0(120000.00, 120000.00) 57 195 110 115 42 0(59725.00, 59725.00)
route 26, node_num 7, cost 1496.180000, nodes: 0(120000.00, 120000.00) 120 85 186 129 113 0(13130.00, 13130.00)
route 27, node_num 6, cost 865.900000, nodes: 0(120000.00, 120000.00) 139 2 25 98 0(58150.00, 58150.00)
route 28, node_num 8, cost 1604.834000, nodes: 0(120000.00, 120000.00) 101 43 200 155 73 277(25392.00, 25392.00) 0(5369.00, 5369.00)
route 29, node_num 5, cost 699.412000, nodes: 0(120000.00, 120000.00) 147 17 169 0(70042.00, 70042.00)
route 30, node_num 7, cost 1573.586000, nodes: 0(120000.00, 120000.00) 175 8 28 104 54 0(7601.00, 7601.00)
route 31, node_num 8, cost 1761.816000, nodes: 0(120000.00, 120000.00) 207(76524.00, 100524.00) 183 177 92 118 30 0(18156.00, 18156.00)
route 32, node_num 7, cost 1434.454000, nodes: 0(120000.00, 120000.00) 46 168 188 48 59 0(17539.00, 17539.00)
route 33, node_num 7, cost 933.422000, nodes: 0(120000.00, 120000.00) 133 88 39 159 130 0(53327.00, 53327.00)
route 34, node_num 7, cost 982.632000, nodes: 0(120000.00, 120000.00) 174 173 121 72 61 0(49812.00, 49812.00)
route 35, node_num 7, cost 1429.498000, nodes: 0(120000.00, 120000.00) 84 69 185 50 261(22379.00, 22379.00) 0(17893.00, 17893.00)
route 36, node_num 7, cost 1512.392000, nodes: 0(120000.00, 120000.00) 90 158 78 180 223(16486.00, 16486.00) 0(11972.00, 11972.00)
route 37, node_num 6, cost 1282.554000, nodes: 0(120000.00, 120000.00) 16 96 179 97 0(28389.00, 28389.00)
route 38, node_num 7, cost 1717.394000, nodes: 0(120000.00, 120000.00) 146 149 125 83 223(1843.00, 4514.00) 0(0.00, 0.00)
route 39, node_num 7, cost 1265.446000, nodes: 0(120000.00, 120000.00) 178 86 60 112 191 0(29611.00, 29611.00)
route 40, node_num 7, cost 1889.006000, nodes: 0(120000.00, 120000.00) 277(102343.00, 117272.00) 26 162 128 176 0(0.00, 0.00)
route 41, node_num 7, cost 992.166000, nodes: 0(120000.00, 120000.00) 154 19 18 36 138 0(49131.00, 49131.00)
route 42, node_num 7, cost 1701.798000, nodes: 0(120000.00, 120000.00) 100 145 41 148 223(2957.00, 4514.00) 0(0.00, 0.00)
route 43, node_num 8, cost 834.372000, nodes: 0(120000.00, 120000.00) 123 196 63 37 187 53 0(60402.00, 60402.00)
route 44, node_num 7, cost 1442.210000, nodes: 0(120000.00, 120000.00) 68 144 163 114 164 0(16985.00, 16985.00)
route 45, node_num 7, cost 1705.844000, nodes: 0(120000.00, 120000.00) 277(102343.00, 104189.00) 160 99 79 197 0(0.00, 0.00)
vehicle (route) number: 46
Total cost: 71075.99
71075.99, 1800.07
71693.06, 1802.38
72786.44, 1803.02
71301.49, 1800.80
71313.41, 1802.07
71457.94, 1803.82
72560.57, 1800.29
71914.22, 1801.05
72513.12, 1800.40
73039.44, 1800.30
