Details of the solution:
route 0, node_num 5, cost 379.232000, nodes: 0(120000.00, 120000.00) 268 360 277 0(92912.00, 92912.00)
route 1, node_num 6, cost 1520.792000, nodes: 0(120000.00, 120000.00) 204 339 251 95 0(11372.00, 11372.00)
route 2, node_num 7, cost 1535.100000, nodes: 0(120000.00, 120000.00) 303 264 48 159 423(14864.00, 14864.00) 0(10350.00, 10350.00)
route 3, node_num 6, cost 1247.344000, nodes: 0(120000.00, 120000.00) 52 252 211 263 0(30904.00, 30904.00)
route 4, node_num 7, cost 1150.198000, nodes: 0(120000.00, 120000.00) 131 386 337 172 361 0(37843.00, 37843.00)
route 5, node_num 5, cost 929.446000, nodes: 0(120000.00, 120000.00) 328 4 81 0(53611.00, 53611.00)
route 6, node_num 6, cost 954.380000, nodes: 0(120000.00, 120000.00) 267 287 376 122 0(51830.00, 51830.00)
route 7, node_num 7, cost 1674.372000, nodes: 0(120000.00, 120000.00) 146 149 29 176 105 0(402.00, 402.00)
route 8, node_num 5, cost 320.026000, nodes: 0(120000.00, 120000.00) 109 310 216 0(97141.00, 97141.00)
route 9, node_num 6, cost 839.244000, nodes: 0(120000.00, 120000.00) 288 335 108 359 0(60054.00, 60054.00)
route 10, node_num 7, cost 1634.528000, nodes: 0(120000.00, 120000.00) 178 86 28 104 54 0(3248.00, 3248.00)
route 11, node_num 6, cost 1643.572000, nodes: 0(120000.00, 120000.00) 477(102343.00, 102343.00) 26 329 79 0(2602.00, 2602.00)
route 12, node_num 7, cost 1739.836000, nodes: 0(120000.00, 120000.00) 356 316 181 73 477(15749.00, 20023.00) 0(0.00, 0.00)
route 13, node_num 6, cost 1563.674000, nodes: 0(120000.00, 120000.00) 198 143 13 182 0(8309.00, 8309.00)
route 14, node_num 7, cost 1409.604000, nodes: 0(120000.00, 120000.00) 119 305 349 226 256 0(19314.00, 19314.00)
route 15, node_num 7, cost 942.690000, nodes: 0(120000.00, 120000.00) 133 168 137 20 271 0(52665.00, 52665.00)
route 16, node_num 7, cost 532.042000, nodes: 0(120000.00, 120000.00) 338 221 70 212 381 0(81997.00, 81997.00)
route 17, node_num 7, cost 1227.450000, nodes: 0(120000.00, 120000.00) 394 331 273 127 47 0(32325.00, 32325.00)
route 18, node_num 7, cost 1601.684000, nodes: 0(120000.00, 120000.00) 424(78004.00, 120000.00) 350 15 279 34 0(47590.00, 47590.00)
route 19, node_num 8, cost 1693.286000, nodes: 0(120000.00, 120000.00) 477(102343.00, 103292.00) 395 99 233 32 281 0(0.00, 0.00)
route 20, node_num 6, cost 1056.426000, nodes: 0(120000.00, 120000.00) 8 298 58 98 0(44541.00, 44541.00)
route 21, node_num 7, cost 739.900000, nodes: 0(120000.00, 120000.00) 154 142 241 343 306 0(67150.00, 67150.00)
route 22, node_num 8, cost 1712.326000, nodes: 0(120000.00, 120000.00) 421(81946.00, 113946.00) 230 67 194 180 219 0(29691.00, 29691.00)
route 23, node_num 9, cost 1549.198000, nodes: 0(120000.00, 120000.00) 289 293 167 224 51 66 423(13857.00, 13857.00) 0(9343.00, 9343.00)
route 24, node_num 4, cost 222.642000, nodes: 0(120000.00, 120000.00) 249 124 0(104097.00, 104097.00)
route 25, node_num 5, cost 954.170000, nodes: 0(120000.00, 120000.00) 333 210 203 0(51845.00, 51845.00)
route 26, node_num 6, cost 1017.044000, nodes: 0(120000.00, 120000.00) 382 282 353 275 0(47354.00, 47354.00)
route 27, node_num 8, cost 1632.680000, nodes: 0(120000.00, 120000.00) 90 158 78 309 244 403(12495.00, 12495.00) 0(3380.00, 3380.00)
route 28, node_num 6, cost 802.830000, nodes: 0(120000.00, 120000.00) 341 391 25 301 0(62655.00, 62655.00)
route 29, node_num 6, cost 1506.904000, nodes: 0(120000.00, 120000.00) 183 232 74 234 0(12364.00, 12364.00)
route 30, node_num 8, cost 735.000000, nodes: 0(120000.00, 120000.00) 261 290 19 240 36 138 0(67500.00, 67500.00)
route 31, node_num 7, cost 1284.808000, nodes: 0(120000.00, 120000.00) 388 250 332 30 10 0(28228.00, 28228.00)
route 32, node_num 6, cost 1021.104000, nodes: 0(120000.00, 120000.00) 213 225 22 390 0(47064.00, 47064.00)
route 33, node_num 7, cost 1182.496000, nodes: 0(120000.00, 120000.00) 135 400 259 227 53 0(35536.00, 35536.00)
route 34, node_num 7, cost 1619.142000, nodes: 0(120000.00, 120000.00) 477(102343.00, 110343.00) 160 151 265 207 0(12347.00, 12347.00)
route 35, node_num 6, cost 1224.874000, nodes: 0(120000.00, 120000.00) 228 56 60 243 0(32509.00, 32509.00)
route 36, node_num 7, cost 1425.284000, nodes: 0(120000.00, 120000.00) 40 352 144 366 77 0(18194.00, 18194.00)
route 37, node_num 6, cost 1198.036000, nodes: 0(120000.00, 120000.00) 231 112 39 42 0(34426.00, 34426.00)
route 38, node_num 7, cost 1748.936000, nodes: 0(120000.00, 120000.00) 430(107152.00, 112076.00) 368 223 5 236 0(0.00, 0.00)
route 39, node_num 6, cost 1524.320000, nodes: 0(120000.00, 120000.00) 161 33 202 170 0(11120.00, 11120.00)
route 40, node_num 7, cost 1670.620000, nodes: 0(120000.00, 120000.00) 284 177 43 118 75 0(670.00, 670.00)
route 41, node_num 6, cost 946.610000, nodes: 0(120000.00, 120000.00) 139 2 299 35 0(52385.00, 52385.00)
route 42, node_num 6, cost 1257.326000, nodes: 0(120000.00, 120000.00) 38 348 179 97 0(30191.00, 30191.00)
route 43, node_num 6, cost 326.466000, nodes: 0(120000.00, 120000.00) 57 398 311 201 0(96681.00, 96681.00)
route 44, node_num 6, cost 760.074000, nodes: 0(120000.00, 120000.00) 147 351 63 88 0(65709.00, 65709.00)
route 45, node_num 7, cost 436.212000, nodes: 0(120000.00, 120000.00) 347 247 82 189 12 0(88842.00, 88842.00)
route 46, node_num 7, cost 644.364000, nodes: 0(120000.00, 120000.00) 21 93 153 327 286 0(73974.00, 73974.00)
route 47, node_num 7, cost 1090.600000, nodes: 0(120000.00, 120000.00) 171 344 94 62 184 0(42100.00, 42100.00)
route 48, node_num 7, cost 1568.588000, nodes: 0(120000.00, 120000.00) 141 377 155 50 461(12444.00, 12444.00) 0(7958.00, 7958.00)
route 49, node_num 7, cost 1146.726000, nodes: 0(120000.00, 120000.00) 195 239 389 385 71 0(38091.00, 38091.00)
route 50, node_num 7, cost 1433.348000, nodes: 0(120000.00, 120000.00) 302 199 49 392 363 0(17618.00, 17618.00)
route 51, node_num 8, cost 1937.978000, nodes: 0(120000.00, 120000.00) 235 163 162 128 378 477(1596.00, 20023.00) 0(0.00, 0.00)
route 52, node_num 6, cost 1345.806000, nodes: 0(120000.00, 120000.00) 222 372 262 253 0(23871.00, 23871.00)
route 53, node_num 7, cost 1783.222000, nodes: 0(120000.00, 120000.00) 150 322 92 292 403(1742.00, 9115.00) 0(0.00, 0.00)
route 54, node_num 6, cost 1175.286000, nodes: 0(120000.00, 120000.00) 136 6 258 76 0(36051.00, 36051.00)
route 55, node_num 6, cost 1357.664000, nodes: 0(120000.00, 120000.00) 89 91 308 106 0(23024.00, 23024.00)
route 56, node_num 7, cost 973.896000, nodes: 0(120000.00, 120000.00) 44 116 87 380 205 0(50436.00, 50436.00)
route 57, node_num 6, cost 1429.862000, nodes: 0(120000.00, 120000.00) 55 132 96 191 0(17867.00, 17867.00)
route 58, node_num 5, cost 1490.132000, nodes: 0(120000.00, 120000.00) 80 285 197 0(13562.00, 13562.00)
route 59, node_num 6, cost 581.882000, nodes: 0(120000.00, 120000.00) 65 374 117 111 0(78437.00, 78437.00)
route 60, node_num 7, cost 1016.778000, nodes: 0(120000.00, 120000.00) 102 31 304 397 399 0(47373.00, 47373.00)
route 61, node_num 7, cost 1223.628000, nodes: 0(120000.00, 120000.00) 123 246 323 283 370 0(32598.00, 32598.00)
route 62, node_num 6, cost 1447.418000, nodes: 0(120000.00, 120000.00) 193 148 365 315 0(16613.00, 16613.00)
route 63, node_num 7, cost 1361.906000, nodes: 0(120000.00, 120000.00) 126 84 318 185 260 0(22721.00, 22721.00)
route 64, node_num 8, cost 705.978000, nodes: 0(120000.00, 120000.00) 357 23 270 156 72 14 0(69573.00, 69573.00)
route 65, node_num 7, cost 932.274000, nodes: 0(120000.00, 120000.00) 266 387 257 110 115 0(53409.00, 53409.00)
route 66, node_num 6, cost 1025.724000, nodes: 0(120000.00, 120000.00) 175 321 188 364 0(46734.00, 46734.00)
route 67, node_num 7, cost 1159.242000, nodes: 0(120000.00, 120000.00) 173 64 340 121 130 0(37197.00, 37197.00)
route 68, node_num 7, cost 1392.398000, nodes: 0(120000.00, 120000.00) 16 214 373 129 113 0(20543.00, 20543.00)
route 69, node_num 8, cost 1693.328000, nodes: 0(120000.00, 120000.00) 100 330 41 209 83 423(3562.00, 4514.00) 0(0.00, 0.00)
route 70, node_num 6, cost 632.758000, nodes: 0(120000.00, 120000.00) 174 297 354 61 0(74803.00, 74803.00)
route 71, node_num 4, cost 684.922000, nodes: 0(120000.00, 120000.00) 3 9 0(71077.00, 71077.00)
route 72, node_num 6, cost 424.606000, nodes: 0(120000.00, 120000.00) 24 295 314 324 0(89671.00, 89671.00)
route 73, node_num 6, cost 885.066000, nodes: 0(120000.00, 120000.00) 218 313 317 346 0(56781.00, 56781.00)
route 74, node_num 6, cost 1301.972000, nodes: 0(120000.00, 120000.00) 362 69 269 278 0(27002.00, 27002.00)
route 75, node_num 7, cost 633.598000, nodes: 0(120000.00, 120000.00) 7 217 384 336 300 0(74743.00, 74743.00)
route 76, node_num 7, cost 1548.918000, nodes: 0(120000.00, 120000.00) 120 85 186 369 107 0(9363.00, 9363.00)
route 77, node_num 6, cost 527.870000, nodes: 0(120000.00, 120000.00) 326 140 206 342 0(82295.00, 82295.00)
route 78, node_num 6, cost 1290.996000, nodes: 0(120000.00, 120000.00) 393 274 200 157 0(27786.00, 27786.00)
route 79, node_num 5, cost 940.632000, nodes: 0(120000.00, 120000.00) 27 272 379 0(52812.00, 52812.00)
route 80, node_num 8, cost 1689.464000, nodes: 0(120000.00, 120000.00) 101 238 145 291 125 423(3838.00, 4514.00) 0(0.00, 0.00)
route 81, node_num 6, cost 1518.006000, nodes: 0(120000.00, 120000.00) 166 220 18 254 0(11571.00, 11571.00)
route 82, node_num 8, cost 1526.308000, nodes: 0(120000.00, 120000.00) 421(81946.00, 113946.00) 245 334 11 152 307 0(42978.00, 42978.00)
route 83, node_num 7, cost 1590.876000, nodes: 0(120000.00, 120000.00) 424(78004.00, 120000.00) 229 276 134 165 0(48362.00, 48362.00)
route 84, node_num 7, cost 1725.976000, nodes: 0(120000.00, 120000.00) 430(107152.00, 120000.00) 355 215 45 248 0(9564.00, 9564.00)
route 85, node_num 5, cost 855.498000, nodes: 0(120000.00, 120000.00) 196 17 169 0(58893.00, 58893.00)
route 86, node_num 5, cost 1226.820000, nodes: 0(120000.00, 120000.00) 367 242 114 0(32370.00, 32370.00)
route 87, node_num 7, cost 1560.006000, nodes: 0(120000.00, 120000.00) 383 1 325 208 59 0(8571.00, 8571.00)
route 88, node_num 6, cost 1229.718000, nodes: 0(120000.00, 120000.00) 68 396 103 192 0(32163.00, 32163.00)
route 89, node_num 7, cost 1461.712000, nodes: 0(120000.00, 120000.00) 294 358 319 371 164 0(15592.00, 15592.00)
route 90, node_num 7, cost 732.956000, nodes: 0(120000.00, 120000.00) 280 46 37 187 375 0(67646.00, 67646.00)
route 91, node_num 7, cost 941.654000, nodes: 0(120000.00, 120000.00) 255 190 345 237 320 0(52739.00, 52739.00)
route 92, node_num 4, cost 652.946000, nodes: 0(120000.00, 120000.00) 296 312 0(73361.00, 73361.00)
vehicle (route) number: 93
Total cost: 137495.23
142680.07, 5410.34
137495.23, 5408.25
144000.23, 5400.99
140841.17, 5405.97
141467.72, 5404.77
139055.29, 5400.58
141204.14, 5405.71
138520.94, 5400.10
144463.43, 5403.66
142698.42, 5402.70
