Details of the solution:
route 0, node_num 8, cost 1842.988000, nodes: 0(120000.00, 120000.00) 166 245 141 53 490(43633.00, 55275.00) 308 0(0.00, 0.00)
route 1, node_num 8, cost 1692.418000, nodes: 0(120000.00, 120000.00) 363 156 99 112 484(42392.00, 43279.00) 143 0(0.00, 0.00)
route 2, node_num 4, cost 490.560000, nodes: 0(120000.00, 120000.00) 315 272 0(84960.00, 84960.00)
route 3, node_num 7, cost 435.274000, nodes: 0(120000.00, 120000.00) 76 46 235 111 226 0(88909.00, 88909.00)
route 4, node_num 8, cost 1869.532000, nodes: 0(120000.00, 120000.00) 244 110 105 6 107 468(15699.00, 29237.00) 0(0.00, 0.00)
route 5, node_num 7, cost 1574.048000, nodes: 0(120000.00, 120000.00) 361 88 129 358 252 0(7568.00, 7568.00)
route 6, node_num 7, cost 1597.106000, nodes: 0(120000.00, 120000.00) 71 339 125 85 354 0(5921.00, 5921.00)
route 7, node_num 7, cost 1031.926000, nodes: 0(120000.00, 120000.00) 289 365 353 221 20 0(46291.00, 46291.00)
route 8, node_num 5, cost 1325.352000, nodes: 0(120000.00, 120000.00) 346 316 359 0(25332.00, 25332.00)
route 9, node_num 6, cost 491.344000, nodes: 0(120000.00, 120000.00) 263 44 317 195 0(84904.00, 84904.00)
route 10, node_num 6, cost 688.730000, nodes: 0(120000.00, 120000.00) 270 199 74 106 0(70805.00, 70805.00)
route 11, node_num 7, cost 1534.218000, nodes: 0(120000.00, 120000.00) 10 377 387 66 323 0(10413.00, 10413.00)
route 12, node_num 6, cost 905.590000, nodes: 0(120000.00, 120000.00) 187 196 330 318 0(55315.00, 55315.00)
route 13, node_num 6, cost 647.948000, nodes: 0(120000.00, 120000.00) 222 279 287 395 0(73718.00, 73718.00)
route 14, node_num 8, cost 1264.928000, nodes: 0(120000.00, 120000.00) 356 335 286 178 198 154 0(29648.00, 29648.00)
route 15, node_num 7, cost 1660.694000, nodes: 0(120000.00, 120000.00) 70 138 8 144 72 0(1379.00, 1379.00)
route 16, node_num 7, cost 956.480000, nodes: 0(120000.00, 120000.00) 89 208 248 121 246 0(51680.00, 51680.00)
route 17, node_num 5, cost 559.524000, nodes: 0(120000.00, 120000.00) 132 94 11 0(80034.00, 80034.00)
route 18, node_num 6, cost 894.446000, nodes: 0(120000.00, 120000.00) 201 41 191 188 0(56111.00, 56111.00)
route 19, node_num 6, cost 746.018000, nodes: 0(120000.00, 120000.00) 167 40 62 293 0(66713.00, 66713.00)
route 20, node_num 8, cost 1153.544000, nodes: 0(120000.00, 120000.00) 192 15 27 324 164 50 0(37604.00, 37604.00)
route 21, node_num 7, cost 814.758000, nodes: 0(120000.00, 120000.00) 173 399 184 169 382 0(61803.00, 61803.00)
route 22, node_num 6, cost 922.404000, nodes: 0(120000.00, 120000.00) 249 190 163 299 0(54114.00, 54114.00)
route 23, node_num 6, cost 775.894000, nodes: 0(120000.00, 120000.00) 83 131 93 220 0(64579.00, 64579.00)
route 24, node_num 7, cost 776.440000, nodes: 0(120000.00, 120000.00) 230 283 21 256 238 0(64540.00, 64540.00)
route 25, node_num 8, cost 1324.736000, nodes: 0(120000.00, 120000.00) 400 360 243 82 126 205 0(25376.00, 25376.00)
route 26, node_num 8, cost 929.082000, nodes: 0(120000.00, 120000.00) 376 397 69 223 22 374 0(53637.00, 53637.00)
route 27, node_num 8, cost 1060.654000, nodes: 0(120000.00, 120000.00) 250 350 345 59 65 340 0(44239.00, 44239.00)
route 28, node_num 7, cost 1419.068000, nodes: 0(120000.00, 120000.00) 368 303 370 206 137 0(18638.00, 18638.00)
route 29, node_num 7, cost 1034.362000, nodes: 0(120000.00, 120000.00) 278 210 328 268 4 0(46117.00, 46117.00)
route 30, node_num 6, cost 1423.072000, nodes: 0(120000.00, 120000.00) 271 247 334 297 0(18352.00, 18352.00)
route 31, node_num 6, cost 276.206000, nodes: 0(120000.00, 120000.00) 321 344 179 325 0(100271.00, 100271.00)
route 32, node_num 6, cost 1088.836000, nodes: 0(120000.00, 120000.00) 231 38 313 171 0(42226.00, 42226.00)
route 33, node_num 5, cost 1366.946000, nodes: 0(120000.00, 120000.00) 259 266 18 0(22361.00, 22361.00)
route 34, node_num 7, cost 1363.950000, nodes: 0(120000.00, 120000.00) 135 236 5 48 267 0(22575.00, 22575.00)
route 35, node_num 6, cost 786.940000, nodes: 0(120000.00, 120000.00) 57 298 122 39 0(63790.00, 63790.00)
route 36, node_num 7, cost 1323.420000, nodes: 0(120000.00, 120000.00) 31 152 227 348 228 0(25470.00, 25470.00)
route 37, node_num 7, cost 1572.550000, nodes: 0(120000.00, 120000.00) 261 128 29 73 207 0(7675.00, 7675.00)
route 38, node_num 8, cost 1318.156000, nodes: 0(120000.00, 120000.00) 320 394 43 145 253 352 0(25846.00, 25846.00)
route 39, node_num 6, cost 716.702000, nodes: 0(120000.00, 120000.00) 310 291 52 396 0(68807.00, 68807.00)
route 40, node_num 8, cost 900.634000, nodes: 0(120000.00, 120000.00) 373 146 182 115 232 80 0(55669.00, 55669.00)
route 41, node_num 8, cost 938.294000, nodes: 0(120000.00, 120000.00) 390 337 148 301 343 215 0(52979.00, 52979.00)
route 42, node_num 7, cost 731.528000, nodes: 0(120000.00, 120000.00) 86 34 209 136 37 0(67748.00, 67748.00)
route 43, node_num 7, cost 1135.400000, nodes: 0(120000.00, 120000.00) 311 19 379 186 338 0(38900.00, 38900.00)
route 44, node_num 8, cost 1687.882000, nodes: 0(120000.00, 120000.00) 403(78350.00, 78913.00) 142 392 393 100 203 0(0.00, 0.00)
route 45, node_num 5, cost 763.420000, nodes: 0(120000.00, 120000.00) 75 139 305 0(65470.00, 65470.00)
route 46, node_num 7, cost 1522.990000, nodes: 0(120000.00, 120000.00) 185 104 194 202 60 0(11215.00, 11215.00)
route 47, node_num 8, cost 609.406000, nodes: 0(120000.00, 120000.00) 265 372 242 333 47 32 0(76471.00, 76471.00)
route 48, node_num 7, cost 1653.288000, nodes: 0(120000.00, 120000.00) 140 260 183 269 161 0(1908.00, 1908.00)
route 49, node_num 7, cost 580.104000, nodes: 0(120000.00, 120000.00) 391 355 312 211 349 0(78564.00, 78564.00)
route 50, node_num 7, cost 1021.076000, nodes: 0(120000.00, 120000.00) 212 101 12 119 36 0(47066.00, 47066.00)
route 51, node_num 6, cost 1227.786000, nodes: 0(120000.00, 120000.00) 380 300 277 162 0(32301.00, 32301.00)
route 52, node_num 7, cost 1400.784000, nodes: 0(120000.00, 120000.00) 383 273 165 123 67 0(19944.00, 19944.00)
route 53, node_num 8, cost 1308.706000, nodes: 0(120000.00, 120000.00) 174 45 224 64 13 381 0(26521.00, 26521.00)
route 54, node_num 6, cost 952.252000, nodes: 0(120000.00, 120000.00) 157 17 170 331 0(51982.00, 51982.00)
route 55, node_num 6, cost 1034.936000, nodes: 0(120000.00, 120000.00) 189 375 292 130 0(46076.00, 46076.00)
route 56, node_num 7, cost 1314.068000, nodes: 0(120000.00, 120000.00) 304 102 103 30 193 0(26138.00, 26138.00)
route 57, node_num 6, cost 1240.876000, nodes: 0(120000.00, 120000.00) 98 56 42 288 0(31366.00, 31366.00)
route 58, node_num 5, cost 826.126000, nodes: 0(120000.00, 120000.00) 322 342 216 0(60991.00, 60991.00)
route 59, node_num 5, cost 712.208000, nodes: 0(120000.00, 120000.00) 366 35 254 0(69128.00, 69128.00)
route 60, node_num 7, cost 1338.036000, nodes: 0(120000.00, 120000.00) 153 307 55 218 367 0(24426.00, 24426.00)
route 61, node_num 5, cost 677.194000, nodes: 0(120000.00, 120000.00) 158 314 180 0(71629.00, 71629.00)
route 62, node_num 8, cost 1309.098000, nodes: 0(120000.00, 120000.00) 285 251 237 16 290 54 0(26493.00, 26493.00)
route 63, node_num 5, cost 897.582000, nodes: 0(120000.00, 120000.00) 150 87 197 0(55887.00, 55887.00)
route 64, node_num 6, cost 800.814000, nodes: 0(120000.00, 120000.00) 326 90 217 147 0(62799.00, 62799.00)
route 65, node_num 8, cost 1085.826000, nodes: 0(120000.00, 120000.00) 255 176 347 68 7 181 0(42441.00, 42441.00)
route 66, node_num 7, cost 1613.794000, nodes: 0(120000.00, 120000.00) 9 58 61 151 398 0(4729.00, 4729.00)
route 67, node_num 6, cost 634.830000, nodes: 0(120000.00, 120000.00) 389 388 134 2 0(74655.00, 74655.00)
route 68, node_num 8, cost 1687.042000, nodes: 0(120000.00, 120000.00) 3 200 113 114 109 434(27812.00, 28315.00) 0(0.00, 0.00)
route 69, node_num 7, cost 1524.502000, nodes: 0(120000.00, 120000.00) 79 117 97 116 219 0(11107.00, 11107.00)
route 70, node_num 6, cost 1127.182000, nodes: 0(120000.00, 120000.00) 77 84 274 341 0(39487.00, 39487.00)
route 71, node_num 8, cost 904.610000, nodes: 0(120000.00, 120000.00) 280 284 386 26 95 91 0(55385.00, 55385.00)
route 72, node_num 8, cost 1015.056000, nodes: 0(120000.00, 120000.00) 233 262 25 276 118 336 0(47496.00, 47496.00)
route 73, node_num 8, cost 863.254000, nodes: 0(120000.00, 120000.00) 229 204 362 175 234 329 0(58339.00, 58339.00)
route 74, node_num 8, cost 1668.856000, nodes: 0(120000.00, 120000.00) 351 1 319 28 172 425(24923.00, 24923.00) 0(796.00, 796.00)
route 75, node_num 7, cost 1503.068000, nodes: 0(120000.00, 120000.00) 51 92 264 385 371 0(12638.00, 12638.00)
route 76, node_num 7, cost 1335.852000, nodes: 0(120000.00, 120000.00) 225 108 275 155 168 0(24582.00, 24582.00)
route 77, node_num 9, cost 1825.656000, nodes: 0(120000.00, 120000.00) 378 240 213 302 281 177 468(18833.00, 29237.00) 0(0.00, 0.00)
route 78, node_num 7, cost 849.800000, nodes: 0(120000.00, 120000.00) 214 160 96 239 124 0(59300.00, 59300.00)
route 79, node_num 6, cost 835.100000, nodes: 0(120000.00, 120000.00) 81 327 258 282 0(60350.00, 60350.00)
route 80, node_num 7, cost 1310.750000, nodes: 0(120000.00, 120000.00) 306 364 296 78 241 0(26375.00, 26375.00)
route 81, node_num 7, cost 877.212000, nodes: 0(120000.00, 120000.00) 357 120 33 133 369 0(57342.00, 57342.00)
route 82, node_num 7, cost 1389.556000, nodes: 0(120000.00, 120000.00) 127 309 332 24 294 0(20746.00, 20746.00)
route 83, node_num 7, cost 1628.116000, nodes: 0(120000.00, 120000.00) 14 159 23 49 384 0(3706.00, 3706.00)
route 84, node_num 6, cost 1466.780000, nodes: 0(120000.00, 120000.00) 257 149 63 295 0(15230.00, 15230.00)
vehicle (route) number: 85
Total cost: 120888.17
123283.94, 5407.34
123827.59, 5409.02
121387.56, 5420.99
121889.06, 5403.61
120888.17, 5402.82
123148.90, 5403.96
122701.53, 5400.21
122067.63, 5402.89
126317.31, 5400.16
123399.24, 5406.24
