Details of the solution:
route 0, node_num 8, cost 1911.518000, nodes: 0(120000.00, 120000.00) 626(87936.00, 104473.00) 415 181 519 562 483 0(0.00, 0.00)
route 1, node_num 5, cost 604.380000, nodes: 0(120000.00, 120000.00) 142 296 312 0(76830.00, 76830.00)
route 2, node_num 6, cost 1250.270000, nodes: 0(120000.00, 120000.00) 303 89 485 347 0(30695.00, 30695.00)
route 3, node_num 7, cost 848.652000, nodes: 0(120000.00, 120000.00) 249 261 467 290 124 0(59382.00, 59382.00)
route 4, node_num 10, cost 1800.526000, nodes: 0(120000.00, 120000.00) 138 111 12 586 631(76792.00, 76792.00) 526 209 605(45295.00, 53904.00) 0(0.00, 0.00)
route 5, node_num 8, cost 1515.850000, nodes: 0(120000.00, 120000.00) 675(81210.00, 109210.00) 449 91 151 15 214 0(39725.00, 39725.00)
route 6, node_num 8, cost 1897.336000, nodes: 0(120000.00, 120000.00) 502 128 355 45 236 643(993.00, 16517.00) 0(0.00, 0.00)
route 7, node_num 6, cost 389.144000, nodes: 0(120000.00, 120000.00) 569 23 357 458 0(92204.00, 92204.00)
route 8, node_num 6, cost 1356.726000, nodes: 0(120000.00, 120000.00) 505 494 54 435 0(23091.00, 23091.00)
route 9, node_num 8, cost 1368.766000, nodes: 0(120000.00, 120000.00) 168 559 593 227 173 130 0(22231.00, 22231.00)
route 10, node_num 7, cost 1015.084000, nodes: 0(120000.00, 120000.00) 548 127 87 503 551 0(47494.00, 47494.00)
route 11, node_num 7, cost 684.502000, nodes: 0(120000.00, 120000.00) 189 280 46 37 187 0(71107.00, 71107.00)
route 12, node_num 8, cost 545.076000, nodes: 0(120000.00, 120000.00) 247 568 135 123 336 7 0(81066.00, 81066.00)
route 13, node_num 7, cost 548.520000, nodes: 0(120000.00, 120000.00) 342 314 295 324 354 0(80820.00, 80820.00)
route 14, node_num 6, cost 600.138000, nodes: 0(120000.00, 120000.00) 579 61 381 509 0(77133.00, 77133.00)
route 15, node_num 8, cost 671.216000, nodes: 0(120000.00, 120000.00) 338 133 140 512 70 445 0(72056.00, 72056.00)
route 16, node_num 5, cost 358.232000, nodes: 0(120000.00, 120000.00) 462 241 451 0(94412.00, 94412.00)
route 17, node_num 5, cost 274.876000, nodes: 0(120000.00, 120000.00) 311 57 398 0(100366.00, 100366.00)
route 18, node_num 8, cost 1474.088000, nodes: 0(120000.00, 120000.00) 585 208 325 104 48 675(53558.00, 53558.00) 0(14708.00, 14708.00)
route 19, node_num 7, cost 1288.168000, nodes: 0(120000.00, 120000.00) 561 557 436 507 352 0(27988.00, 27988.00)
route 20, node_num 6, cost 1003.996000, nodes: 0(120000.00, 120000.00) 152 40 446 122 0(48286.00, 48286.00)
route 21, node_num 6, cost 719.572000, nodes: 0(120000.00, 120000.00) 508 136 98 374 0(68602.00, 68602.00)
route 22, node_num 7, cost 893.312000, nodes: 0(120000.00, 120000.00) 38 328 379 3 473 0(56192.00, 56192.00)
route 23, node_num 8, cost 1807.946000, nodes: 0(120000.00, 120000.00) 631(83199.00, 92338.00) 520 145 101 250 479 0(0.00, 0.00)
route 24, node_num 6, cost 917.798000, nodes: 0(120000.00, 120000.00) 307 166 192 531 0(54443.00, 54443.00)
route 25, node_num 7, cost 1418.732000, nodes: 0(120000.00, 120000.00) 103 90 377 73 524 0(18662.00, 18662.00)
route 26, node_num 6, cost 1323.014000, nodes: 0(120000.00, 120000.00) 226 120 96 514 0(25499.00, 25499.00)
route 27, node_num 7, cost 1859.396000, nodes: 0(120000.00, 120000.00) 625(97482.00, 110296.00) 444 125 329 369 0(0.00, 0.00)
route 28, node_num 7, cost 1097.516000, nodes: 0(120000.00, 120000.00) 549 396 319 68 486 0(41606.00, 41606.00)
route 29, node_num 8, cost 905.142000, nodes: 0(120000.00, 120000.00) 153 563 93 472 457 171 0(55347.00, 55347.00)
route 30, node_num 7, cost 1880.480000, nodes: 0(120000.00, 120000.00) 673(97835.00, 112155.00) 536 162 402 399 0(0.00, 0.00)
route 31, node_num 8, cost 1610.924000, nodes: 0(120000.00, 120000.00) 229 350 425 400 86 619(29684.00, 29684.00) 0(4934.00, 4934.00)
route 32, node_num 8, cost 1783.628000, nodes: 0(120000.00, 120000.00) 83 378 474 588 239 643(9115.00, 16517.00) 0(0.00, 0.00)
route 33, node_num 7, cost 1647.954000, nodes: 0(120000.00, 120000.00) 599 177 582 428 652(40709.00, 40709.00) 0(2289.00, 2289.00)
route 34, node_num 8, cost 1129.408000, nodes: 0(120000.00, 120000.00) 154 19 335 288 382 77 0(39328.00, 39328.00)
route 35, node_num 6, cost 703.640000, nodes: 0(120000.00, 120000.00) 131 205 266 65 0(69740.00, 69740.00)
route 36, node_num 7, cost 1337.630000, nodes: 0(120000.00, 120000.00) 518 340 529 263 253 0(24455.00, 24455.00)
route 37, node_num 7, cost 969.738000, nodes: 0(120000.00, 120000.00) 501 313 6 299 410 0(50733.00, 50733.00)
route 38, node_num 6, cost 806.106000, nodes: 0(120000.00, 120000.00) 109 541 417 596 0(62421.00, 62421.00)
route 39, node_num 7, cost 1076.978000, nodes: 0(120000.00, 120000.00) 423 164 388 74 184 0(43073.00, 43073.00)
route 40, node_num 5, cost 700.518000, nodes: 0(120000.00, 120000.00) 254 18 315 0(69963.00, 69963.00)
route 41, node_num 7, cost 1561.434000, nodes: 0(120000.00, 120000.00) 487 539 199 59 675(47319.00, 47319.00) 0(8469.00, 8469.00)
route 42, node_num 7, cost 1093.764000, nodes: 0(120000.00, 120000.00) 191 112 34 165 387 0(41874.00, 41874.00)
route 43, node_num 6, cost 993.104000, nodes: 0(120000.00, 120000.00) 110 56 210 333 0(49064.00, 49064.00)
route 44, node_num 7, cost 1553.804000, nodes: 0(120000.00, 120000.00) 148 100 365 144 660(31733.00, 31733.00) 0(9014.00, 9014.00)
route 45, node_num 6, cost 1139.264000, nodes: 0(120000.00, 120000.00) 137 20 121 405 0(38624.00, 38624.00)
route 46, node_num 8, cost 1372.700000, nodes: 0(120000.00, 120000.00) 506 284 232 183 407 454 0(21950.00, 21950.00)
route 47, node_num 8, cost 1842.022000, nodes: 0(120000.00, 120000.00) 630(107271.00, 118844.00) 456 460 223 198 13 0(0.00, 0.00)
route 48, node_num 7, cost 991.662000, nodes: 0(120000.00, 120000.00) 453 190 345 161 320 0(49167.00, 49167.00)
route 49, node_num 9, cost 1709.540000, nodes: 0(120000.00, 120000.00) 630(107271.00, 107271.00) 17 362 92 589 269 691(4931.00, 7041.00) 0(0.00, 0.00)
route 50, node_num 7, cost 672.868000, nodes: 0(120000.00, 120000.00) 306 532 419 544 455 0(71938.00, 71938.00)
route 51, node_num 9, cost 1579.466000, nodes: 0(120000.00, 120000.00) 635(84119.00, 84119.00) 180 334 600 141 67 477 0(7181.00, 7181.00)
route 52, node_num 6, cost 1058.988000, nodes: 0(120000.00, 120000.00) 353 366 409 421 0(44358.00, 44358.00)
route 53, node_num 7, cost 902.832000, nodes: 0(120000.00, 120000.00) 359 25 234 558 9 0(55512.00, 55512.00)
route 54, node_num 7, cost 1418.032000, nodes: 0(120000.00, 120000.00) 430 318 84 594 71 0(18712.00, 18712.00)
route 55, node_num 7, cost 1833.048000, nodes: 0(120000.00, 120000.00) 368 26 291 281 643(5585.00, 16517.00) 0(0.00, 0.00)
route 56, node_num 7, cost 1028.286000, nodes: 0(120000.00, 120000.00) 484 565 4 414 360 0(46551.00, 46551.00)
route 57, node_num 10, cost 1578.290000, nodes: 0(120000.00, 120000.00) 604(114583.00, 114583.00) 577 533 114 576 571 194 692(53564.00, 53564.00) 0(7265.00, 7265.00)
route 58, node_num 7, cost 1428.826000, nodes: 0(120000.00, 120000.00) 167 224 470 293 358 0(17941.00, 17941.00)
route 59, node_num 6, cost 1014.580000, nodes: 0(120000.00, 120000.00) 108 367 580 482 0(47530.00, 47530.00)
route 60, node_num 7, cost 1152.634000, nodes: 0(120000.00, 120000.00) 595 105 62 397 534 0(37669.00, 37669.00)
route 61, node_num 8, cost 748.916000, nodes: 0(120000.00, 120000.00) 277 175 341 147 384 221 0(66506.00, 66506.00)
route 62, node_num 7, cost 1532.454000, nodes: 0(120000.00, 120000.00) 673(97835.00, 105835.00) 433 553 27 346 0(18539.00, 18539.00)
route 63, node_num 6, cost 1073.548000, nodes: 0(120000.00, 120000.00) 237 31 304 448 0(43318.00, 43318.00)
route 64, node_num 6, cost 1412.572000, nodes: 0(120000.00, 120000.00) 498 155 461 274 0(19102.00, 19102.00)
route 65, node_num 7, cost 1307.754000, nodes: 0(120000.00, 120000.00) 81 129 69 97 35 0(26589.00, 26589.00)
route 66, node_num 6, cost 339.948000, nodes: 0(120000.00, 120000.00) 540 212 566 14 0(95718.00, 95718.00)
route 67, node_num 6, cost 1049.342000, nodes: 0(120000.00, 120000.00) 211 522 581 575 0(45047.00, 45047.00)
route 68, node_num 8, cost 1631.210000, nodes: 0(120000.00, 120000.00) 36 664(87388.00, 87388.00) 567 172 332 592 0(3485.00, 3485.00)
route 69, node_num 8, cost 1789.480000, nodes: 0(120000.00, 120000.00) 630(107271.00, 120000.00) 195 471 146 517 265 0(4909.00, 4909.00)
route 70, node_num 7, cost 1169.000000, nodes: 0(120000.00, 120000.00) 493 58 243 60 530 0(36500.00, 36500.00)
route 71, node_num 5, cost 464.828000, nodes: 0(120000.00, 120000.00) 82 441 310 0(86798.00, 86798.00)
route 72, node_num 5, cost 402.136000, nodes: 0(120000.00, 120000.00) 343 521 201 0(91276.00, 91276.00)
route 73, node_num 7, cost 938.574000, nodes: 0(120000.00, 120000.00) 390 22 188 364 500 0(52959.00, 52959.00)
route 74, node_num 8, cost 1592.472000, nodes: 0(120000.00, 120000.00) 420 78 322 463 158 613(15988.00, 15988.00) 0(6252.00, 6252.00)
route 75, node_num 8, cost 1344.994000, nodes: 0(120000.00, 120000.00) 228 394 231 511 432 52 0(23929.00, 23929.00)
route 76, node_num 9, cost 1471.064000, nodes: 0(120000.00, 120000.00) 632(86549.00, 86549.00) 513 230 245 492 523 376 0(14924.00, 14924.00)
route 77, node_num 8, cost 1044.918000, nodes: 0(120000.00, 120000.00) 301 213 416 169 203 217 0(45363.00, 45363.00)
route 78, node_num 8, cost 1727.390000, nodes: 0(120000.00, 120000.00) 630(107271.00, 110656.00) 556 16 598 476 215 0(0.00, 0.00)
route 79, node_num 6, cost 1252.230000, nodes: 0(120000.00, 120000.00) 317 504 401 207 0(30555.00, 30555.00)
route 80, node_num 8, cost 1771.952000, nodes: 0(120000.00, 120000.00) 431 176 29 525 33 691(473.00, 7041.00) 0(0.00, 0.00)
route 81, node_num 7, cost 1377.824000, nodes: 0(120000.00, 120000.00) 404 113 10 447 117 0(21584.00, 21584.00)
route 82, node_num 8, cost 935.396000, nodes: 0(120000.00, 120000.00) 475 246 434 39 63 271 0(53186.00, 53186.00)
route 83, node_num 9, cost 1753.626000, nodes: 0(120000.00, 120000.00) 675(81210.00, 81210.00) 439 276 528 85 372 643(11258.00, 16517.00) 0(0.00, 0.00)
route 84, node_num 7, cost 1810.858000, nodes: 0(120000.00, 120000.00) 442 143 590 279 643(7170.00, 16517.00) 0(0.00, 0.00)
route 85, node_num 7, cost 1569.092000, nodes: 0(120000.00, 120000.00) 630(107271.00, 120000.00) 516 497 134 182 0(20651.00, 20651.00)
route 86, node_num 7, cost 1075.564000, nodes: 0(120000.00, 120000.00) 344 578 272 380 391 0(43174.00, 43174.00)
route 87, node_num 6, cost 717.500000, nodes: 0(120000.00, 120000.00) 326 538 459 488 0(68750.00, 68750.00)
route 88, node_num 9, cost 1681.568000, nodes: 0(120000.00, 120000.00) 675(81210.00, 81210.00) 1 107 546 5 408 666(44843.00, 44955.00) 0(0.00, 0.00)
route 89, node_num 7, cost 1119.076000, nodes: 0(120000.00, 120000.00) 547 371 50 406 55 0(40066.00, 40066.00)
route 90, node_num 6, cost 1146.838000, nodes: 0(120000.00, 120000.00) 257 225 515 115 0(38083.00, 38083.00)
route 91, node_num 8, cost 1713.376000, nodes: 0(120000.00, 120000.00) 233 149 32 466 80 662(42201.00, 44585.00) 0(0.00, 0.00)
route 92, node_num 8, cost 1602.244000, nodes: 0(120000.00, 120000.00) 625(97482.00, 101482.00) 11 564 242 75 94 0(9554.00, 9554.00)
route 93, node_num 6, cost 952.504000, nodes: 0(120000.00, 120000.00) 21 282 481 216 0(51964.00, 51964.00)
route 94, node_num 4, cost 42.812000, nodes: 0(120000.00, 120000.00) 327 286 0(116942.00, 116942.00)
route 95, node_num 7, cost 955.542000, nodes: 0(120000.00, 120000.00) 464 321 256 422 268 0(51747.00, 51747.00)
route 96, node_num 8, cost 1555.078000, nodes: 0(120000.00, 120000.00) 604(114583.00, 114583.00) 437 424 309 440 584 0(8923.00, 8923.00)
route 97, node_num 8, cost 1720.670000, nodes: 0(120000.00, 120000.00) 429 591 76 383 363 619(21845.00, 24750.00) 0(0.00, 0.00)
route 98, node_num 8, cost 1545.446000, nodes: 0(120000.00, 120000.00) 294 289 66 622(52226.00, 52226.00) 220 597 0(9611.00, 9611.00)
route 99, node_num 5, cost 1615.572000, nodes: 0(120000.00, 120000.00) 79 418 150 0(4602.00, 4602.00)
route 100, node_num 6, cost 793.828000, nodes: 0(120000.00, 120000.00) 300 403 351 443 0(63298.00, 63298.00)
route 101, node_num 7, cost 1677.648000, nodes: 0(120000.00, 120000.00) 186 132 264 308 106 0(168.00, 168.00)
route 102, node_num 8, cost 1653.512000, nodes: 0(120000.00, 120000.00) 625(97482.00, 101482.00) 537 24 238 244 200 0(5892.00, 5892.00)
route 103, node_num 6, cost 900.102000, nodes: 0(120000.00, 120000.00) 44 139 2 361 0(55707.00, 55707.00)
route 104, node_num 7, cost 1657.642000, nodes: 0(120000.00, 120000.00) 535 260 316 356 605(55501.00, 55501.00) 0(1597.00, 1597.00)
route 105, node_num 8, cost 1498.308000, nodes: 0(120000.00, 120000.00) 468 490 550 395 373 252 0(12978.00, 12978.00)
route 106, node_num 8, cost 902.342000, nodes: 0(120000.00, 120000.00) 206 174 72 156 270 297 0(55547.00, 55547.00)
route 107, node_num 8, cost 1443.904000, nodes: 0(120000.00, 120000.00) 545 574 552 370 283 619(41614.00, 41614.00) 0(16864.00, 16864.00)
route 108, node_num 8, cost 1837.598000, nodes: 0(120000.00, 120000.00) 674(83303.00, 94560.00) 527 273 452 543 258 0(0.00, 0.00)
route 109, node_num 8, cost 1530.438000, nodes: 0(120000.00, 120000.00) 632(86549.00, 120000.00) 480 51 412 478 219 0(44134.00, 44134.00)
route 110, node_num 6, cost 1523.578000, nodes: 0(120000.00, 120000.00) 348 99 426 555 0(11173.00, 11173.00)
route 111, node_num 7, cost 1379.126000, nodes: 0(120000.00, 120000.00) 179 222 496 28 672(30199.00, 30199.00) 0(21491.00, 21491.00)
route 112, node_num 6, cost 1373.792000, nodes: 0(120000.00, 120000.00) 30 193 170 278 0(21872.00, 21872.00)
route 113, node_num 8, cost 1827.392000, nodes: 0(120000.00, 120000.00) 629(89163.00, 99691.00) 292 41 330 427 248 0(0.00, 0.00)
route 114, node_num 4, cost 691.166000, nodes: 0(120000.00, 120000.00) 465 491 0(70631.00, 70631.00)
route 115, node_num 7, cost 766.038000, nodes: 0(120000.00, 120000.00) 469 375 88 53 119 0(65283.00, 65283.00)
route 116, node_num 6, cost 863.240000, nodes: 0(120000.00, 120000.00) 218 102 413 255 0(58340.00, 58340.00)
route 117, node_num 7, cost 1053.052000, nodes: 0(120000.00, 120000.00) 450 8 262 298 573 0(44782.00, 44782.00)
route 118, node_num 7, cost 1073.282000, nodes: 0(120000.00, 120000.00) 587 64 339 323 510 0(43337.00, 43337.00)
route 119, node_num 8, cost 1469.188000, nodes: 0(120000.00, 120000.00) 628(112837.00, 112837.00) 554 251 95 438 411 0(15058.00, 15058.00)
route 120, node_num 7, cost 1628.718000, nodes: 0(120000.00, 120000.00) 560 386 118 43 691(10704.00, 10704.00) 0(3663.00, 3663.00)
route 121, node_num 7, cost 1474.200000, nodes: 0(120000.00, 120000.00) 499 185 285 337 331 0(14700.00, 14700.00)
route 122, node_num 8, cost 1537.914000, nodes: 0(120000.00, 120000.00) 163 235 489 287 267 660(32868.00, 32868.00) 0(10149.00, 10149.00)
route 123, node_num 8, cost 1422.554000, nodes: 0(120000.00, 120000.00) 628(112837.00, 120000.00) 204 583 305 495 259 0(25552.00, 25552.00)
route 124, node_num 7, cost 1569.708000, nodes: 0(120000.00, 120000.00) 673(97835.00, 97835.00) 157 393 240 275 0(7878.00, 7878.00)
route 125, node_num 7, cost 1575.126000, nodes: 0(120000.00, 120000.00) 625(97482.00, 97482.00) 542 160 202 197 0(7491.00, 7491.00)
route 126, node_num 7, cost 1145.872000, nodes: 0(120000.00, 120000.00) 389 385 126 47 116 0(38152.00, 38152.00)
route 127, node_num 7, cost 1252.258000, nodes: 0(120000.00, 120000.00) 302 392 49 349 159 0(30553.00, 30553.00)
route 128, node_num 7, cost 831.222000, nodes: 0(120000.00, 120000.00) 570 178 196 572 42 0(60627.00, 60627.00)
vehicle (route) number: 129
Total cost: 197929.76
203052.09, 9000.59
200300.64, 9014.28
198108.91, 9005.45
204069.36, 9009.91
200947.18, 9016.36
199217.48, 9004.22
204306.93, 9011.71
201513.53, 9007.83
203623.12, 9012.41
197929.76, 9000.03
