Details of the solution:
route 0, node_num 8, cost 1786.848000, nodes: 0(120000.00, 120000.00) 185 104 61 107 690(47643.00, 55275.00) 308 0(0.00, 0.00)
route 1, node_num 8, cost 715.932000, nodes: 0(120000.00, 120000.00) 229 94 488 276 458 118 0(68862.00, 68862.00)
route 2, node_num 6, cost 1466.444000, nodes: 0(120000.00, 120000.00) 79 117 264 370 0(15254.00, 15254.00)
route 3, node_num 9, cost 1682.982000, nodes: 0(120000.00, 120000.00) 361 472 99 679(61263.00, 61476.00) 414 598 72 0(0.00, 0.00)
route 4, node_num 6, cost 1527.708000, nodes: 0(120000.00, 120000.00) 138 271 113 385 0(10878.00, 10878.00)
route 5, node_num 7, cost 1259.510000, nodes: 0(120000.00, 120000.00) 255 461 505 30 219 0(30035.00, 30035.00)
route 6, node_num 7, cost 983.878000, nodes: 0(120000.00, 120000.00) 599 160 284 22 154 0(49723.00, 49723.00)
route 7, node_num 7, cost 1273.314000, nodes: 0(120000.00, 120000.00) 225 98 42 297 419 0(29049.00, 29049.00)
route 8, node_num 6, cost 611.730000, nodes: 0(120000.00, 120000.00) 355 320 211 349 0(76305.00, 76305.00)
route 9, node_num 9, cost 785.316000, nodes: 0(120000.00, 120000.00) 479 280 96 422 95 91 374 0(63906.00, 63906.00)
route 10, node_num 7, cost 1108.996000, nodes: 0(120000.00, 120000.00) 409 483 506 313 171 0(40786.00, 40786.00)
route 11, node_num 7, cost 514.892000, nodes: 0(120000.00, 120000.00) 76 566 568 134 464 0(83222.00, 83222.00)
route 12, node_num 7, cost 1286.236000, nodes: 0(120000.00, 120000.00) 306 31 364 228 4 0(28126.00, 28126.00)
route 13, node_num 8, cost 1051.750000, nodes: 0(120000.00, 120000.00) 326 163 301 561 232 80 0(44875.00, 44875.00)
route 14, node_num 8, cost 1513.652000, nodes: 0(120000.00, 120000.00) 261 392 73 564 207 177 0(11882.00, 11882.00)
route 15, node_num 8, cost 1599.430000, nodes: 0(120000.00, 120000.00) 497 408 521 319 595 398 0(5755.00, 5755.00)
route 16, node_num 6, cost 1506.442000, nodes: 0(120000.00, 120000.00) 304 140 358 161 0(12397.00, 12397.00)
route 17, node_num 8, cost 1774.458000, nodes: 0(120000.00, 120000.00) 89 406 269 129 612(40047.00, 46794.00) 252 0(0.00, 0.00)
route 18, node_num 6, cost 1544.494000, nodes: 0(120000.00, 120000.00) 166 245 463 452 0(9679.00, 9679.00)
route 19, node_num 6, cost 1286.474000, nodes: 0(120000.00, 120000.00) 231 127 548 348 0(28109.00, 28109.00)
route 20, node_num 6, cost 1289.960000, nodes: 0(120000.00, 120000.00) 51 92 507 577 0(27860.00, 27860.00)
route 21, node_num 7, cost 724.920000, nodes: 0(120000.00, 120000.00) 132 314 557 93 220 0(68220.00, 68220.00)
route 22, node_num 5, cost 1499.722000, nodes: 0(120000.00, 120000.00) 102 156 116 0(12877.00, 12877.00)
route 23, node_num 7, cost 973.238000, nodes: 0(120000.00, 120000.00) 528 453 433 121 246 0(50483.00, 50483.00)
route 24, node_num 8, cost 1293.054000, nodes: 0(120000.00, 120000.00) 526 243 562 580 477 205 0(27639.00, 27639.00)
route 25, node_num 8, cost 1364.594000, nodes: 0(120000.00, 120000.00) 244 478 224 402 13 54 0(22529.00, 22529.00)
route 26, node_num 7, cost 1272.880000, nodes: 0(120000.00, 120000.00) 70 277 266 457 215 0(29080.00, 29080.00)
route 27, node_num 8, cost 1390.368000, nodes: 0(120000.00, 120000.00) 516 441 440 543 105 590 0(20688.00, 20688.00)
route 28, node_num 7, cost 871.682000, nodes: 0(120000.00, 120000.00) 75 41 191 520 188 0(57737.00, 57737.00)
route 29, node_num 8, cost 1747.550000, nodes: 0(120000.00, 120000.00) 432 339 141 53 569 625(19302.00, 24127.00) 0(0.00, 0.00)
route 30, node_num 8, cost 922.222000, nodes: 0(120000.00, 120000.00) 502 508 395 287 32 47 0(54127.00, 54127.00)
route 31, node_num 8, cost 1855.084000, nodes: 0(120000.00, 120000.00) 660(66386.00, 98386.00) 597 213 6 125 517 0(19494.00, 19494.00)
route 32, node_num 6, cost 560.980000, nodes: 0(120000.00, 120000.00) 376 214 482 325 0(79930.00, 79930.00)
route 33, node_num 7, cost 1249.710000, nodes: 0(120000.00, 120000.00) 108 530 221 20 494 0(30735.00, 30735.00)
route 34, node_num 8, cost 1099.630000, nodes: 0(120000.00, 120000.00) 77 407 84 206 137 168 0(41455.00, 41455.00)
route 35, node_num 6, cost 1346.072000, nodes: 0(120000.00, 120000.00) 390 128 82 404 0(23852.00, 23852.00)
route 36, node_num 6, cost 1059.898000, nodes: 0(120000.00, 120000.00) 328 210 522 38 0(44293.00, 44293.00)
route 37, node_num 6, cost 906.710000, nodes: 0(120000.00, 120000.00) 190 416 148 299 0(55235.00, 55235.00)
route 38, node_num 7, cost 687.792000, nodes: 0(120000.00, 120000.00) 46 249 258 164 50 0(70872.00, 70872.00)
route 39, node_num 6, cost 461.174000, nodes: 0(120000.00, 120000.00) 431 550 485 500 0(87059.00, 87059.00)
route 40, node_num 8, cost 932.750000, nodes: 0(120000.00, 120000.00) 484 34 209 341 410 109 0(53375.00, 53375.00)
route 41, node_num 6, cost 1667.834000, nodes: 0(120000.00, 120000.00) 14 159 23 18 0(869.00, 869.00)
route 42, node_num 7, cost 1622.320000, nodes: 0(120000.00, 120000.00) 189 1 151 28 202 0(4120.00, 4120.00)
route 43, node_num 7, cost 887.656000, nodes: 0(120000.00, 120000.00) 460 337 600 7 462 0(56596.00, 56596.00)
route 44, node_num 6, cost 1074.290000, nodes: 0(120000.00, 120000.00) 475 515 56 584 0(43265.00, 43265.00)
route 45, node_num 7, cost 1351.392000, nodes: 0(120000.00, 120000.00) 192 236 466 55 572 0(23472.00, 23472.00)
route 46, node_num 8, cost 1190.952000, nodes: 0(120000.00, 120000.00) 383 375 15 218 393 367 0(34932.00, 34932.00)
route 47, node_num 9, cost 974.512000, nodes: 0(120000.00, 120000.00) 411 286 524 587 451 579 371 0(50392.00, 50392.00)
route 48, node_num 8, cost 711.746000, nodes: 0(120000.00, 120000.00) 373 199 513 491 106 428 0(69161.00, 69161.00)
route 49, node_num 8, cost 691.110000, nodes: 0(120000.00, 120000.00) 391 283 21 136 470 589 0(70635.00, 70635.00)
route 50, node_num 8, cost 1299.242000, nodes: 0(120000.00, 120000.00) 400 365 174 100 64 203 0(27197.00, 27197.00)
route 51, node_num 7, cost 724.738000, nodes: 0(120000.00, 120000.00) 222 86 417 256 238 0(68233.00, 68233.00)
route 52, node_num 8, cost 1674.344000, nodes: 0(120000.00, 120000.00) 351 499 377 387 78 241 0(404.00, 404.00)
route 53, node_num 5, cost 276.010000, nodes: 0(120000.00, 120000.00) 555 265 372 0(100285.00, 100285.00)
route 54, node_num 8, cost 883.260000, nodes: 0(120000.00, 120000.00) 201 531 33 139 133 369 0(56910.00, 56910.00)
route 55, node_num 8, cost 1483.706000, nodes: 0(120000.00, 120000.00) 285 251 537 194 467 267 0(14021.00, 14021.00)
route 56, node_num 7, cost 1405.222000, nodes: 0(120000.00, 120000.00) 153 307 583 48 534 0(19627.00, 19627.00)
route 57, node_num 8, cost 808.598000, nodes: 0(120000.00, 120000.00) 556 311 578 130 36 338 0(62243.00, 62243.00)
route 58, node_num 7, cost 792.078000, nodes: 0(120000.00, 120000.00) 235 540 101 324 340 0(63423.00, 63423.00)
route 59, node_num 7, cost 814.338000, nodes: 0(120000.00, 120000.00) 480 69 208 169 382 0(61833.00, 61833.00)
route 60, node_num 7, cost 913.262000, nodes: 0(120000.00, 120000.00) 554 397 438 342 216 0(54767.00, 54767.00)
route 61, node_num 8, cost 1495.970000, nodes: 0(120000.00, 120000.00) 549 309 498 439 471 237 0(13145.00, 13145.00)
route 62, node_num 7, cost 1760.444000, nodes: 0(120000.00, 120000.00) 612(72845.00, 78591.00) 586 183 49 143 0(0.00, 0.00)
route 63, node_num 6, cost 1549.114000, nodes: 0(120000.00, 120000.00) 487 142 29 443 0(9349.00, 9349.00)
route 64, node_num 7, cost 859.810000, nodes: 0(120000.00, 120000.00) 146 182 541 119 536 0(58585.00, 58585.00)
route 65, node_num 6, cost 1061.620000, nodes: 0(120000.00, 120000.00) 356 394 335 37 0(44170.00, 44170.00)
route 66, node_num 7, cost 1052.982000, nodes: 0(120000.00, 120000.00) 430 273 59 65 420 0(44787.00, 44787.00)
route 67, node_num 7, cost 1476.202000, nodes: 0(120000.00, 120000.00) 10 493 421 424 60 0(14557.00, 14557.00)
route 68, node_num 6, cost 1227.534000, nodes: 0(120000.00, 120000.00) 9 165 196 318 0(32319.00, 32319.00)
route 69, node_num 8, cost 1077.258000, nodes: 0(120000.00, 120000.00) 187 330 27 523 354 435 0(43053.00, 43053.00)
route 70, node_num 8, cost 1352.960000, nodes: 0(120000.00, 120000.00) 401 360 19 103 576 274 0(23360.00, 23360.00)
route 71, node_num 5, cost 1165.626000, nodes: 0(120000.00, 120000.00) 581 110 323 0(36741.00, 36741.00)
route 72, node_num 6, cost 739.032000, nodes: 0(120000.00, 120000.00) 83 546 512 403 0(67212.00, 67212.00)
route 73, node_num 7, cost 1515.626000, nodes: 0(120000.00, 120000.00) 535 88 405 275 181 0(11741.00, 11741.00)
route 74, node_num 7, cost 1420.048000, nodes: 0(120000.00, 120000.00) 257 149 63 456 288 0(18568.00, 18568.00)
route 75, node_num 6, cost 687.708000, nodes: 0(120000.00, 120000.00) 250 71 490 282 0(70878.00, 70878.00)
route 76, node_num 6, cost 976.850000, nodes: 0(120000.00, 120000.00) 150 450 16 290 0(50225.00, 50225.00)
route 77, node_num 7, cost 723.744000, nodes: 0(120000.00, 120000.00) 179 344 321 180 511 0(68304.00, 68304.00)
route 78, node_num 6, cost 649.320000, nodes: 0(120000.00, 120000.00) 529 270 74 449 0(73620.00, 73620.00)
route 79, node_num 8, cost 879.550000, nodes: 0(120000.00, 120000.00) 501 81 327 175 234 329 0(57175.00, 57175.00)
route 80, node_num 7, cost 1174.488000, nodes: 0(120000.00, 120000.00) 135 292 379 5 423 0(36108.00, 36108.00)
route 81, node_num 8, cost 1296.064000, nodes: 0(120000.00, 120000.00) 504 176 347 43 145 253 0(27424.00, 27424.00)
route 82, node_num 7, cost 1182.496000, nodes: 0(120000.00, 120000.00) 468 45 67 24 294 0(35536.00, 35536.00)
route 83, node_num 7, cost 1632.162000, nodes: 0(120000.00, 120000.00) 303 8 144 126 560 0(3417.00, 3417.00)
route 84, node_num 7, cost 792.260000, nodes: 0(120000.00, 120000.00) 357 87 197 418 544 0(63410.00, 63410.00)
route 85, node_num 6, cost 1264.368000, nodes: 0(120000.00, 120000.00) 596 152 227 437 0(29688.00, 29688.00)
route 86, node_num 7, cost 380.282000, nodes: 0(120000.00, 120000.00) 525 279 558 333 111 0(92837.00, 92837.00)
route 87, node_num 6, cost 569.772000, nodes: 0(120000.00, 120000.00) 230 239 124 226 0(79302.00, 79302.00)
route 88, node_num 6, cost 1637.524000, nodes: 0(120000.00, 120000.00) 533 585 223 474 0(3034.00, 3034.00)
route 89, node_num 7, cost 703.528000, nodes: 0(120000.00, 120000.00) 486 131 503 415 331 0(69748.00, 69748.00)
route 90, node_num 7, cost 551.418000, nodes: 0(120000.00, 120000.00) 481 362 570 426 396 0(80613.00, 80613.00)
route 91, node_num 7, cost 731.836000, nodes: 0(120000.00, 120000.00) 514 312 90 122 39 0(67726.00, 67726.00)
route 92, node_num 6, cost 684.446000, nodes: 0(120000.00, 120000.00) 427 120 62 293 0(71111.00, 71111.00)
route 93, node_num 8, cost 1562.806000, nodes: 0(120000.00, 120000.00) 496 582 172 85 495 413 0(8371.00, 8371.00)
route 94, node_num 6, cost 714.084000, nodes: 0(120000.00, 120000.00) 542 551 298 510 0(68994.00, 68994.00)
route 95, node_num 7, cost 1695.764000, nodes: 0(120000.00, 120000.00) 612(72845.00, 73971.00) 473 260 97 186 0(0.00, 0.00)
route 96, node_num 6, cost 1195.390000, nodes: 0(120000.00, 120000.00) 446 296 25 170 0(34615.00, 34615.00)
route 97, node_num 7, cost 934.612000, nodes: 0(120000.00, 120000.00) 594 538 184 217 147 0(53242.00, 53242.00)
route 98, node_num 6, cost 731.556000, nodes: 0(120000.00, 120000.00) 315 322 115 448 0(67746.00, 67746.00)
route 99, node_num 6, cost 1071.308000, nodes: 0(120000.00, 120000.00) 259 565 295 155 0(43478.00, 43478.00)
route 100, node_num 6, cost 920.332000, nodes: 0(120000.00, 120000.00) 233 262 17 454 0(54262.00, 54262.00)
route 101, node_num 7, cost 1313.774000, nodes: 0(120000.00, 120000.00) 592 429 58 123 527 0(26159.00, 26159.00)
route 102, node_num 6, cost 899.262000, nodes: 0(120000.00, 120000.00) 212 444 12 193 0(55767.00, 55767.00)
route 103, node_num 9, cost 1690.962000, nodes: 0(120000.00, 120000.00) 378 240 302 455 281 571 696(24702.00, 25485.00) 0(0.00, 0.00)
route 104, node_num 6, cost 772.128000, nodes: 0(120000.00, 120000.00) 492 350 305 519 0(64848.00, 64848.00)
route 105, node_num 6, cost 552.776000, nodes: 0(120000.00, 120000.00) 167 204 40 559 0(80516.00, 80516.00)
route 106, node_num 5, cost 1325.352000, nodes: 0(120000.00, 120000.00) 346 316 359 0(25332.00, 25332.00)
route 107, node_num 8, cost 1233.218000, nodes: 0(120000.00, 120000.00) 289 465 345 332 553 469 0(31913.00, 31913.00)
route 108, node_num 9, cost 1637.552000, nodes: 0(120000.00, 120000.00) 173 399 445 334 436 509 640(25647.00, 25647.00) 0(3032.00, 3032.00)
route 109, node_num 6, cost 849.716000, nodes: 0(120000.00, 120000.00) 57 588 574 459 0(59306.00, 59306.00)
route 110, node_num 8, cost 1080.156000, nodes: 0(120000.00, 120000.00) 591 380 353 547 68 343 0(42846.00, 42846.00)
route 111, node_num 7, cost 1595.104000, nodes: 0(120000.00, 120000.00) 442 3 200 114 476 0(6064.00, 6064.00)
route 112, node_num 7, cost 1498.770000, nodes: 0(120000.00, 120000.00) 363 247 518 112 384 0(12945.00, 12945.00)
route 113, node_num 7, cost 635.586000, nodes: 0(120000.00, 120000.00) 489 447 291 539 575 0(74601.00, 74601.00)
route 114, node_num 7, cost 846.664000, nodes: 0(120000.00, 120000.00) 242 272 386 26 552 0(59524.00, 59524.00)
route 115, node_num 6, cost 629.790000, nodes: 0(120000.00, 120000.00) 389 388 425 336 0(75015.00, 75015.00)
route 116, node_num 6, cost 1363.068000, nodes: 0(120000.00, 120000.00) 368 300 567 162 0(22638.00, 22638.00)
route 117, node_num 7, cost 1178.436000, nodes: 0(120000.00, 120000.00) 563 278 66 573 381 0(35826.00, 35826.00)
route 118, node_num 7, cost 634.732000, nodes: 0(120000.00, 120000.00) 263 44 52 317 195 0(74662.00, 74662.00)
route 119, node_num 6, cost 928.634000, nodes: 0(120000.00, 120000.00) 157 35 254 2 0(53669.00, 53669.00)
route 120, node_num 7, cost 891.674000, nodes: 0(120000.00, 120000.00) 366 412 593 545 268 0(56309.00, 56309.00)
route 121, node_num 5, cost 548.268000, nodes: 0(120000.00, 120000.00) 158 532 11 0(80838.00, 80838.00)
route 122, node_num 8, cost 837.270000, nodes: 0(120000.00, 120000.00) 310 434 248 178 198 352 0(60195.00, 60195.00)
vehicle (route) number: 123
Total cost: 172977.87
176759.86, 9028.07
176593.60, 9011.82
172977.87, 9013.79
175277.60, 9000.82
177433.14, 9002.71
175253.84, 9002.86
173106.97, 9006.91
177418.99, 9001.91
175571.94, 9011.02
178544.17, 7796.46
