Details of the solution:
route 0, node_num 6, cost 740.446000, nodes: 0(120000.00, 120000.00) 797 53 119 488 0(67111.00, 67111.00)
route 1, node_num 5, cost 354.508000, nodes: 0(120000.00, 120000.00) 249 261 290 0(94678.00, 94678.00)
route 2, node_num 8, cost 1121.764000, nodes: 0(120000.00, 120000.00) 353 782 367 50 479 55 0(39874.00, 39874.00)
route 3, node_num 7, cost 330.778000, nodes: 0(120000.00, 120000.00) 338 674 639 713 216 0(96373.00, 96373.00)
route 4, node_num 6, cost 601.538000, nodes: 0(120000.00, 120000.00) 359 453 266 65 0(77033.00, 77033.00)
route 5, node_num 8, cost 1896.622000, nodes: 0(120000.00, 120000.00) 623 128 291 562 209 805(38431.00, 53904.00) 0(0.00, 0.00)
route 6, node_num 6, cost 389.284000, nodes: 0(120000.00, 120000.00) 540 23 611 458 0(92194.00, 92194.00)
route 7, node_num 6, cost 1336.594000, nodes: 0(120000.00, 120000.00) 565 673 62 184 0(24529.00, 24529.00)
route 8, node_num 5, cost 365.974000, nodes: 0(120000.00, 120000.00) 189 336 123 0(93859.00, 93859.00)
route 9, node_num 7, cost 1582.140000, nodes: 0(120000.00, 120000.00) 873(97835.00, 105835.00) 433 24 193 170 0(14990.00, 14990.00)
route 10, node_num 8, cost 1529.332000, nodes: 0(120000.00, 120000.00) 830(107271.00, 120000.00) 516 325 792 612 258 0(23491.00, 23491.00)
route 11, node_num 6, cost 189.980000, nodes: 0(120000.00, 120000.00) 315 689 455 741 0(106430.00, 106430.00)
route 12, node_num 6, cost 1358.630000, nodes: 0(120000.00, 120000.00) 875(81210.00, 120000.00) 449 54 435 0(61745.00, 61745.00)
route 13, node_num 7, cost 1119.356000, nodes: 0(120000.00, 120000.00) 601 113 535 616 677 0(40046.00, 40046.00)
route 14, node_num 7, cost 1020.894000, nodes: 0(120000.00, 120000.00) 81 87 127 503 596 0(47079.00, 47079.00)
route 15, node_num 6, cost 389.830000, nodes: 0(120000.00, 120000.00) 212 357 70 14 0(92155.00, 92155.00)
route 16, node_num 8, cost 589.736000, nodes: 0(120000.00, 120000.00) 675 670 767 135 268 360 0(77876.00, 77876.00)
route 17, node_num 7, cost 284.620000, nodes: 0(120000.00, 120000.00) 311 738 684 398 462 0(99670.00, 99670.00)
route 18, node_num 4, cost 42.812000, nodes: 0(120000.00, 120000.00) 327 286 0(116942.00, 116942.00)
route 19, node_num 5, cost 1004.570000, nodes: 0(120000.00, 120000.00) 390 22 207 0(48245.00, 48245.00)
route 20, node_num 5, cost 280.420000, nodes: 0(120000.00, 120000.00) 651 57 201 0(99970.00, 99970.00)
route 21, node_num 8, cost 1717.702000, nodes: 0(120000.00, 120000.00) 389 273 362 794 704 891(4348.00, 7041.00) 0(0.00, 0.00)
route 22, node_num 8, cost 1380.778000, nodes: 0(120000.00, 120000.00) 422 552 208 104 48 875(60223.00, 60223.00) 0(21373.00, 21373.00)
route 23, node_num 7, cost 1560.440000, nodes: 0(120000.00, 120000.00) 120 91 76 59 875(47390.00, 47390.00) 0(8540.00, 8540.00)
route 24, node_num 6, cost 472.346000, nodes: 0(120000.00, 120000.00) 343 726 451 467 0(86261.00, 86261.00)
route 25, node_num 8, cost 1669.738000, nodes: 0(120000.00, 120000.00) 830(107271.00, 107271.00) 567 550 613 150 534 0(733.00, 733.00)
route 26, node_num 8, cost 1731.674000, nodes: 0(120000.00, 120000.00) 825(97482.00, 120000.00) 542 90 292 356 592 0(18827.00, 18827.00)
route 27, node_num 7, cost 1636.404000, nodes: 0(120000.00, 120000.00) 599 474 703 729 843(19631.00, 19631.00) 0(3114.00, 3114.00)
route 28, node_num 7, cost 734.888000, nodes: 0(120000.00, 120000.00) 762 656 724 354 297 0(67508.00, 67508.00)
route 29, node_num 8, cost 1890.924000, nodes: 0(120000.00, 120000.00) 873(97835.00, 112901.00) 181 162 769 29 33 0(0.00, 0.00)
route 30, node_num 5, cost 1435.476000, nodes: 0(120000.00, 120000.00) 222 442 15 0(17466.00, 17466.00)
route 31, node_num 7, cost 1917.468000, nodes: 0(120000.00, 120000.00) 873(97835.00, 114797.00) 527 378 402 778 0(0.00, 0.00)
route 32, node_num 7, cost 1216.586000, nodes: 0(120000.00, 120000.00) 541 385 638 269 642 0(33101.00, 33101.00)
route 33, node_num 6, cost 915.502000, nodes: 0(120000.00, 120000.00) 471 731 465 491 0(54607.00, 54607.00)
route 34, node_num 6, cost 465.850000, nodes: 0(120000.00, 120000.00) 133 314 295 757 0(86725.00, 86725.00)
route 35, node_num 7, cost 898.184000, nodes: 0(120000.00, 120000.00) 706 696 139 2 361 0(55844.00, 55844.00)
route 36, node_num 6, cost 1145.424000, nodes: 0(120000.00, 120000.00) 508 793 243 514 0(38184.00, 38184.00)
route 37, node_num 6, cost 494.998000, nodes: 0(120000.00, 120000.00) 654 342 381 737 0(84643.00, 84643.00)
route 38, node_num 7, cost 1085.840000, nodes: 0(120000.00, 120000.00) 561 564 557 352 486 0(42440.00, 42440.00)
route 39, node_num 8, cost 1513.134000, nodes: 0(120000.00, 120000.00) 487 497 746 370 159 819(36669.00, 36669.00) 0(11919.00, 11919.00)
route 40, node_num 8, cost 696.612000, nodes: 0(120000.00, 120000.00) 153 563 93 789 312 636 0(70242.00, 70242.00)
route 41, node_num 7, cost 1446.928000, nodes: 0(120000.00, 120000.00) 835(84119.00, 88119.00) 709 114 576 571 0(20648.00, 20648.00)
route 42, node_num 8, cost 1321.656000, nodes: 0(120000.00, 120000.00) 307 605 470 606 758 358 0(25596.00, 25596.00)
route 43, node_num 6, cost 940.268000, nodes: 0(120000.00, 120000.00) 108 102 630 625 0(52838.00, 52838.00)
route 44, node_num 7, cost 586.726000, nodes: 0(120000.00, 120000.00) 247 147 384 441 7 0(78091.00, 78091.00)
route 45, node_num 8, cost 1515.374000, nodes: 0(120000.00, 120000.00) 545 678 155 377 194 892(58058.00, 58058.00) 0(11759.00, 11759.00)
route 46, node_num 8, cost 1735.888000, nodes: 0(120000.00, 120000.00) 424 553 784 427 94 891(3049.00, 7041.00) 0(0.00, 0.00)
route 47, node_num 7, cost 595.028000, nodes: 0(120000.00, 120000.00) 206 326 46 324 310 0(77498.00, 77498.00)
route 48, node_num 7, cost 844.158000, nodes: 0(120000.00, 120000.00) 587 518 559 510 529 0(59703.00, 59703.00)
route 49, node_num 7, cost 1120.938000, nodes: 0(120000.00, 120000.00) 505 262 298 188 364 0(39933.00, 39933.00)
route 50, node_num 8, cost 1062.236000, nodes: 0(120000.00, 120000.00) 423 650 533 580 144 661 0(44126.00, 44126.00)
route 51, node_num 8, cost 1616.258000, nodes: 0(120000.00, 120000.00) 831(83199.00, 119199.00) 775 145 238 526 248 0(40553.00, 40553.00)
route 52, node_num 8, cost 988.596000, nodes: 0(120000.00, 120000.00) 301 766 25 44 609 448 0(49386.00, 49386.00)
route 53, node_num 7, cost 1650.166000, nodes: 0(120000.00, 120000.00) 655 100 118 43 891(9172.00, 9172.00) 0(2131.00, 2131.00)
route 54, node_num 8, cost 1211.098000, nodes: 0(120000.00, 120000.00) 506 409 335 288 693 649 0(33493.00, 33493.00)
route 55, node_num 7, cost 1411.788000, nodes: 0(120000.00, 120000.00) 549 148 520 633 333 0(19158.00, 19158.00)
route 56, node_num 6, cost 980.014000, nodes: 0(120000.00, 120000.00) 481 707 278 755 0(49999.00, 49999.00)
route 57, node_num 8, cost 1578.052000, nodes: 0(120000.00, 120000.00) 835(84119.00, 112119.00) 708 781 735 67 477 0(35282.00, 35282.00)
route 58, node_num 9, cost 1768.914000, nodes: 0(120000.00, 120000.00) 874(83303.00, 83303.00) 456 330 281 525 399 864(13832.00, 20183.00) 0(0.00, 0.00)
route 59, node_num 7, cost 1681.372000, nodes: 0(120000.00, 120000.00) 830(107271.00, 120000.00) 603 536 365 203 0(12631.00, 12631.00)
route 60, node_num 7, cost 983.682000, nodes: 0(120000.00, 120000.00) 12 585 56 210 221 0(49737.00, 49737.00)
route 61, node_num 8, cost 1801.590000, nodes: 0(120000.00, 120000.00) 429 460 765 466 635 843(7832.00, 16517.00) 0(0.00, 0.00)
route 62, node_num 8, cost 1156.736000, nodes: 0(120000.00, 120000.00) 103 396 68 489 376 783 0(37376.00, 37376.00)
route 63, node_num 7, cost 1224.160000, nodes: 0(120000.00, 120000.00) 302 8 86 728 39 0(32560.00, 32560.00)
route 64, node_num 8, cost 1478.134000, nodes: 0(120000.00, 120000.00) 832(86549.00, 118549.00) 513 647 436 220 712 0(46419.00, 46419.00)
route 65, node_num 7, cost 1130.402000, nodes: 0(120000.00, 120000.00) 154 472 413 299 679 0(39257.00, 39257.00)
route 66, node_num 9, cost 1842.204000, nodes: 0(120000.00, 120000.00) 830(107271.00, 119271.00) 629 17 92 101 555 891(7455.00, 7455.00) 0(414.00, 414.00)
route 67, node_num 7, cost 1200.766000, nodes: 0(120000.00, 120000.00) 226 392 49 199 495 0(34231.00, 34231.00)
route 68, node_num 7, cost 797.594000, nodes: 0(120000.00, 120000.00) 254 18 548 124 800 0(63029.00, 63029.00)
route 69, node_num 7, cost 1731.002000, nodes: 0(120000.00, 120000.00) 368 223 692 776 843(12874.00, 16517.00) 0(0.00, 0.00)
route 70, node_num 5, cost 830.984000, nodes: 0(120000.00, 120000.00) 403 351 443 0(60644.00, 60644.00)
route 71, node_num 8, cost 936.012000, nodes: 0(120000.00, 120000.00) 306 532 504 410 417 9 0(53142.00, 53142.00)
route 72, node_num 6, cost 990.752000, nodes: 0(120000.00, 120000.00) 237 190 345 694 0(49232.00, 49232.00)
route 73, node_num 7, cost 1078.868000, nodes: 0(120000.00, 120000.00) 111 366 740 267 482 0(42938.00, 42938.00)
route 74, node_num 9, cost 1566.614000, nodes: 0(120000.00, 120000.00) 683 334 768 492 799 653 813(17835.00, 17835.00) 0(8099.00, 8099.00)
route 75, node_num 8, cost 1792.686000, nodes: 0(120000.00, 120000.00) 83 770 26 329 788 843(8468.00, 16517.00) 0(0.00, 0.00)
route 76, node_num 9, cost 1728.678000, nodes: 0(120000.00, 120000.00) 875(81210.00, 81210.00) 607 723 134 725 432 843(13040.00, 16517.00) 0(0.00, 0.00)
route 77, node_num 7, cost 1130.108000, nodes: 0(120000.00, 120000.00) 419 578 126 47 116 0(39278.00, 39278.00)
route 78, node_num 6, cost 676.228000, nodes: 0(120000.00, 120000.00) 375 88 459 445 0(71698.00, 71698.00)
route 79, node_num 7, cost 1001.434000, nodes: 0(120000.00, 120000.00) 228 317 6 732 71 0(48469.00, 48469.00)
route 80, node_num 6, cost 1313.942000, nodes: 0(120000.00, 120000.00) 720 393 171 473 0(26147.00, 26147.00)
route 81, node_num 6, cost 1180.592000, nodes: 0(120000.00, 120000.00) 547 480 681 597 0(35672.00, 35672.00)
route 82, node_num 5, cost 746.984000, nodes: 0(120000.00, 120000.00) 759 131 205 0(66644.00, 66644.00)
route 83, node_num 7, cost 1640.044000, nodes: 0(120000.00, 120000.00) 785 251 204 305 722 0(2854.00, 2854.00)
route 84, node_num 7, cost 1090.922000, nodes: 0(120000.00, 120000.00) 604 446 287 754 421 0(42077.00, 42077.00)
route 85, node_num 8, cost 743.078000, nodes: 0(120000.00, 120000.00) 280 115 515 434 645 500 0(66923.00, 66923.00)
route 86, node_num 8, cost 1659.714000, nodes: 0(120000.00, 120000.00) 79 125 452 589 52 843(17966.00, 17966.00) 0(1449.00, 1449.00)
route 87, node_num 8, cost 1518.958000, nodes: 0(120000.00, 120000.00) 828(112837.00, 112837.00) 137 796 20 438 259 0(11503.00, 11503.00)
route 88, node_num 8, cost 1613.598000, nodes: 0(120000.00, 120000.00) 660 264 425 85 13 671 0(4743.00, 4743.00)
route 89, node_num 9, cost 1573.656000, nodes: 0(120000.00, 120000.00) 618 627 66 742 463 322 891(14637.00, 14637.00) 0(7596.00, 7596.00)
route 90, node_num 9, cost 1802.598000, nodes: 0(120000.00, 120000.00) 830(107271.00, 107271.00) 185 149 672 45 753 863(45712.00, 54469.00) 0(0.00, 0.00)
route 91, node_num 6, cost 696.752000, nodes: 0(120000.00, 120000.00) 175 98 666 374 0(70232.00, 70232.00)
route 92, node_num 7, cost 932.316000, nodes: 0(120000.00, 120000.00) 277 136 688 379 551 0(53406.00, 53406.00)
route 93, node_num 9, cost 1729.378000, nodes: 0(120000.00, 120000.00) 830(107271.00, 107271.00) 225 211 690 517 236 843(12990.00, 16517.00) 0(0.00, 0.00)
route 94, node_num 8, cost 1676.612000, nodes: 0(120000.00, 120000.00) 873(97835.00, 120000.00) 157 440 78 582 158 0(22407.00, 22407.00)
route 95, node_num 5, cost 1099.336000, nodes: 0(120000.00, 120000.00) 475 58 539 0(41476.00, 41476.00)
route 96, node_num 7, cost 841.190000, nodes: 0(120000.00, 120000.00) 469 634 538 648 641 0(59915.00, 59915.00)
route 97, node_num 6, cost 1381.450000, nodes: 0(120000.00, 120000.00) 640 632 242 524 0(21325.00, 21325.00)
route 98, node_num 7, cost 1150.856000, nodes: 0(120000.00, 120000.00) 664 676 34 646 748 0(37796.00, 37796.00)
route 99, node_num 8, cost 1678.964000, nodes: 0(120000.00, 120000.00) 700 30 408 198 182 843(16591.00, 16591.00) 0(74.00, 74.00)
route 100, node_num 8, cost 1372.490000, nodes: 0(120000.00, 120000.00) 833(110242.00, 120000.00) 168 593 721 573 363 0(31723.00, 31723.00)
route 101, node_num 7, cost 1663.676000, nodes: 0(120000.00, 120000.00) 830(107271.00, 107271.00) 595 394 608 414 0(1166.00, 1166.00)
route 102, node_num 7, cost 1617.784000, nodes: 0(120000.00, 120000.00) 610 395 373 239 843(20961.00, 20961.00) 0(4444.00, 4444.00)
route 103, node_num 9, cost 1409.184000, nodes: 0(120000.00, 120000.00) 230 437 245 141 791 428 852(57764.00, 57764.00) 0(19344.00, 19344.00)
route 104, node_num 7, cost 1003.478000, nodes: 0(120000.00, 120000.00) 501 313 4 380 391 0(48323.00, 48323.00)
route 105, node_num 8, cost 1625.022000, nodes: 0(120000.00, 120000.00) 804(114583.00, 114583.00) 577 727 519 165 787 0(3927.00, 3927.00)
route 106, node_num 7, cost 1396.010000, nodes: 0(120000.00, 120000.00) 294 224 698 412 507 0(20285.00, 20285.00)
route 107, node_num 8, cost 1498.756000, nodes: 0(120000.00, 120000.00) 825(97482.00, 120000.00) 444 498 293 478 219 0(35464.00, 35464.00)
route 108, node_num 8, cost 1710.254000, nodes: 0(120000.00, 120000.00) 830(107271.00, 109432.00) 556 96 132 476 215 0(0.00, 0.00)
route 109, node_num 7, cost 1508.626000, nodes: 0(120000.00, 120000.00) 420 622 714 274 250 0(12241.00, 12241.00)
route 110, node_num 8, cost 1718.304000, nodes: 0(120000.00, 120000.00) 502 176 355 619 682 843(13781.00, 16517.00) 0(0.00, 0.00)
route 111, node_num 6, cost 957.642000, nodes: 0(120000.00, 120000.00) 36 240 192 531 0(51597.00, 51597.00)
route 112, node_num 7, cost 1637.314000, nodes: 0(120000.00, 120000.00) 804(114583.00, 114583.00) 574 350 143 528 0(3049.00, 3049.00)
route 113, node_num 7, cost 1501.318000, nodes: 0(120000.00, 120000.00) 804(114583.00, 114583.00) 371 105 764 779 0(12763.00, 12763.00)
route 114, node_num 8, cost 1299.592000, nodes: 0(120000.00, 120000.00) 282 164 699 406 382 77 0(27172.00, 27172.00)
route 115, node_num 6, cost 703.430000, nodes: 0(120000.00, 120000.00) 300 568 246 586 0(69755.00, 69755.00)
route 116, node_num 7, cost 1384.712000, nodes: 0(120000.00, 120000.00) 16 598 60 28 872(29800.00, 29800.00) 0(21092.00, 21092.00)
route 117, node_num 8, cost 1716.512000, nodes: 0(120000.00, 120000.00) 830(107271.00, 120000.00) 581 687 590 461 891(17162.00, 17162.00) 0(10121.00, 10121.00)
route 118, node_num 8, cost 1654.716000, nodes: 0(120000.00, 120000.00) 303 276 229 308 717 819(26556.00, 26556.00) 0(1806.00, 1806.00)
route 119, node_num 6, cost 1088.206000, nodes: 0(120000.00, 120000.00) 213 416 169 271 0(42271.00, 42271.00)
route 120, node_num 6, cost 1041.908000, nodes: 0(120000.00, 120000.00) 560 31 304 74 0(45578.00, 45578.00)
route 121, node_num 7, cost 1203.174000, nodes: 0(120000.00, 120000.00) 142 296 166 152 40 0(34059.00, 34059.00)
route 122, node_num 6, cost 634.522000, nodes: 0(120000.00, 120000.00) 798 341 82 42 0(74677.00, 74677.00)
route 123, node_num 8, cost 1731.618000, nodes: 0(120000.00, 120000.00) 804(114583.00, 120000.00) 415 546 5 369 80 0(1730.00, 1730.00)
route 124, node_num 6, cost 486.220000, nodes: 0(120000.00, 120000.00) 140 174 751 509 0(85270.00, 85270.00)
route 125, node_num 6, cost 1406.426000, nodes: 0(120000.00, 120000.00) 404 386 644 75 0(19541.00, 19541.00)
route 126, node_num 7, cost 1557.864000, nodes: 0(120000.00, 120000.00) 830(107271.00, 120000.00) 718 736 668 161 0(21453.00, 21453.00)
route 127, node_num 8, cost 1752.870000, nodes: 0(120000.00, 120000.00) 186 591 494 323 283 819(19545.00, 24750.00) 0(0.00, 0.00)
route 128, node_num 7, cost 1254.666000, nodes: 0(120000.00, 120000.00) 191 179 231 715 117 0(30381.00, 30381.00)
route 129, node_num 8, cost 1571.612000, nodes: 0(120000.00, 120000.00) 804(114583.00, 120000.00) 319 232 600 309 584 0(13159.00, 13159.00)
route 130, node_num 8, cost 1694.322000, nodes: 0(120000.00, 120000.00) 41 418 543 588 252 843(15494.00, 16517.00) 0(0.00, 0.00)
route 131, node_num 8, cost 1500.408000, nodes: 0(120000.00, 120000.00) 180 163 235 73 710 891(19869.00, 19869.00) 0(12828.00, 12828.00)
route 132, node_num 6, cost 811.258000, nodes: 0(120000.00, 120000.00) 658 340 64 405 0(62053.00, 62053.00)
route 133, node_num 7, cost 998.144000, nodes: 0(120000.00, 120000.00) 621 257 763 730 217 0(48704.00, 48704.00)
route 134, node_num 7, cost 719.040000, nodes: 0(120000.00, 120000.00) 484 657 196 572 347 0(68640.00, 68640.00)
route 135, node_num 8, cost 1579.200000, nodes: 0(120000.00, 120000.00) 830(107271.00, 107271.00) 614 439 151 774 214 0(7200.00, 7200.00)
route 136, node_num 7, cost 1703.072000, nodes: 0(120000.00, 120000.00) 431 99 743 331 843(14869.00, 16517.00) 0(0.00, 0.00)
route 137, node_num 6, cost 870.128000, nodes: 0(120000.00, 120000.00) 733 218 773 255 0(57848.00, 57848.00)
route 138, node_num 7, cost 1770.258000, nodes: 0(120000.00, 120000.00) 233 790 32 279 843(10070.00, 16517.00) 0(0.00, 0.00)
route 139, node_num 7, cost 812.000000, nodes: 0(120000.00, 120000.00) 493 695 602 544 624 0(62000.00, 62000.00)
route 140, node_num 8, cost 1609.118000, nodes: 0(120000.00, 120000.00) 825(97482.00, 120000.00) 537 202 197 426 744 0(27581.00, 27581.00)
route 141, node_num 7, cost 1461.278000, nodes: 0(120000.00, 120000.00) 289 167 454 786 122 0(15623.00, 15623.00)
route 142, node_num 7, cost 1473.948000, nodes: 0(120000.00, 120000.00) 705 752 511 97 35 0(14718.00, 14718.00)
route 143, node_num 5, cost 482.566000, nodes: 0(120000.00, 120000.00) 761 521 628 0(85531.00, 85531.00)
route 144, node_num 8, cost 755.230000, nodes: 0(120000.00, 120000.00) 138 569 566 72 711 156 0(66055.00, 66055.00)
route 145, node_num 6, cost 838.684000, nodes: 0(120000.00, 120000.00) 109 734 631 387 0(60094.00, 60094.00)
route 146, node_num 6, cost 1076.152000, nodes: 0(120000.00, 120000.00) 344 685 272 27 0(43132.00, 43132.00)
route 147, node_num 7, cost 793.324000, nodes: 0(120000.00, 120000.00) 570 719 697 37 187 0(63334.00, 63334.00)
route 148, node_num 6, cost 1217.538000, nodes: 0(120000.00, 120000.00) 795 332 637 10 0(33033.00, 33033.00)
route 149, node_num 6, cost 747.810000, nodes: 0(120000.00, 120000.00) 579 61 270 512 0(66585.00, 66585.00)
route 150, node_num 7, cost 1367.982000, nodes: 0(120000.00, 120000.00) 468 643 69 337 575 0(22287.00, 22287.00)
route 151, node_num 8, cost 976.094000, nodes: 0(120000.00, 120000.00) 38 328 234 558 691 275 0(50279.00, 50279.00)
route 152, node_num 8, cost 1740.676000, nodes: 0(120000.00, 120000.00) 831(83199.00, 83199.00) 160 760 884(61062.00, 65396.00) 447 665 0(0.00, 0.00)
route 153, node_num 8, cost 1535.492000, nodes: 0(120000.00, 120000.00) 749 112 745 400 349 819(35072.00, 35072.00) 0(10322.00, 10322.00)
route 154, node_num 8, cost 1425.550000, nodes: 0(120000.00, 120000.00) 833(110242.00, 110242.00) 339 583 496 383 530 0(18175.00, 18175.00)
route 155, node_num 8, cost 1554.714000, nodes: 0(120000.00, 120000.00) 825(97482.00, 120000.00) 11 284 177 244 200 0(31467.00, 31467.00)
route 156, node_num 5, cost 1163.176000, nodes: 0(120000.00, 120000.00) 772 626 739 0(36916.00, 36916.00)
route 157, node_num 7, cost 1536.192000, nodes: 0(120000.00, 120000.00) 702 652 554 615 411 0(10272.00, 10272.00)
route 158, node_num 6, cost 1247.834000, nodes: 0(120000.00, 120000.00) 490 756 620 686 0(30869.00, 30869.00)
route 159, node_num 8, cost 1554.672000, nodes: 0(120000.00, 120000.00) 716 51 183 407 523 860(31671.00, 31671.00) 0(8952.00, 8952.00)
route 160, node_num 7, cost 1489.572000, nodes: 0(120000.00, 120000.00) 348 680 285 522 346 0(13602.00, 13602.00)
route 161, node_num 7, cost 1061.536000, nodes: 0(120000.00, 120000.00) 21 19 701 457 241 0(44176.00, 44176.00)
route 162, node_num 7, cost 1486.744000, nodes: 0(120000.00, 120000.00) 464 1 107 372 771 0(13804.00, 13804.00)
route 163, node_num 6, cost 1004.962000, nodes: 0(120000.00, 120000.00) 3 659 388 320 0(48217.00, 48217.00)
route 164, node_num 7, cost 1394.512000, nodes: 0(120000.00, 120000.00) 401 89 485 106 265 0(20392.00, 20392.00)
route 165, node_num 7, cost 1167.922000, nodes: 0(120000.00, 120000.00) 617 129 172 397 750 0(36577.00, 36577.00)
route 166, node_num 7, cost 959.014000, nodes: 0(120000.00, 120000.00) 663 95 121 227 130 0(51499.00, 51499.00)
route 167, node_num 7, cost 1626.198000, nodes: 0(120000.00, 120000.00) 499 260 780 316 483 0(3843.00, 3843.00)
route 168, node_num 7, cost 1029.476000, nodes: 0(120000.00, 120000.00) 450 321 256 669 63 0(46466.00, 46466.00)
route 169, node_num 8, cost 1575.784000, nodes: 0(120000.00, 120000.00) 430 318 84 594 173 855(24199.00, 24199.00) 0(7444.00, 7444.00)
route 170, node_num 7, cost 1069.586000, nodes: 0(120000.00, 120000.00) 195 110 263 253 146 0(43601.00, 43601.00)
route 171, node_num 7, cost 738.766000, nodes: 0(120000.00, 120000.00) 662 777 178 747 667 0(67231.00, 67231.00)
vehicle (route) number: 172
Total cost: 260642.67
276782.51, 12611.51
266364.00, 12626.34
265117.49, 12633.80
267441.37, 12601.11
265135.11, 12619.79
265633.52, 12600.06
268247.94, 12604.92
263337.96, 12600.09
260642.67, 12603.28
263734.65, 12605.49
