Details of the solution:
route 0, node_num 8, cost 1601.936000, nodes: 0(120000.00, 120000.00) 290 761 446 382 854(58255.00, 58255.00) 470 0(5576.00, 5576.00)
route 1, node_num 8, cost 1777.258000, nodes: 0(120000.00, 120000.00) 644 738 196 302 118 872(35970.00, 42917.00) 0(0.00, 0.00)
route 2, node_num 8, cost 1701.322000, nodes: 0(120000.00, 120000.00) 727 523 352 483 410 835(44249.00, 45772.00) 0(0.00, 0.00)
route 3, node_num 7, cost 2204.874000, nodes: 0(120000.00, 120000.00) 592 731 406 624 808(16790.00, 54281.00) 0(0.00, 0.00)
route 4, node_num 7, cost 1531.376000, nodes: 0(120000.00, 120000.00) 429 494 390 835(62871.00, 62871.00) 271 0(10616.00, 10616.00)
route 5, node_num 8, cost 1656.774000, nodes: 0(120000.00, 120000.00) 781 326 207 272 545 811(24831.00, 24831.00) 0(1659.00, 1659.00)
route 6, node_num 7, cost 1759.198000, nodes: 0(120000.00, 120000.00) 584 590 307 60 872(37260.00, 42917.00) 0(0.00, 0.00)
route 7, node_num 7, cost 1607.802000, nodes: 0(120000.00, 120000.00) 680 623 46 292 854(48115.00, 48115.00) 0(5157.00, 5157.00)
route 8, node_num 7, cost 1710.632000, nodes: 0(120000.00, 120000.00) 399 621 561 799 848(22509.00, 24697.00) 0(0.00, 0.00)
route 9, node_num 7, cost 1937.572000, nodes: 0(120000.00, 120000.00) 853(84325.00, 102723.00) 456 563 504 325 0(0.00, 0.00)
route 10, node_num 6, cost 1771.784000, nodes: 0(120000.00, 120000.00) 260 455 720 820(38054.00, 44610.00) 0(0.00, 0.00)
route 11, node_num 7, cost 1707.902000, nodes: 0(120000.00, 120000.00) 752 148 304 414 845(23909.00, 25902.00) 0(0.00, 0.00)
route 12, node_num 8, cost 1812.188000, nodes: 0(120000.00, 120000.00) 506 661 128 308 11 845(16460.00, 25902.00) 0(0.00, 0.00)
route 13, node_num 7, cost 1795.108000, nodes: 0(120000.00, 120000.00) 853(84325.00, 92547.00) 509 264 111 391 0(0.00, 0.00)
route 14, node_num 7, cost 1710.786000, nodes: 0(120000.00, 120000.00) 742 407 318 476 825(39891.00, 42090.00) 0(0.00, 0.00)
route 15, node_num 7, cost 1638.364000, nodes: 0(120000.00, 120000.00) 791 373 201 45 821(42201.00, 42201.00) 0(2974.00, 2974.00)
route 16, node_num 8, cost 1655.416000, nodes: 0(120000.00, 120000.00) 634 595 638 163 381 845(27658.00, 27658.00) 0(1756.00, 1756.00)
route 17, node_num 5, cost 266.798000, nodes: 0(120000.00, 120000.00) 226 585 777 0(100943.00, 100943.00)
route 18, node_num 8, cost 1840.202000, nodes: 0(120000.00, 120000.00) 649 740 667 444 500 888(24788.00, 36231.00) 0(0.00, 0.00)
route 19, node_num 7, cost 1680.266000, nodes: 0(120000.00, 120000.00) 687 426 422 217 845(25883.00, 25902.00) 0(0.00, 0.00)
route 20, node_num 8, cost 361.578000, nodes: 0(120000.00, 120000.00) 461 220 460 522 501 48 0(94173.00, 94173.00)
route 21, node_num 8, cost 1629.670000, nodes: 0(120000.00, 120000.00) 335 605 852(79520.00, 79520.00) 250 475 714 0(3595.00, 3595.00)
route 22, node_num 8, cost 1565.928000, nodes: 0(120000.00, 120000.00) 449 282 167 112 435 879(46581.00, 46581.00) 0(8148.00, 8148.00)
route 23, node_num 6, cost 1078.938000, nodes: 0(120000.00, 120000.00) 138 508 564 753 0(42933.00, 42933.00)
route 24, node_num 8, cost 858.018000, nodes: 0(120000.00, 120000.00) 439 443 96 408 195 81 0(58713.00, 58713.00)
route 25, node_num 6, cost 1004.528000, nodes: 0(120000.00, 120000.00) 114 454 306 653 0(48248.00, 48248.00)
route 26, node_num 8, cost 1674.302000, nodes: 0(120000.00, 120000.00) 816(95738.00, 95738.00) 796 538 481 241 222 0(407.00, 407.00)
route 27, node_num 8, cost 1923.978000, nodes: 0(120000.00, 120000.00) 420 672 187 49 602 836(15824.00, 33251.00) 0(0.00, 0.00)
route 28, node_num 6, cost 897.330000, nodes: 0(120000.00, 120000.00) 219 394 556 57 0(55905.00, 55905.00)
route 29, node_num 6, cost 692.804000, nodes: 0(120000.00, 120000.00) 83 613 491 7 0(70514.00, 70514.00)
route 30, node_num 8, cost 999.194000, nodes: 0(120000.00, 120000.00) 104 704 557 658 15 254 0(48629.00, 48629.00)
route 31, node_num 7, cost 1888.544000, nodes: 0(120000.00, 120000.00) 608 568 519 453 836(18355.00, 33251.00) 0(0.00, 0.00)
route 32, node_num 7, cost 1451.996000, nodes: 0(120000.00, 120000.00) 122 19 783 244 182 0(16286.00, 16286.00)
route 33, node_num 7, cost 777.742000, nodes: 0(120000.00, 120000.00) 338 237 79 695 629 0(64447.00, 64447.00)
route 34, node_num 5, cost 297.276000, nodes: 0(120000.00, 120000.00) 473 291 489 0(98766.00, 98766.00)
route 35, node_num 8, cost 1555.442000, nodes: 0(120000.00, 120000.00) 655 261 678 54 739 836(42148.00, 42148.00) 0(8897.00, 8897.00)
route 36, node_num 7, cost 1571.906000, nodes: 0(120000.00, 120000.00) 52 270 389 657 825(49811.00, 49811.00) 0(7721.00, 7721.00)
route 37, node_num 5, cost 1381.184000, nodes: 0(120000.00, 120000.00) 259 103 565 0(21344.00, 21344.00)
route 38, node_num 7, cost 917.434000, nodes: 0(120000.00, 120000.00) 498 206 24 610 546 0(54469.00, 54469.00)
route 39, node_num 8, cost 1775.704000, nodes: 0(120000.00, 120000.00) 330 423 421 248 346 872(36081.00, 42917.00) 0(0.00, 0.00)
route 40, node_num 8, cost 1680.686000, nodes: 0(120000.00, 120000.00) 844(106638.00, 106687.00) 733 596 441 760 771 0(0.00, 0.00)
route 41, node_num 6, cost 1075.956000, nodes: 0(120000.00, 120000.00) 412 159 329 536 0(43146.00, 43146.00)
route 42, node_num 8, cost 591.752000, nodes: 0(120000.00, 120000.00) 185 459 142 790 334 398 0(77732.00, 77732.00)
route 43, node_num 7, cost 1381.884000, nodes: 0(120000.00, 120000.00) 86 75 61 109 316 0(21294.00, 21294.00)
route 44, node_num 8, cost 1907.626000, nodes: 0(120000.00, 120000.00) 765 336 117 432 496 876(10192.00, 26451.00) 0(0.00, 0.00)
route 45, node_num 5, cost 1158.850000, nodes: 0(120000.00, 120000.00) 127 642 560 0(37225.00, 37225.00)
route 46, node_num 7, cost 1253.350000, nodes: 0(120000.00, 120000.00) 321 6 77 37 221 0(30475.00, 30475.00)
route 47, node_num 6, cost 1563.562000, nodes: 0(120000.00, 120000.00) 70 286 524 675 0(8317.00, 8317.00)
route 48, node_num 6, cost 1134.560000, nodes: 0(120000.00, 120000.00) 510 151 378 694 0(38960.00, 38960.00)
route 49, node_num 6, cost 1358.280000, nodes: 0(120000.00, 120000.00) 600 354 355 175 0(22980.00, 22980.00)
route 50, node_num 7, cost 1176.980000, nodes: 0(120000.00, 120000.00) 190 139 5 800 431 0(35930.00, 35930.00)
route 51, node_num 7, cost 1904.490000, nodes: 0(120000.00, 120000.00) 427 525 160 548 845(9867.00, 25902.00) 0(0.00, 0.00)
route 52, node_num 5, cost 829.738000, nodes: 0(120000.00, 120000.00) 478 120 697 0(60733.00, 60733.00)
route 53, node_num 7, cost 423.388000, nodes: 0(120000.00, 120000.00) 516 183 165 337 721 0(89758.00, 89758.00)
route 54, node_num 8, cost 1323.770000, nodes: 0(120000.00, 120000.00) 499 340 685 531 296 743 0(25445.00, 25445.00)
route 55, node_num 7, cost 1587.320000, nodes: 0(120000.00, 120000.00) 579 314 497 457 232 0(6620.00, 6620.00)
route 56, node_num 6, cost 1167.670000, nodes: 0(120000.00, 120000.00) 174 640 154 229 0(36595.00, 36595.00)
route 57, node_num 7, cost 906.472000, nodes: 0(120000.00, 120000.00) 227 166 736 641 674 0(55252.00, 55252.00)
route 58, node_num 5, cost 187.236000, nodes: 0(120000.00, 120000.00) 580 279 359 0(106626.00, 106626.00)
route 59, node_num 6, cost 1089.046000, nodes: 0(120000.00, 120000.00) 247 274 688 21 0(42211.00, 42211.00)
route 60, node_num 7, cost 633.458000, nodes: 0(120000.00, 120000.00) 205 130 745 72 719 0(74753.00, 74753.00)
route 61, node_num 7, cost 1645.154000, nodes: 0(120000.00, 120000.00) 857(94699.00, 94699.00) 620 549 665 722 0(2489.00, 2489.00)
route 62, node_num 8, cost 683.606000, nodes: 0(120000.00, 120000.00) 430 488 208 434 289 32 0(71171.00, 71171.00)
route 63, node_num 7, cost 1592.752000, nodes: 0(120000.00, 120000.00) 405 357 331 785 848(30929.00, 30929.00) 0(6232.00, 6232.00)
route 64, node_num 5, cost 494.186000, nodes: 0(120000.00, 120000.00) 228 256 164 0(84701.00, 84701.00)
route 65, node_num 6, cost 385.616000, nodes: 0(120000.00, 120000.00) 477 95 89 442 0(92456.00, 92456.00)
route 66, node_num 7, cost 459.508000, nodes: 0(120000.00, 120000.00) 294 88 367 718 751 0(87178.00, 87178.00)
route 67, node_num 6, cost 1505.896000, nodes: 0(120000.00, 120000.00) 168 437 466 686 0(12436.00, 12436.00)
route 68, node_num 6, cost 1231.398000, nodes: 0(120000.00, 120000.00) 143 679 776 770 0(32043.00, 32043.00)
route 69, node_num 7, cost 1599.038000, nodes: 0(120000.00, 120000.00) 255 526 774 171 893(19873.00, 19873.00) 0(5783.00, 5783.00)
route 70, node_num 6, cost 1046.570000, nodes: 0(120000.00, 120000.00) 787 370 741 513 0(45245.00, 45245.00)
route 71, node_num 6, cost 959.070000, nodes: 0(120000.00, 120000.00) 617 793 622 528 0(51495.00, 51495.00)
route 72, node_num 7, cost 1113.980000, nodes: 0(120000.00, 120000.00) 428 162 490 782 135 0(40430.00, 40430.00)
route 73, node_num 6, cost 429.506000, nodes: 0(120000.00, 120000.00) 468 558 388 609 0(89321.00, 89321.00)
route 74, node_num 7, cost 1552.586000, nodes: 0(120000.00, 120000.00) 612 786 654 343 836(42352.00, 42352.00) 0(9101.00, 9101.00)
route 75, node_num 7, cost 939.358000, nodes: 0(120000.00, 120000.00) 363 619 198 234 601 0(52903.00, 52903.00)
route 76, node_num 7, cost 940.380000, nodes: 0(120000.00, 120000.00) 20 749 268 639 543 0(52830.00, 52830.00)
route 77, node_num 8, cost 1542.688000, nodes: 0(120000.00, 120000.00) 823(109240.00, 109240.00) 637 376 700 251 84 0(9808.00, 9808.00)
route 78, node_num 4, cost 335.608000, nodes: 0(120000.00, 120000.00) 631 717 0(96028.00, 96028.00)
route 79, node_num 8, cost 457.394000, nodes: 0(120000.00, 120000.00) 23 615 767 93 231 425 0(87329.00, 87329.00)
route 80, node_num 7, cost 976.150000, nodes: 0(120000.00, 120000.00) 269 210 319 209 258 0(50275.00, 50275.00)
route 81, node_num 7, cost 446.796000, nodes: 0(120000.00, 120000.00) 723 288 364 200 479 0(88086.00, 88086.00)
route 82, node_num 8, cost 867.552000, nodes: 0(120000.00, 120000.00) 8 59 759 323 384 126 0(58032.00, 58032.00)
route 83, node_num 7, cost 1596.854000, nodes: 0(120000.00, 120000.00) 371 663 56 493 832(39906.00, 39906.00) 0(5939.00, 5939.00)
route 84, node_num 6, cost 416.178000, nodes: 0(120000.00, 120000.00) 333 144 573 47 0(90273.00, 90273.00)
route 85, node_num 6, cost 1278.312000, nodes: 0(120000.00, 120000.00) 625 1 82 239 0(28692.00, 28692.00)
route 86, node_num 5, cost 984.984000, nodes: 0(120000.00, 120000.00) 574 131 764 0(49644.00, 49644.00)
route 87, node_num 7, cost 1588.846000, nodes: 0(120000.00, 120000.00) 413 277 539 12 880(41439.00, 41439.00) 0(6511.00, 6511.00)
route 88, node_num 8, cost 1899.002000, nodes: 0(120000.00, 120000.00) 773 404 711 754 755 835(30129.00, 45772.00) 0(0.00, 0.00)
route 89, node_num 8, cost 1635.480000, nodes: 0(120000.00, 120000.00) 99 607 141 503 233 835(48952.00, 48952.00) 0(3180.00, 3180.00)
route 90, node_num 6, cost 1045.940000, nodes: 0(120000.00, 120000.00) 44 341 366 295 0(45290.00, 45290.00)
route 91, node_num 7, cost 493.696000, nodes: 0(120000.00, 120000.00) 262 215 451 570 487 0(84736.00, 84736.00)
route 92, node_num 9, cost 1650.460000, nodes: 0(120000.00, 120000.00) 78 66 698 440 73 194 814(39726.00, 39726.00) 0(2110.00, 2110.00)
route 93, node_num 5, cost 1381.324000, nodes: 0(120000.00, 120000.00) 464 14 156 0(21334.00, 21334.00)
route 94, node_num 8, cost 719.390000, nodes: 0(120000.00, 120000.00) 38 140 562 591 450 134 0(68615.00, 68615.00)
route 95, node_num 7, cost 1574.174000, nodes: 0(120000.00, 120000.00) 853(84325.00, 84325.00) 582 287 276 401 0(7559.00, 7559.00)
route 96, node_num 6, cost 1640.282000, nodes: 0(120000.00, 120000.00) 484 643 666 877(45313.00, 45313.00) 0(2837.00, 2837.00)
route 97, node_num 5, cost 374.234000, nodes: 0(120000.00, 120000.00) 31 662 472 0(93269.00, 93269.00)
route 98, node_num 6, cost 999.670000, nodes: 0(120000.00, 120000.00) 35 571 51 293 0(48595.00, 48595.00)
route 99, node_num 8, cost 1071.448000, nodes: 0(120000.00, 120000.00) 763 397 108 383 670 191 0(43468.00, 43468.00)
route 100, node_num 6, cost 614.656000, nodes: 0(120000.00, 120000.00) 729 129 298 121 0(76096.00, 76096.00)
route 101, node_num 7, cost 1602.538000, nodes: 0(120000.00, 120000.00) 36 467 280 94 875(43350.00, 43350.00) 0(5533.00, 5533.00)
route 102, node_num 7, cost 1596.322000, nodes: 0(120000.00, 120000.00) 238 514 33 463 880(40905.00, 40905.00) 0(5977.00, 5977.00)
route 103, node_num 8, cost 842.660000, nodes: 0(120000.00, 120000.00) 97 540 690 606 396 566 0(59810.00, 59810.00)
route 104, node_num 6, cost 1515.836000, nodes: 0(120000.00, 120000.00) 246 157 734 664 0(11726.00, 11726.00)
route 105, node_num 7, cost 1961.036000, nodes: 0(120000.00, 120000.00) 881(92118.00, 120000.00) 281 547 730 527 0(7808.00, 7808.00)
route 106, node_num 6, cost 1710.506000, nodes: 0(120000.00, 120000.00) 230 583 358 872(40738.00, 42917.00) 0(0.00, 0.00)
route 107, node_num 8, cost 1707.958000, nodes: 0(120000.00, 120000.00) 578 395 69 575 342 832(31970.00, 33967.00) 0(0.00, 0.00)
route 108, node_num 8, cost 1001.574000, nodes: 0(120000.00, 120000.00) 535 436 297 597 13 598 0(48459.00, 48459.00)
route 109, node_num 6, cost 885.080000, nodes: 0(120000.00, 120000.00) 445 368 379 235 0(56780.00, 56780.00)
route 110, node_num 6, cost 1288.084000, nodes: 0(120000.00, 120000.00) 798 660 645 242 0(27994.00, 27994.00)
route 111, node_num 8, cost 925.932000, nodes: 0(120000.00, 120000.00) 702 360 424 107 569 626 0(53862.00, 53862.00)
route 112, node_num 7, cost 850.752000, nodes: 0(120000.00, 120000.00) 374 284 659 385 532 0(59232.00, 59232.00)
route 113, node_num 7, cost 1011.318000, nodes: 0(120000.00, 120000.00) 303 567 387 677 507 0(47763.00, 47763.00)
route 114, node_num 7, cost 500.962000, nodes: 0(120000.00, 120000.00) 707 465 361 311 725 0(84217.00, 84217.00)
route 115, node_num 7, cost 947.408000, nodes: 0(120000.00, 120000.00) 651 576 301 310 299 0(52328.00, 52328.00)
route 116, node_num 7, cost 952.350000, nodes: 0(120000.00, 120000.00) 716 98 147 351 668 0(51975.00, 51975.00)
route 117, node_num 8, cost 1576.708000, nodes: 0(120000.00, 120000.00) 885(97648.00, 97648.00) 105 732 115 438 762 0(7378.00, 7378.00)
route 118, node_num 8, cost 1585.024000, nodes: 0(120000.00, 120000.00) 616 402 689 559 278 878(35045.00, 35045.00) 0(6784.00, 6784.00)
route 119, node_num 7, cost 1032.024000, nodes: 0(120000.00, 120000.00) 350 345 257 705 474 0(46284.00, 46284.00)
route 120, node_num 6, cost 1395.968000, nodes: 0(120000.00, 120000.00) 102 788 211 758 0(20288.00, 20288.00)
route 121, node_num 6, cost 1184.960000, nodes: 0(120000.00, 120000.00) 511 797 681 63 0(35360.00, 35360.00)
route 122, node_num 8, cost 1613.682000, nodes: 0(120000.00, 120000.00) 315 726 669 696 482 875(42554.00, 42554.00) 0(4737.00, 4737.00)
route 123, node_num 6, cost 669.326000, nodes: 0(120000.00, 120000.00) 158 635 365 646 0(72191.00, 72191.00)
route 124, node_num 8, cost 1534.890000, nodes: 0(120000.00, 120000.00) 709 756 676 125 155 806(46603.00, 46603.00) 0(10365.00, 10365.00)
route 125, node_num 7, cost 1190.070000, nodes: 0(120000.00, 120000.00) 372 486 43 136 603 0(34995.00, 34995.00)
route 126, node_num 8, cost 1676.934000, nodes: 0(120000.00, 120000.00) 223 588 521 245 746 898(41463.00, 41463.00) 0(219.00, 219.00)
route 127, node_num 5, cost 1399.174000, nodes: 0(120000.00, 120000.00) 400 179 630 0(20059.00, 20059.00)
route 128, node_num 6, cost 570.528000, nodes: 0(120000.00, 120000.00) 124 713 593 240 0(79248.00, 79248.00)
route 129, node_num 7, cost 1638.994000, nodes: 0(120000.00, 120000.00) 650 369 327 766 826(41113.00, 41113.00) 0(2929.00, 2929.00)
route 130, node_num 7, cost 1132.852000, nodes: 0(120000.00, 120000.00) 386 216 26 273 153 0(39082.00, 39082.00)
route 131, node_num 7, cost 1116.388000, nodes: 0(120000.00, 120000.00) 469 285 572 324 34 0(40258.00, 40258.00)
route 132, node_num 7, cost 657.986000, nodes: 0(120000.00, 120000.00) 18 17 708 347 403 0(73001.00, 73001.00)
route 133, node_num 8, cost 970.578000, nodes: 0(120000.00, 120000.00) 789 632 236 691 492 769 0(50673.00, 50673.00)
route 134, node_num 7, cost 895.720000, nodes: 0(120000.00, 120000.00) 199 417 544 618 587 0(56020.00, 56020.00)
route 135, node_num 6, cost 1492.974000, nodes: 0(120000.00, 120000.00) 699 132 411 529 0(13359.00, 13359.00)
route 136, node_num 7, cost 1392.244000, nodes: 0(120000.00, 120000.00) 419 693 9 747 614 0(20554.00, 20554.00)
route 137, node_num 6, cost 1331.050000, nodes: 0(120000.00, 120000.00) 193 80 344 170 0(24925.00, 24925.00)
route 138, node_num 5, cost 1112.972000, nodes: 0(120000.00, 120000.00) 133 253 28 0(40502.00, 40502.00)
route 139, node_num 7, cost 732.060000, nodes: 0(120000.00, 120000.00) 471 418 792 203 495 0(67710.00, 67710.00)
route 140, node_num 6, cost 1084.650000, nodes: 0(120000.00, 120000.00) 611 265 735 243 0(42525.00, 42525.00)
route 141, node_num 6, cost 1459.444000, nodes: 0(120000.00, 120000.00) 683 648 172 703 0(15754.00, 15754.00)
route 142, node_num 8, cost 1471.106000, nodes: 0(120000.00, 120000.00) 892(87550.00, 87550.00) 448 177 415 517 433 0(14921.00, 14921.00)
route 143, node_num 7, cost 654.472000, nodes: 0(120000.00, 120000.00) 181 744 309 74 393 0(73252.00, 73252.00)
route 144, node_num 6, cost 1529.514000, nodes: 0(120000.00, 120000.00) 520 447 176 780 0(10749.00, 10749.00)
route 145, node_num 8, cost 359.548000, nodes: 0(120000.00, 120000.00) 317 204 656 627 636 39 0(94318.00, 94318.00)
route 146, node_num 8, cost 1598.590000, nodes: 0(120000.00, 120000.00) 332 772 116 737 275 836(39066.00, 39066.00) 0(5815.00, 5815.00)
route 147, node_num 7, cost 1273.062000, nodes: 0(120000.00, 120000.00) 628 263 267 85 353 0(29067.00, 29067.00)
route 148, node_num 8, cost 1510.698000, nodes: 0(120000.00, 120000.00) 874(107295.00, 120000.00) 320 224 778 779 212 0(24798.00, 24798.00)
route 149, node_num 7, cost 1054.144000, nodes: 0(120000.00, 120000.00) 55 189 633 554 541 0(44704.00, 44704.00)
route 150, node_num 6, cost 1349.320000, nodes: 0(120000.00, 120000.00) 312 599 701 145 0(23620.00, 23620.00)
route 151, node_num 7, cost 1143.212000, nodes: 0(120000.00, 120000.00) 712 123 552 29 784 0(38342.00, 38342.00)
route 152, node_num 7, cost 560.966000, nodes: 0(120000.00, 120000.00) 533 586 348 515 100 0(79931.00, 79931.00)
route 153, node_num 8, cost 1564.948000, nodes: 0(120000.00, 120000.00) 42 40 71 534 416 864(14579.00, 14579.00) 0(8218.00, 8218.00)
route 154, node_num 6, cost 1413.230000, nodes: 0(120000.00, 120000.00) 27 202 380 101 0(19055.00, 19055.00)
route 155, node_num 6, cost 1614.732000, nodes: 0(120000.00, 120000.00) 757 728 706 581 0(4662.00, 4662.00)
route 156, node_num 8, cost 366.786000, nodes: 0(120000.00, 120000.00) 65 92 150 795 161 692 0(93801.00, 93801.00)
route 157, node_num 6, cost 1351.966000, nodes: 0(120000.00, 120000.00) 577 113 213 673 0(23431.00, 23431.00)
route 158, node_num 7, cost 1531.040000, nodes: 0(120000.00, 120000.00) 892(87550.00, 87550.00) 480 452 604 409 0(10640.00, 10640.00)
route 159, node_num 7, cost 1486.422000, nodes: 0(120000.00, 120000.00) 305 137 485 87 652 0(13827.00, 13827.00)
route 160, node_num 7, cost 1052.898000, nodes: 0(120000.00, 120000.00) 64 356 313 553 110 0(44793.00, 44793.00)
route 161, node_num 8, cost 1486.674000, nodes: 0(120000.00, 120000.00) 518 750 502 684 214 832(47776.00, 47776.00) 0(13809.00, 13809.00)
route 162, node_num 7, cost 1942.360000, nodes: 0(120000.00, 120000.00) 890(82075.00, 114075.00) 186 3 505 249 0(13260.00, 13260.00)
route 163, node_num 7, cost 1366.834000, nodes: 0(120000.00, 120000.00) 362 218 458 53 178 0(22369.00, 22369.00)
route 164, node_num 7, cost 1952.132000, nodes: 0(120000.00, 120000.00) 724 16 22 794 876(7013.00, 26451.00) 0(0.00, 0.00)
route 165, node_num 6, cost 1350.790000, nodes: 0(120000.00, 120000.00) 192 76 184 252 0(23515.00, 23515.00)
route 166, node_num 7, cost 1590.974000, nodes: 0(120000.00, 120000.00) 188 671 392 90 877(48835.00, 48835.00) 0(6359.00, 6359.00)
route 167, node_num 7, cost 905.562000, nodes: 0(120000.00, 120000.00) 58 322 300 10 748 0(55317.00, 55317.00)
route 168, node_num 6, cost 775.208000, nodes: 0(120000.00, 120000.00) 710 68 106 119 0(64628.00, 64628.00)
route 169, node_num 7, cost 814.366000, nodes: 0(120000.00, 120000.00) 4 377 349 91 375 0(61831.00, 61831.00)
route 170, node_num 7, cost 1569.582000, nodes: 0(120000.00, 120000.00) 885(97648.00, 97648.00) 537 173 50 555 0(7887.00, 7887.00)
route 171, node_num 7, cost 1270.640000, nodes: 0(120000.00, 120000.00) 62 339 530 462 180 0(29240.00, 29240.00)
route 172, node_num 5, cost 461.258000, nodes: 0(120000.00, 120000.00) 589 542 283 0(87053.00, 87053.00)
route 173, node_num 5, cost 1020.670000, nodes: 0(120000.00, 120000.00) 551 768 146 0(47095.00, 47095.00)
route 174, node_num 6, cost 1013.852000, nodes: 0(120000.00, 120000.00) 197 682 328 67 0(47582.00, 47582.00)
route 175, node_num 7, cost 1229.214000, nodes: 0(120000.00, 120000.00) 775 169 594 715 2 0(32199.00, 32199.00)
route 176, node_num 7, cost 1064.476000, nodes: 0(120000.00, 120000.00) 225 550 152 266 30 0(43966.00, 43966.00)
route 177, node_num 7, cost 1073.380000, nodes: 0(120000.00, 120000.00) 149 25 41 512 647 0(43330.00, 43330.00)
vehicle (route) number: 178
Total cost: 271098.99
287918.36, 12604.36
278005.83, 12620.66
272631.67, 12613.84
277252.58, 12634.63
279225.00, 12619.14
276725.52, 12611.61
271098.99, 12610.23
277080.53, 12604.96
277358.78, 12047.34
272701.18, 12609.23
