Details of the solution:
route 0, node_num 11, cost 118.986074, nodes: 0(79.69, 79.69) 67 74 120(38.46, 79.69) 79 77 80 72 61 66 0(1.93, 1.93)
route 1, node_num 11, cost 125.423650, nodes: 0(79.69, 79.69) 120(41.22, 79.69) 73 70 71 76 78 81 120(32.18, 39.44) 63 0(0.00, 0.00)
route 2, node_num 13, cost 66.182194, nodes: 0(79.69, 79.69) 41 40 42 44 45 46 47 48 51 50 49 0(13.51, 13.51)
route 3, node_num 11, cost 109.791268, nodes: 0(79.69, 79.69) 59 60 58 56 53 117(17.98, 79.69) 54 55 57 0(31.61, 31.61)
route 4, node_num 12, cost 96.051766, nodes: 0(79.69, 79.69) 98 96 95 94 92 93 97 100 99 104(16.29, 32.65) 0(0.00, 0.00)
route 5, node_num 12, cost 76.844165, nodes: 0(79.69, 79.69) 90 87 86 82 83 84 85 88 89 91 0(2.85, 2.85)
route 6, node_num 13, cost 98.792492, nodes: 0(79.69, 79.69) 23 30 34 36 39 38 37 35 31 52 114(0.00, 19.10) 0(0.00, 0.00)
route 7, node_num 13, cost 109.421294, nodes: 0(79.69, 79.69) 75 1 12 14 16 19 18 17 15 108(6.17, 51.42) 13 0(15.51, 15.51)
route 8, node_num 14, cost 111.941181, nodes: 0(79.69, 79.69) 20 24 29 32 33 28 110(16.50, 48.75) 26 10 11 9 8 0(0.00, 0.00)
route 9, node_num 8, cost 60.129523, nodes: 0(79.69, 79.69) 65 62 64 68 69 43 0(19.56, 19.56)
route 10, node_num 12, cost 71.203795, nodes: 0(79.69, 79.69) 21 22 25 27 7 2 4 6 3 5 0(8.49, 8.49)
vehicle (route) number: 11
Total cost: 12044.77
13020.70, 105.93
13021.28, 133.61
13020.63, 150.80
13036.61, 86.68
13029.48, 48.93
13030.69, 210.92
13022.22, 108.71
13032.84, 140.45
13051.94, 7.64
12044.77, 602.41
