Details of the solution:
route 0, node_num 13, cost 64.107897, nodes: 0(79.69, 79.69) 7 3 75 1 2 4 6 10 11 9 8 0(15.58, 15.58)
route 1, node_num 11, cost 99.317589, nodes: 0(79.69, 79.69) 15 108(40.63, 68.23) 12 14 16 19 18 17 13 0(7.97, 7.97)
route 2, node_num 13, cost 97.639830, nodes: 0(79.69, 79.69) 98 96 95 94 92 93 97 100 99 104(16.29, 34.24) 5 0(0.00, 0.00)
route 3, node_num 12, cost 76.069565, nodes: 0(79.69, 79.69) 91 89 88 85 84 82 83 86 87 90 0(3.62, 3.62)
route 4, node_num 13, cost 128.342303, nodes: 0(79.69, 79.69) 67 65 63 120(39.19, 48.74) 73 77 80 119(8.63, 51.00) 72 61 64 0(3.27, 3.27)
route 5, node_num 14, cost 136.319011, nodes: 0(79.69, 79.69) 69 74 120(34.67, 50.54) 79 70 71 76 78 81 120(2.99, 43.74) 62 66 0(0.00, 0.00)
route 6, node_num 12, cost 111.218184, nodes: 0(79.69, 79.69) 59 60 58 56 53 117(17.98, 79.69) 54 55 57 68 0(30.18, 30.18)
route 7, node_num 14, cost 69.732534, nodes: 0(79.69, 79.69) 41 40 44 45 48 51 50 47 43 42 46 49 0(9.96, 9.96)
route 8, node_num 13, cost 113.261875, nodes: 0(79.69, 79.69) 34 36 39 32 33 38 37 35 31 112(0.29, 33.86) 52 0(0.00, 0.00)
route 9, node_num 13, cost 58.510096, nodes: 0(79.69, 79.69) 23 24 25 27 29 28 30 26 22 21 20 0(21.18, 21.18)
vehicle (route) number: 10
Total cost: 10954.52
11986.89, 219.24
11987.65, 500.09
10954.52, 65.30
12005.74, 329.68
10995.37, 100.66
11996.61, 212.40
11998.15, 190.95
11981.77, 168.92
11024.25, 224.10
11984.49, 533.78
