Details of the solution:
route 0, node_num 13, cost 73.127314, nodes: 0(79.69, 79.69) 63 74 62 65 67 69 68 64 72 61 66 0(6.56, 6.56)
route 1, node_num 13, cost 112.765788, nodes: 0(79.69, 79.69) 59 57 60 58 56 53 117(15.24, 64.95) 54 55 40 41 0(16.64, 16.64)
route 2, node_num 13, cost 50.803590, nodes: 0(79.69, 79.69) 20 24 25 27 29 30 28 26 23 22 21 0(28.89, 28.89)
route 3, node_num 14, cost 97.537277, nodes: 0(79.69, 79.69) 98 96 95 94 92 93 97 100 99 104(16.29, 34.14) 2 1 0(0.00, 0.00)
route 4, node_num 13, cost 112.537768, nodes: 0(79.69, 79.69) 52 112(45.83, 79.69) 31 32 33 38 35 37 39 36 34 0(1.01, 1.01)
route 5, node_num 12, cost 63.237357, nodes: 0(79.69, 79.69) 42 44 45 48 51 50 46 43 47 49 0(16.45, 16.45)
route 6, node_num 12, cost 76.069565, nodes: 0(79.69, 79.69) 90 87 86 83 82 84 85 88 89 91 0(3.62, 3.62)
route 7, node_num 9, cost 49.469890, nodes: 0(79.69, 79.69) 75 5 3 7 4 6 10 0(30.22, 30.22)
route 8, node_num 14, cost 102.954849, nodes: 0(79.69, 79.69) 9 106(47.93, 71.19) 12 14 16 15 19 18 17 13 11 8 0(-0.00, -0.00)
route 9, node_num 13, cost 136.132887, nodes: 0(79.69, 79.69) 120(41.22, 59.19) 79 77 73 70 71 76 78 81 80 120(-0.00, 38.47) 0(0.00, 0.00)
vehicle (route) number: 10
Total cost: 10874.64
10874.64, 591.40
10896.91, 498.07
10906.36, 79.75
11907.16, 473.29
10890.40, 336.61
10902.29, 49.07
10895.52, 382.08
10896.60, 84.05
10918.98, 520.80
10900.76, 572.21
