Details of the solution:
route 0, node_num 13, cost 67.579796, nodes: 0(79.69, 79.69) 21 22 25 27 30 28 26 10 11 9 8 0(12.11, 12.11)
route 1, node_num 11, cost 101.297916, nodes: 0(79.69, 79.69) 106(48.64, 79.69) 12 14 16 19 18 17 15 13 0(9.44, 9.44)
route 2, node_num 14, cost 106.674893, nodes: 0(79.69, 79.69) 63 62 64 68 69 102(14.41, 41.39) 83 84 85 88 89 91 0(0.00, 0.00)
route 3, node_num 12, cost 64.053643, nodes: 0(79.69, 79.69) 67 65 40 42 44 45 48 46 47 43 0(15.64, 15.64)
route 4, node_num 12, cost 96.051766, nodes: 0(79.69, 79.69) 98 96 95 94 92 93 97 100 99 104(16.29, 32.65) 0(0.00, 0.00)
route 5, node_num 10, cost 47.785754, nodes: 0(79.69, 79.69) 75 1 2 4 6 7 3 5 0(31.90, 31.90)
route 6, node_num 13, cost 135.743401, nodes: 0(79.69, 79.69) 74 120(38.63, 66.56) 73 70 79 77 80 119(18.45, 50.25) 72 61 66 0(3.68, 3.68)
route 7, node_num 12, cost 124.384756, nodes: 0(79.69, 79.69) 90 87 86 82 121(25.47, 31.70) 71 76 78 81 120(0.00, 38.47) 0(0.00, 0.00)
route 8, node_num 12, cost 110.678390, nodes: 0(79.69, 79.69) 41 59 60 58 56 53 117(17.09, 68.13) 54 55 57 0(20.04, 20.04)
route 9, node_num 11, cost 93.750993, nodes: 0(79.69, 79.69) 20 24 34 36 39 38 37 35 114(5.04, 19.10) 0(0.00, 0.00)
route 10, node_num 12, cost 88.610594, nodes: 0(79.69, 79.69) 23 29 32 33 31 112(30.73, 79.69) 51 50 52 49 0(40.04, 40.04)
vehicle (route) number: 11
Total cost: 12036.61
13032.35, 3.02
13025.77, 176.52
13025.55, 25.71
12036.61, 72.94
13035.28, 27.25
12066.11, 372.54
13025.72, 44.37
12088.86, 153.51
13027.21, 254.46
12057.22, 219.20
