Details of the solution:
route 0, node_num 11, cost 109.791268, nodes: 0(79.69, 79.69) 59 60 58 56 53 117(17.98, 79.69) 54 55 57 0(31.61, 31.61)
route 1, node_num 11, cost 101.297916, nodes: 0(79.69, 79.69) 106(48.64, 79.69) 12 14 16 19 18 17 15 13 0(9.44, 9.44)
route 2, node_num 13, cost 127.833696, nodes: 0(79.69, 79.69) 65 63 74 120(37.84, 47.51) 73 70 71 76 78 81 120(0.00, 38.47) 0(0.00, 0.00)
route 3, node_num 14, cost 101.985565, nodes: 0(79.69, 79.69) 20 34 36 39 38 37 35 112(17.35, 39.65) 51 50 52 49 0(0.00, 0.00)
route 4, node_num 14, cost 131.137696, nodes: 0(79.69, 79.69) 90 87 86 102(45.46, 63.68) 82 79 77 80 119(13.35, 46.57) 72 61 66 0(0.00, 0.00)
route 5, node_num 11, cost 55.127409, nodes: 0(79.69, 79.69) 41 40 42 44 45 48 46 47 43 0(24.56, 24.56)
route 6, node_num 9, cost 45.100260, nodes: 0(79.69, 79.69) 21 23 25 27 30 28 26 0(34.59, 34.59)
route 7, node_num 8, cost 75.839396, nodes: 0(79.69, 79.69) 22 24 29 32 33 31 0(3.85, 3.85)
route 8, node_num 14, cost 105.570265, nodes: 0(79.69, 79.69) 67 62 64 68 69 102(15.51, 41.39) 83 84 85 88 89 91 0(0.00, 0.00)
route 9, node_num 12, cost 60.926055, nodes: 0(79.69, 79.69) 75 1 2 4 6 7 10 11 9 8 0(18.76, 18.76)
route 10, node_num 14, cost 104.483642, nodes: 0(79.69, 79.69) 104(47.04, 71.83) 98 96 95 94 92 93 97 100 99 3 5 0(0.00, 0.00)
vehicle (route) number: 11
Total cost: 12019.09
13027.38, 67.95
12053.82, 30.01
12036.72, 359.53
12036.25, 109.70
13031.16, 181.33
13027.20, 153.18
13023.84, 7.11
12019.09, 240.55
13023.87, 184.20
13032.58, 35.23
