Details of the solution:
route 0, node_num 13, cost 142.154165, nodes: 0(79.69, 79.69) 74 120(38.63, 63.61) 73 70 71 79 77 80 119(9.06, 46.55) 72 61 0(0.00, 0.00)
route 1, node_num 13, cost 133.497516, nodes: 0(79.69, 79.69) 65 63 62 64 68 69 120(17.34, 32.68) 76 78 81 120(0.00, 38.47) 0(0.00, 0.00)
route 2, node_num 12, cost 76.844165, nodes: 0(79.69, 79.69) 90 87 86 82 83 84 85 88 89 91 0(2.85, 2.85)
route 3, node_num 12, cost 105.527503, nodes: 0(79.69, 79.69) 23 108(41.19, 79.69) 12 14 16 19 18 17 15 13 0(12.66, 12.66)
route 4, node_num 7, cost 75.959048, nodes: 0(79.69, 79.69) 20 32 33 31 52 0(3.73, 3.73)
route 5, node_num 11, cost 55.127409, nodes: 0(79.69, 79.69) 41 40 42 44 45 48 46 47 43 0(24.56, 24.56)
route 6, node_num 13, cost 116.253953, nodes: 0(79.69, 79.69) 67 59 60 58 56 53 117(14.26, 54.58) 54 55 57 66 0(3.76, 3.76)
route 7, node_num 14, cost 99.867810, nodes: 0(79.69, 79.69) 24 29 34 36 39 38 37 35 112(16.91, 37.09) 51 50 49 0(0.00, 0.00)
route 8, node_num 10, cost 47.785754, nodes: 0(79.69, 79.69) 75 1 2 4 6 7 3 5 0(31.90, 31.90)
route 9, node_num 13, cost 67.579796, nodes: 0(79.69, 79.69) 21 22 25 27 30 28 26 10 11 9 8 0(12.11, 12.11)
route 10, node_num 12, cost 96.051766, nodes: 0(79.69, 79.69) 98 96 95 94 92 93 97 100 99 104(16.29, 32.65) 0(0.00, 0.00)
vehicle (route) number: 11
Total cost: 12016.65
12032.80, 298.42
13072.68, 130.54
12037.10, 5.09
12082.28, 406.06
12039.16, 121.74
12137.53, 94.26
12016.65, 100.48
12032.84, 181.51
12031.45, 70.75
12129.80, 103.21
