Details of the solution:
route 0, node_num 11, cost 101.297916, nodes: 0(79.69, 79.69) 106(48.64, 79.69) 12 14 16 19 18 17 15 13 0(9.44, 9.44)
route 1, node_num 13, cost 129.453206, nodes: 0(79.69, 79.69) 90 87 86 82 83 102(37.91, 49.20) 71 76 78 81 120(0.00, 38.47) 0(0.00, 0.00)
route 2, node_num 8, cost 75.068320, nodes: 0(79.69, 79.69) 20 24 29 32 33 31 0(4.62, 4.62)
route 3, node_num 14, cost 104.785217, nodes: 0(79.69, 79.69) 23 34 36 39 38 37 35 112(14.55, 39.65) 51 50 52 49 0(0.00, 0.00)
route 4, node_num 14, cost 106.064853, nodes: 0(79.69, 79.69) 67 65 62 64 68 69 102(14.96, 41.33) 84 85 88 89 91 0(-0.00, -0.00)
route 5, node_num 9, cost 42.252068, nodes: 0(79.69, 79.69) 21 22 25 27 30 28 26 0(37.44, 37.44)
route 6, node_num 14, cost 134.405521, nodes: 0(79.69, 79.69) 63 74 120(38.50, 57.93) 70 73 77 79 80 119(11.29, 46.57) 72 61 66 0(0.00, 0.00)
route 7, node_num 14, cost 97.919633, nodes: 0(79.69, 79.69) 98 96 95 94 92 93 97 100 99 104(16.29, 34.52) 3 5 0(0.00, 0.00)
route 8, node_num 10, cost 52.298982, nodes: 0(79.69, 79.69) 41 42 44 45 48 46 47 43 0(27.39, 27.39)
route 9, node_num 12, cost 110.646758, nodes: 0(79.69, 79.69) 40 59 60 58 56 53 117(17.13, 48.08) 54 55 57 0(0.00, 0.00)
route 10, node_num 12, cost 60.926055, nodes: 0(79.69, 79.69) 75 1 2 4 6 7 10 11 9 8 0(18.76, 18.76)
vehicle (route) number: 11
Total cost: 12015.12
12029.75, 5.68
12036.37, 183.97
12025.43, 220.19
13037.96, 15.49
12042.23, 369.86
12015.12, 165.75
12017.15, 270.56
12028.97, 179.10
12020.36, 217.87
12029.74, 114.59
