Details of the solution:
route 0, node_num 14, cost 126.530246, nodes: 0(79.69, 79.69) 67 63 120(39.19, 57.34) 79 77 73 70 71 76 78 81 120(9.79, 38.47) 0(0.00, 0.00)
route 1, node_num 13, cost 135.507699, nodes: 0(79.69, 79.69) 65 74 62 69 64 68 119(14.12, 69.94) 80 72 61 66 0(0.00, 0.00)
route 2, node_num 13, cost 76.505351, nodes: 0(79.69, 79.69) 20 21 41 44 45 48 46 43 47 49 52 0(3.18, 3.18)
route 3, node_num 14, cost 110.580864, nodes: 0(79.69, 79.69) 116(60.66, 72.53) 40 42 59 60 58 56 53 54 55 57 116(-0.00, 19.03) 0(0.00, 0.00)
route 4, node_num 14, cost 101.376060, nodes: 0(79.69, 79.69) 98 96 95 94 92 93 97 100 99 104(16.29, 37.97) 7 3 0(0.00, 0.00)
route 5, node_num 10, cost 75.577442, nodes: 0(79.69, 79.69) 25 27 29 34 36 30 28 26 0(4.11, 4.11)
route 6, node_num 10, cost 51.257681, nodes: 0(79.69, 79.69) 75 1 2 4 6 9 8 10 0(28.43, 28.43)
route 7, node_num 12, cost 76.069565, nodes: 0(79.69, 79.69) 90 87 86 83 82 84 85 88 89 91 0(3.62, 3.62)
route 8, node_num 14, cost 112.474374, nodes: 0(79.69, 79.69) 22 24 32 31 33 39 38 37 35 112(4.30, 37.08) 51 50 0(0.00, 0.00)
route 9, node_num 14, cost 112.234485, nodes: 0(79.69, 79.69) 23 108(41.19, 73.74) 12 14 16 19 18 17 15 13 11 5 0(0.00, 0.00)
vehicle (route) number: 10
Total cost: 10978.11
11945.51, 246.97
10978.11, 13.70
11999.63, 36.89
11974.70, 266.77
11983.24, 566.46
11983.02, 364.92
12004.45, 142.45
12130.16, 4.70
11974.82, 179.55
11996.25, 27.03
