Details of the solution:
route 0, node_num 10, cost 119.245721, nodes: 0(62.14, 62.14) 21 39 56 118(15.87, 62.14) 23 67 118(26.27, 37.11) 41 0(0.00, 0.00)
route 1, node_num 8, cost 111.779804, nodes: 0(62.14, 62.14) 108(35.72, 62.14) 19 11 64 49 109(14.99, 38.21) 0(0.00, 0.00)
route 2, node_num 12, cost 71.831020, nodes: 0(62.14, 62.14) 114(47.27, 62.14) 61 16 91 85 98 92 97 87 13 0(5.18, 5.18)
route 3, node_num 7, cost 69.067965, nodes: 0(62.14, 62.14) 62 108(34.64, 62.14) 7 52 18 0(20.57, 20.57)
route 4, node_num 10, cost 120.076542, nodes: 0(62.14, 62.14) 81 105(23.37, 43.83) 65 71 35 105(7.83, 20.25) 20 104(0.00, 25.06) 0(0.00, 0.00)
route 5, node_num 10, cost 69.695413, nodes: 0(62.14, 62.14) 96 114(44.05, 62.14) 100 59 93 99 5 94 0(10.54, 10.54)
route 6, node_num 5, cost 52.190322, nodes: 0(62.14, 62.14) 54 80 12 0(9.95, 9.95)
route 7, node_num 10, cost 88.281054, nodes: 0(62.14, 62.14) 33 34 78 29 102(3.74, 38.59) 77 76 28 0(8.71, 8.71)
route 8, node_num 9, cost 83.017024, nodes: 0(62.14, 62.14) 31 106(37.40, 59.45) 32 90 63 10 88 0(1.18, 1.18)
route 9, node_num 10, cost 110.233986, nodes: 0(62.14, 62.14) 3 68 55 4 120(0.62, 41.80) 25 24 102(19.16, 26.08) 0(0.00, 0.00)
route 10, node_num 9, cost 68.977311, nodes: 0(62.14, 62.14) 116(47.11, 62.14) 74 22 75 72 73 26 0(8.20, 8.20)
route 11, node_num 9, cost 121.102017, nodes: 0(62.14, 62.14) 106(37.40, 62.14) 70 9 79 104(9.54, 62.14) 30 51 0(18.38, 18.38)
route 12, node_num 7, cost 55.348639, nodes: 0(62.14, 62.14) 89 6 58 95 53 0(6.79, 6.79)
route 13, node_num 8, cost 104.206851, nodes: 0(62.14, 62.14) 8 46 36 109(9.36, 62.14) 48 47 0(10.71, 10.71)
route 14, node_num 8, cost 74.113373, nodes: 0(62.14, 62.14) 40 2 15 42 57 116(3.06, 15.03) 0(0.00, 0.00)
route 15, node_num 9, cost 89.609784, nodes: 0(62.14, 62.14) 60 17 84 111(15.38, 43.45) 45 83 82 0(0.60, 0.60)
route 16, node_num 8, cost 88.934393, nodes: 0(62.14, 62.14) 1 66 104(5.49, 48.36) 50 69 27 0(16.07, 16.07)
route 17, node_num 10, cost 123.690895, nodes: 0(62.14, 62.14) 115(31.78, 53.20) 43 38 86 112(7.61, 62.14) 14 44 37 0(14.40, 14.40)
vehicle (route) number: 18
Total cost: 19621.40
19621.40, 61.84
20739.43, 28.84
19664.21, 414.52
21722.03, 234.09
19645.72, 128.93
19647.27, 147.19
19665.65, 312.63
21682.20, 2.24
19662.71, 241.61
19648.88, 188.79
