Details of the solution:
route 0, node_num 10, cost 106.317677, nodes: 0(62.14, 62.14) 62 108(34.64, 53.72) 19 11 64 63 106(1.74, 26.85) 88 0(0.00, 0.00)
route 1, node_num 10, cost 102.611215, nodes: 0(62.14, 62.14) 31 70 106(28.92, 62.14) 7 52 48 82 110(10.78, 18.03) 0(0.00, 0.00)
route 2, node_num 7, cost 77.817465, nodes: 0(62.14, 62.14) 106(37.40, 62.14) 10 32 90 30 0(9.06, 9.06)
route 3, node_num 12, cost 93.937263, nodes: 0(62.14, 62.14) 114(47.27, 62.14) 98 38 112(16.98, 21.76) 85 59 92 99 114(2.72, 14.87) 94 0(-0.00, -0.00)
route 4, node_num 7, cost 60.063108, nodes: 0(62.14, 62.14) 40 56 72 73 53 0(2.08, 2.08)
route 5, node_num 10, cost 91.784357, nodes: 0(62.14, 62.14) 93 61 112(31.42, 62.14) 16 91 86 44 97 0(1.08, 1.08)
route 6, node_num 10, cost 77.009786, nodes: 0(62.14, 62.14) 89 6 58 114(24.29, 44.79) 95 87 57 2 0(5.63, 5.63)
route 7, node_num 10, cost 120.762874, nodes: 0(62.14, 62.14) 9 105(24.74, 61.40) 65 71 35 20 51 104(3.10, 25.06) 0(0.00, 0.00)
route 8, node_num 8, cost 88.934393, nodes: 0(62.14, 62.14) 1 66 104(5.49, 48.36) 50 69 27 0(16.07, 16.07)
route 9, node_num 8, cost 76.355498, nodes: 0(62.14, 62.14) 54 4 120(23.05, 37.26) 25 55 26 0(0.00, 0.00)
route 10, node_num 12, cost 110.053893, nodes: 0(62.14, 62.14) 21 74 39 119(20.77, 51.63) 67 23 118(22.41, 53.65) 75 22 41 0(14.19, 14.19)
route 11, node_num 10, cost 80.709742, nodes: 0(62.14, 62.14) 96 5 17 84 111(13.18, 31.75) 45 83 60 0(0.00, 0.00)
route 12, node_num 10, cost 93.657602, nodes: 0(62.14, 62.14) 13 43 115(23.63, 62.14) 15 42 14 100 37 0(6.99, 6.99)
route 13, node_num 9, cost 106.226551, nodes: 0(62.14, 62.14) 18 8 46 36 109(9.36, 62.14) 49 47 0(8.70, 8.70)
route 14, node_num 10, cost 84.614715, nodes: 0(62.14, 62.14) 3 33 81 79 80 102(7.30, 57.21) 77 76 0(27.43, 27.43)
route 15, node_num 10, cost 95.558255, nodes: 0(62.14, 62.14) 28 68 34 78 29 102(1.05, 34.47) 24 12 0(0.00, 0.00)
vehicle (route) number: 16
Total cost: 17466.41
17466.41, 184.03
18565.68, 137.62
18475.34, 431.75
18481.78, 118.10
17494.11, 400.02
18519.34, 270.24
17480.73, 433.82
18481.97, 12.70
18512.02, 71.57
18454.69, 47.37
