Details of the solution:
route 0, node_num 11, cost 61.447491, nodes: 0(62.14, 62.14) 96 93 91 85 98 92 97 87 13 0(0.69, 0.69)
route 1, node_num 13, cost 77.020336, nodes: 0(62.14, 62.14) 60 83 45 17 84 5 99 59 114(1.74, 16.62) 95 94 0(-0.00, -0.00)
route 2, node_num 12, cost 112.781535, nodes: 0(62.14, 62.14) 74 75 39 67 119(2.18, 15.56) 4 120(0.00, 37.26) 25 55 26 0(0.00, 0.00)
route 3, node_num 10, cost 77.871164, nodes: 0(62.14, 62.14) 53 40 54 24 29 102(10.59, 41.37) 80 12 0(15.05, 15.05)
route 4, node_num 8, cost 69.638674, nodes: 0(62.14, 62.14) 89 110(43.14, 62.14) 7 52 88 31 0(11.50, 11.50)
route 5, node_num 7, cost 84.832293, nodes: 0(62.14, 62.14) 1 66 20 51 104(2.37, 25.06) 0(0.00, 0.00)
route 6, node_num 10, cost 83.440934, nodes: 0(62.14, 62.14) 50 33 34 78 81 104(5.12, 31.60) 69 27 0(5.18, 5.18)
route 7, node_num 8, cost 56.722246, nodes: 0(62.14, 62.14) 28 68 79 3 77 76 0(5.42, 5.42)
route 8, node_num 10, cost 115.962825, nodes: 0(62.14, 62.14) 104(37.08, 43.02) 9 35 65 105(-0.00, 48.06) 71 30 70 0(0.18, 0.18)
route 9, node_num 13, cost 117.425162, nodes: 0(62.14, 62.14) 106(37.40, 37.40) 10 32 107(23.46, 51.25) 90 63 64 11 19 108(-0.00, 27.50) 62 0(0.00, 0.00)
route 10, node_num 11, cost 107.133385, nodes: 0(62.14, 62.14) 18 8 46 36 109(9.36, 54.35) 49 47 48 82 0(0.00, 0.00)
route 11, node_num 9, cost 76.442957, nodes: 0(62.14, 62.14) 6 61 16 86 44 37 114(0.56, 14.87) 0(-0.00, -0.00)
route 12, node_num 12, cost 111.479450, nodes: 0(62.14, 62.14) 114(47.27, 58.46) 100 14 38 43 15 115(0.00, 45.80) 42 57 2 0(7.64, 7.64)
route 13, node_num 11, cost 95.822480, nodes: 0(62.14, 62.14) 58 21 56 23 118(17.27, 62.14) 72 73 22 41 0(11.19, 11.19)
vehicle (route) number: 14
Total cost: 15248.02
16312.71, 144.30
16266.16, 276.72
16323.93, 57.31
16317.67, 93.84
16290.39, 298.35
16266.10, 192.23
15289.15, 506.52
16330.38, 490.70
15290.99, 158.18
15248.02, 143.11
