Details of the solution:
route 0, node_num 13, cost 108.624275, nodes: 0(67.15, 67.15) 30 20 66 32 107(8.84, 20.24) 63 90 10 106(0.00, 30.08) 88 31 0(0.00, 0.00)
route 1, node_num 12, cost 85.108821, nodes: 0(67.15, 67.15) 58 2 57 15 115(31.81, 67.15) 43 14 42 87 13 0(17.39, 17.39)
route 2, node_num 14, cost 58.252883, nodes: 0(67.15, 67.15) 96 99 93 85 91 100 37 98 92 97 95 94 0(8.90, 8.90)
route 3, node_num 11, cost 119.194878, nodes: 0(67.15, 67.15) 62 11 64 49 109(0.79, 52.84) 19 48 82 83 0(0.00, 0.00)
route 4, node_num 10, cost 92.724866, nodes: 0(67.15, 67.15) 6 61 16 86 38 44 112(0.29, 25.87) 59 0(0.00, 0.00)
route 5, node_num 11, cost 93.494204, nodes: 0(67.15, 67.15) 1 78 34 29 24 102(2.11, 28.46) 80 68 28 0(0.00, 0.00)
route 6, node_num 12, cost 98.310715, nodes: 0(67.15, 67.15) 21 72 75 56 23 67 39 119(3.73, 34.89) 40 53 0(0.00, 0.00)
route 7, node_num 12, cost 111.518203, nodes: 0(67.15, 67.15) 50 33 81 35 65 71 105(0.60, 44.97) 9 51 70 0(0.00, 0.00)
route 8, node_num 8, cost 59.760184, nodes: 0(67.15, 67.15) 89 18 7 52 69 27 0(7.39, 7.39)
route 9, node_num 13, cost 113.942429, nodes: 0(67.15, 67.15) 110(49.12, 53.73) 8 36 47 46 111(-0.00, 42.18) 45 17 84 5 60 0(0.00, 0.00)
route 10, node_num 7, cost 55.630458, nodes: 0(67.15, 67.15) 76 79 3 77 12 0(11.52, 11.52)
route 11, node_num 12, cost 97.686661, nodes: 0(67.15, 67.15) 26 54 55 25 120(28.67, 67.15) 4 73 74 22 41 0(7.94, 7.94)
vehicle (route) number: 12
Total cost: 13094.25
13120.73, 103.63
13121.14, 513.94
13094.25, 377.47
13114.78, 601.79
13132.07, 531.72
13137.55, 287.20
14171.84, 262.22
14128.42, 573.92
14150.73, 218.81
14112.69, 418.04
