Details of the solution:
route 0, node_num 10, cost 123.523794, nodes: 0(62.14, 62.14) 104(37.08, 62.14) 66 65 35 71 105(10.66, 46.99) 20 51 0(0.00, 0.00)
route 1, node_num 12, cost 116.988493, nodes: 0(62.14, 62.14) 31 62 108(33.46, 48.93) 19 11 64 49 109(1.78, 23.13) 47 110(0.00, 18.03) 0(0.00, 0.00)
route 2, node_num 10, cost 87.102068, nodes: 0(62.14, 62.14) 1 104(36.91, 61.87) 9 34 78 50 69 27 0(-0.00, -0.00)
route 3, node_num 12, cost 91.597088, nodes: 0(62.14, 62.14) 3 33 81 79 80 102(7.30, 38.81) 29 77 76 28 0(2.05, 2.05)
route 4, node_num 9, cost 98.667562, nodes: 0(62.14, 62.14) 43 115(23.72, 62.14) 15 42 14 44 37 0(1.89, 1.89)
route 5, node_num 5, cost 54.539860, nodes: 0(62.14, 62.14) 7 52 18 0(7.60, 7.60)
route 6, node_num 9, cost 90.311061, nodes: 0(62.14, 62.14) 68 54 55 120(19.99, 62.14) 25 24 12 0(13.98, 13.98)
route 7, node_num 9, cost 83.682309, nodes: 0(62.14, 62.14) 60 17 84 45 111(15.36, 36.91) 83 5 0(0.00, 0.00)
route 8, node_num 13, cost 116.849996, nodes: 0(62.14, 62.14) 114(47.27, 62.14) 38 86 112(11.32, 12.61) 85 93 99 114(-0.00, 23.52) 87 57 116(-0.00, 15.03) 0(0.00, 0.00)
route 9, node_num 11, cost 107.093523, nodes: 0(62.14, 62.14) 40 74 22 75 118(28.02, 62.14) 23 67 118(26.27, 37.11) 41 0(0.00, 0.00)
route 10, node_num 15, cost 73.499368, nodes: 0(62.14, 62.14) 96 61 16 91 100 98 59 92 97 95 114(7.12, 18.48) 94 13 0(-0.00, -0.00)
route 11, node_num 7, cost 49.126780, nodes: 0(62.14, 62.14) 89 6 2 58 53 0(13.01, 13.01)
route 12, node_num 9, cost 100.302059, nodes: 0(62.14, 62.14) 8 46 36 109(9.36, 62.14) 48 82 88 0(14.62, 14.62)
route 13, node_num 9, cost 90.299592, nodes: 0(62.14, 62.14) 70 32 90 63 106(8.75, 36.91) 10 30 0(0.00, 0.00)
route 14, node_num 10, cost 83.388108, nodes: 0(62.14, 62.14) 21 56 39 119(23.56, 62.14) 4 72 73 26 0(17.33, 17.33)
vehicle (route) number: 15
Total cost: 16366.97
17415.50, 115.79
16445.13, 478.21
16429.82, 251.14
16366.97, 233.08
17408.23, 143.99
17432.24, 180.45
16440.48, 613.74
17407.72, 314.99
17481.89, 345.20
17416.26, 354.42
