Details of the solution:
route 0, node_num 11, cost 123.764926, nodes: 0(62.60, 62.60) 115(32.24, 49.72) 43 38 86 112(4.13, 51.22) 14 44 100 37 0(3.41, 3.41)
route 1, node_num 11, cost 116.975553, nodes: 0(62.60, 62.60) 31 62 108(33.92, 45.24) 19 11 64 109(0.00, 43.05) 48 88 0(-0.00, -0.00)
route 2, node_num 10, cost 106.746850, nodes: 0(62.60, 62.60) 18 8 46 36 109(9.82, 62.60) 49 47 82 0(8.64, 8.64)
route 3, node_num 4, cost 42.426407, nodes: 0(62.60, 62.60) 7 52 0(20.17, 20.17)
route 4, node_num 12, cost 115.075936, nodes: 0(62.60, 62.60) 55 25 119(21.32, 30.54) 39 67 23 118(-0.00, 55.23) 41 57 2 0(11.97, 11.97)
route 5, node_num 10, cost 82.487939, nodes: 0(62.60, 62.60) 70 32 107(26.12, 46.14) 90 63 10 69 27 0(0.13, 0.13)
route 6, node_num 10, cost 98.322682, nodes: 0(62.60, 62.60) 33 81 79 78 34 35 105(1.83, 37.56) 51 0(0.00, 0.00)
route 7, node_num 11, cost 79.903635, nodes: 0(62.60, 62.60) 74 22 75 118(28.48, 47.72) 56 4 72 73 21 0(1.94, 1.94)
route 8, node_num 10, cost 113.829885, nodes: 0(62.60, 62.60) 1 104(37.37, 42.73) 66 65 105(0.00, 62.60) 71 9 76 0(16.73, 16.73)
route 9, node_num 8, cost 95.131767, nodes: 0(62.60, 62.60) 54 80 50 104(8.28, 40.81) 20 30 0(0.00, 0.00)
route 10, node_num 6, cost 33.784255, nodes: 0(62.60, 62.60) 6 94 95 13 0(28.82, 28.82)
route 11, node_num 13, cost 71.462978, nodes: 0(62.60, 62.60) 96 93 61 16 91 85 98 59 92 99 114(6.00, 14.87) 0(-0.00, -0.00)
route 12, node_num 10, cost 78.672289, nodes: 0(62.60, 62.60) 89 5 17 84 45 111(15.42, 31.49) 83 60 0(0.00, 0.00)
route 13, node_num 10, cost 76.249830, nodes: 0(62.60, 62.60) 53 40 58 15 115(21.33, 34.98) 42 87 97 0(0.00, 0.00)
route 14, node_num 11, cost 83.300974, nodes: 0(62.60, 62.60) 28 3 68 102(28.68, 62.60) 24 29 77 12 26 0(13.22, 13.22)
vehicle (route) number: 15
Total cost: 16318.14
16323.74, 180.24
16318.14, 150.37
16377.31, 513.01
16361.04, 247.23
16338.06, 331.69
16369.64, 198.38
16359.13, 69.83
17347.06, 136.22
18442.84, 21.51
16343.01, 253.05
