Details of the solution:
route 0, node_num 13, cost 109.800477, nodes: 0(66.28, 66.28) 94 114(51.41, 66.28) 61 16 112(45.77, 66.28) 14 38 86 44 37 114(6.73, 14.87) 0(-0.00, -0.00)
route 1, node_num 13, cost 90.361591, nodes: 0(66.28, 66.28) 53 40 74 75 56 23 118(20.27, 66.28) 22 41 57 2 0(21.93, 21.93)
route 2, node_num 12, cost 92.110669, nodes: 0(66.28, 66.28) 28 68 102(39.44, 65.27) 3 79 78 34 81 77 76 0(0.00, 0.00)
route 3, node_num 12, cost 94.425618, nodes: 0(66.28, 66.28) 18 8 111(33.63, 61.77) 45 17 84 5 60 83 82 0(0.00, 0.00)
route 4, node_num 14, cost 62.834979, nodes: 0(66.28, 66.28) 6 96 59 98 100 91 85 93 99 92 97 95 0(3.45, 3.45)
route 5, node_num 12, cost 107.712275, nodes: 0(66.28, 66.28) 50 1 20 32 107(13.49, 54.92) 63 90 10 30 70 0(-0.00, -0.00)
route 6, node_num 11, cost 93.498439, nodes: 0(66.28, 66.28) 26 120(35.86, 66.28) 25 55 54 24 29 80 12 0(3.20, 3.20)
route 7, node_num 9, cost 72.911163, nodes: 0(66.28, 66.28) 58 116(50.90, 66.28) 15 43 42 87 13 0(8.75, 8.75)
route 8, node_num 5, cost 34.364148, nodes: 0(66.28, 66.28) 52 69 27 0(31.92, 31.92)
route 9, node_num 9, cost 96.868263, nodes: 0(66.28, 66.28) 119(32.86, 63.45) 67 39 4 72 73 21 0(0.00, 0.00)
route 10, node_num 11, cost 120.023229, nodes: 0(66.28, 66.28) 33 9 105(27.89, 53.60) 35 65 66 71 105(9.52, 37.56) 51 0(0.00, 0.00)
route 11, node_num 11, cost 109.500186, nodes: 0(66.28, 66.28) 62 108(38.78, 66.28) 19 49 64 11 108(13.95, 29.68) 88 31 0(0.00, 0.00)
route 12, node_num 9, cost 103.489902, nodes: 0(66.28, 66.28) 89 7 109(24.10, 63.81) 36 46 47 48 0(2.50, 2.50)
vehicle (route) number: 13
Total cost: 14187.90
15220.46, 322.07
15188.39, 195.66
15202.79, 459.20
15248.74, 449.33
14229.48, 241.20
14193.55, 241.59
14257.57, 366.52
14197.87, 398.06
14187.90, 347.81
14209.42, 351.74
