Details of the solution:
route 0, node_num 4, cost 42.426407, nodes: 0(64.06, 64.06) 7 52 0(21.63, 21.63)
route 1, node_num 11, cost 97.531819, nodes: 0(64.06, 64.06) 26 39 67 119(8.73, 42.20) 4 72 73 58 53 0(-0.00, -0.00)
route 2, node_num 13, cost 112.957371, nodes: 0(64.06, 64.06) 114(49.19, 59.94) 85 61 44 38 14 43 115(-0.00, 38.16) 42 57 2 0(0.00, 0.00)
route 3, node_num 13, cost 105.600705, nodes: 0(64.06, 64.06) 18 60 83 8 45 111(22.27, 64.06) 46 36 47 48 82 0(0.25, 0.25)
route 4, node_num 12, cost 98.655364, nodes: 0(64.06, 64.06) 40 21 74 75 56 23 118(17.33, 64.06) 22 41 15 0(12.14, 12.14)
route 5, node_num 12, cost 81.165418, nodes: 0(64.06, 64.06) 31 106(39.32, 56.42) 10 63 90 32 30 70 69 27 0(0.00, 0.00)
route 6, node_num 11, cost 54.109246, nodes: 0(64.06, 64.06) 89 6 96 99 93 59 97 87 13 0(9.95, 9.95)
route 7, node_num 12, cost 109.614870, nodes: 0(64.06, 64.06) 54 55 25 24 102(9.69, 55.25) 29 34 78 76 28 0(-0.00, -0.00)
route 8, node_num 15, cost 83.978379, nodes: 0(64.06, 64.06) 5 84 17 86 16 112(10.87, 30.79) 91 100 37 98 92 95 94 0(-0.00, -0.00)
route 9, node_num 12, cost 116.587554, nodes: 0(64.06, 64.06) 104(39.00, 52.54) 20 66 65 35 71 105(0.00, 38.99) 9 81 50 0(0.00, 0.00)
route 10, node_num 12, cost 75.094105, nodes: 0(64.06, 64.06) 1 104(38.83, 64.06) 51 33 79 3 77 68 80 12 0(14.20, 14.20)
route 11, node_num 10, cost 106.271321, nodes: 0(64.06, 64.06) 62 108(36.56, 64.06) 11 64 49 19 108(11.73, 26.45) 88 0(0.00, 0.00)
vehicle (route) number: 12
Total cost: 13083.99
14121.90, 271.35
13112.35, 545.62
13084.76, 594.55
13108.02, 474.03
14115.63, 258.53
13083.99, 389.15
13085.20, 599.12
13090.29, 235.92
14147.38, 544.22
13091.09, 159.71
