Details of the solution:
route 0, node_num 9, cost 86.345651, nodes: 0(65.17, 65.17) 52 7 48 109(25.86, 47.04) 36 47 82 0(0.00, 0.00)
route 1, node_num 11, cost 118.858367, nodes: 0(65.17, 65.17) 8 109(20.67, 59.70) 49 64 11 19 108(12.55, 27.21) 88 27 0(0.00, 0.00)
route 2, node_num 12, cost 62.699443, nodes: 0(65.17, 65.17) 96 100 91 85 93 98 37 92 97 95 0(2.47, 2.47)
route 3, node_num 11, cost 94.832269, nodes: 0(65.17, 65.17) 114(50.30, 65.10) 61 16 38 14 59 99 114(-0.00, 14.87) 94 0(-0.00, -0.00)
route 4, node_num 14, cost 101.087506, nodes: 0(65.17, 65.17) 89 60 84 17 45 111(24.85, 26.95) 46 110(0.00, 4.47) 18 110(0.00, 11.31) 83 110(0.00, 18.03) 0(0.00, 0.00)
route 5, node_num 12, cost 116.066808, nodes: 0(65.17, 65.17) 1 70 104(31.83, 55.08) 20 66 65 71 105(10.99, 38.64) 9 51 0(0.00, 0.00)
route 6, node_num 10, cost 94.640027, nodes: 0(65.17, 65.17) 31 62 63 107(19.80, 49.27) 32 90 10 30 0(0.00, 0.00)
route 7, node_num 10, cost 103.680205, nodes: 0(65.17, 65.17) 116(50.14, 65.17) 2 15 43 44 86 112(7.19, 30.67) 5 0(0.00, 0.00)
route 8, node_num 4, cost 31.940425, nodes: 0(65.17, 65.17) 58 6 0(33.23, 33.23)
route 9, node_num 11, cost 88.173637, nodes: 0(65.17, 65.17) 55 25 120(27.94, 50.94) 4 54 80 77 76 28 0(-0.00, -0.00)
route 10, node_num 12, cost 100.994933, nodes: 0(65.17, 65.17) 21 56 39 67 23 118(0.53, 36.35) 72 73 26 53 0(-0.00, -0.00)
route 11, node_num 12, cost 84.631919, nodes: 0(65.17, 65.17) 40 74 75 118(34.73, 65.17) 22 41 57 42 87 13 0(10.98, 10.98)
route 12, node_num 8, cost 65.094988, nodes: 0(65.17, 65.17) 3 79 81 33 50 69 0(0.08, 0.08)
route 13, node_num 11, cost 115.867405, nodes: 0(65.17, 65.17) 68 78 105(16.26, 47.56) 35 34 29 24 102(6.78, 26.18) 12 0(0.00, 0.00)
vehicle (route) number: 14
Total cost: 15264.91
16311.04, 125.76
15305.60, 565.70
16326.31, 452.91
15269.02, 328.64
15300.37, 438.60
15264.91, 64.07
15292.45, 336.36
16302.79, 341.45
15297.98, 258.87
15285.19, 207.13
