Details of the solution:
route 0, node_num 13, cost 109.548210, nodes: 0(67.12, 67.12) 1 104(41.89, 67.12) 20 66 65 71 9 51 104(9.23, 26.42) 69 27 0(-0.00, -0.00)
route 1, node_num 11, cost 76.227147, nodes: 0(67.12, 67.12) 89 60 84 17 45 8 83 110(8.94, 18.05) 18 0(-0.00, -0.00)
route 2, node_num 11, cost 107.460017, nodes: 0(67.12, 67.12) 31 62 108(38.44, 67.12) 19 49 64 11 108(14.79, 26.45) 88 0(0.00, 0.00)
route 3, node_num 10, cost 93.456689, nodes: 0(67.12, 67.12) 52 7 48 47 109(27.12, 53.46) 36 46 82 0(0.00, 0.00)
route 4, node_num 13, cost 91.938118, nodes: 0(67.12, 67.12) 33 81 105(28.35, 53.17) 35 34 78 79 3 77 76 28 0(-0.00, -0.00)
route 5, node_num 12, cost 61.205702, nodes: 0(67.12, 67.12) 59 92 100 37 98 93 99 97 95 94 0(5.91, 5.91)
route 6, node_num 10, cost 98.430731, nodes: 0(67.12, 67.12) 6 5 61 112(34.76, 67.12) 16 86 38 44 0(1.05, 1.05)
route 7, node_num 8, cost 65.444713, nodes: 0(67.12, 67.12) 58 2 57 41 73 53 0(1.68, 1.68)
route 8, node_num 11, cost 99.104126, nodes: 0(67.12, 67.12) 74 22 75 118(33.00, 64.99) 23 67 39 56 72 0(0.00, 0.00)
route 9, node_num 9, cost 80.974605, nodes: 0(67.12, 67.12) 70 30 32 90 63 10 106(10.88, 24.74) 0(0.00, 0.00)
route 10, node_num 9, cost 84.484743, nodes: 0(67.12, 67.12) 54 80 68 102(28.87, 53.49) 24 29 50 0(7.26, 7.26)
route 11, node_num 10, cost 78.033518, nodes: 0(67.12, 67.12) 40 21 4 120(31.80, 42.71) 25 55 12 26 0(0.00, 0.00)
route 12, node_num 12, cost 89.118580, nodes: 0(67.12, 67.12) 96 85 112(41.22, 67.12) 91 14 43 15 42 87 13 0(3.90, 3.90)
vehicle (route) number: 13
Total cost: 14135.43
14168.05, 407.54
15186.56, 614.64
14138.91, 188.49
14183.82, 360.43
14159.03, 270.47
14135.43, 347.43
15175.13, 342.06
14140.35, 526.74
14155.05, 445.89
14174.42, 431.35
