Details of the solution:
route 0, node_num 12, cost 92.200410, nodes: 0(65.80, 65.80) 33 81 51 104(28.77, 55.17) 30 32 90 10 31 27 0(0.00, 0.00)
route 1, node_num 12, cost 117.527592, nodes: 0(65.80, 65.80) 1 104(40.57, 52.54) 20 66 65 35 71 105(0.00, 39.75) 9 69 0(0.00, 0.00)
route 2, node_num 12, cost 75.599130, nodes: 0(65.80, 65.80) 6 114(49.52, 65.80) 92 37 100 91 16 42 87 13 0(6.48, 6.48)
route 3, node_num 11, cost 87.529249, nodes: 0(65.80, 65.80) 3 79 78 34 29 24 102(4.60, 26.32) 80 28 0(0.00, 0.00)
route 4, node_num 11, cost 116.743059, nodes: 0(65.80, 65.80) 115(35.44, 65.80) 43 14 44 38 86 112(11.22, 31.80) 61 5 0(0.00, 0.00)
route 5, node_num 11, cost 114.359670, nodes: 0(65.80, 65.80) 70 106(36.16, 58.27) 62 63 64 11 19 108(-0.00, 26.45) 88 0(0.00, 0.00)
route 6, node_num 8, cost 56.941343, nodes: 0(65.80, 65.80) 50 76 77 68 12 26 0(8.86, 8.86)
route 7, node_num 11, cost 56.126238, nodes: 0(65.80, 65.80) 96 59 98 85 93 99 97 95 94 0(9.67, 9.67)
route 8, node_num 12, cost 88.503797, nodes: 0(65.80, 65.80) 40 74 56 75 22 41 117(19.41, 42.11) 15 57 2 0(0.00, 0.00)
route 9, node_num 13, cost 97.529143, nodes: 0(65.80, 65.80) 89 60 84 17 45 111(25.48, 27.17) 46 8 110(0.00, 30.04) 18 83 0(0.00, 0.00)
route 10, node_num 7, cost 47.274920, nodes: 0(65.80, 65.80) 21 72 73 58 53 0(18.53, 18.53)
route 11, node_num 10, cost 96.581129, nodes: 0(65.80, 65.80) 52 7 109(27.56, 58.34) 49 36 47 48 82 0(0.00, 0.00)
route 12, node_num 11, cost 112.880949, nodes: 0(65.80, 65.80) 54 55 25 120(27.74, 44.81) 4 39 67 23 118(-0.00, 30.02) 0(0.00, 0.00)
vehicle (route) number: 13
Total cost: 14159.80
15186.81, 504.93
14184.01, 586.93
15191.70, 468.35
15167.79, 175.23
15196.55, 283.66
15185.56, 112.84
15186.20, 364.34
15161.99, 220.97
14171.96, 607.24
14159.80, 269.92
