Details of the solution:
route 0, node_num 14, cost 87.206946, nodes: 0(65.48, 65.48) 40 21 74 22 41 75 118(22.45, 44.18) 23 56 72 73 53 0(-0.00, -0.00)
route 1, node_num 10, cost 69.368479, nodes: 0(65.48, 65.48) 52 18 110(44.31, 48.20) 82 48 7 31 27 0(-0.00, -0.00)
route 2, node_num 11, cost 73.660327, nodes: 0(65.48, 65.48) 58 116(50.10, 58.28) 2 57 15 43 42 87 13 0(0.00, 0.00)
route 3, node_num 10, cost 90.137598, nodes: 0(65.48, 65.48) 50 3 79 78 34 29 24 102(1.42, 26.08) 0(0.00, 0.00)
route 4, node_num 13, cost 105.729109, nodes: 0(65.48, 65.48) 89 60 84 17 45 111(25.16, 65.41) 46 8 83 5 61 0(0.00, 0.00)
route 5, node_num 8, cost 48.206197, nodes: 0(65.48, 65.48) 28 76 77 68 80 12 0(17.27, 17.27)
route 6, node_num 10, cost 51.311555, nodes: 0(65.48, 65.48) 6 96 99 93 100 37 59 94 0(14.17, 14.17)
route 7, node_num 12, cost 116.619694, nodes: 0(65.48, 65.48) 33 81 9 105(26.51, 52.59) 71 35 65 66 51 104(0.00, 25.06) 0(0.00, 0.00)
route 8, node_num 12, cost 118.447358, nodes: 0(65.48, 65.48) 62 108(37.98, 65.48) 11 64 49 36 47 19 108(0.97, 26.45) 88 0(0.00, 0.00)
route 9, node_num 15, cost 102.465272, nodes: 0(65.48, 65.48) 114(50.61, 65.48) 85 91 44 14 38 86 16 112(7.17, 29.29) 98 92 97 95 0(0.00, 0.00)
route 10, node_num 12, cost 93.622074, nodes: 0(65.48, 65.48) 1 70 30 20 32 90 63 106(0.20, 28.34) 10 69 0(-0.00, -0.00)
route 11, node_num 10, cost 95.970407, nodes: 0(65.48, 65.48) 54 55 25 67 39 119(3.32, 33.81) 4 26 0(-0.00, -0.00)
vehicle (route) number: 12
Total cost: 13052.75
13089.43, 306.16
13078.50, 48.64
13077.65, 408.90
13082.67, 329.73
14123.62, 582.73
14118.34, 299.83
13097.63, 507.44
13052.75, 451.56
13090.09, 80.03
14097.68, 444.83
