Details of the solution:
route 0, node_num 15, cost 105.104435, nodes: 0(79.69, 79.69) 100 2 108(43.31, 79.69) 4 6 7 8 46 45 5 3 1 70 0(10.96, 10.96)
route 1, node_num 12, cost 130.671767, nodes: 0(79.69, 79.69) 53 112(39.44, 71.32) 87 59 97 75 58 74 86 114(0.00, 19.10) 0(0.00, 0.00)
route 2, node_num 13, cost 118.404079, nodes: 0(79.69, 79.69) 83 57 115(39.07, 79.69) 77 25 23 21 48 18 19 49 0(1.91, 1.91)
route 3, node_num 7, cost 55.612887, nodes: 0(79.69, 79.69) 69 98 55 88 68 0(24.08, 24.08)
route 4, node_num 9, cost 130.993721, nodes: 0(79.69, 79.69) 51 76 85 118(18.10, 73.27) 89 63 95 0(3.87, 3.87)
route 5, node_num 13, cost 118.734359, nodes: 0(79.69, 79.69) 10 9 112(38.07, 79.69) 13 15 12 14 47 17 16 11 0(2.58, 2.58)
route 6, node_num 7, cost 117.294011, nodes: 0(79.69, 79.69) 91 120(40.72, 78.33) 31 29 27 0(0.00, 0.00)
route 7, node_num 13, cost 127.181175, nodes: 0(79.69, 79.69) 67 50 120(40.16, 61.86) 33 26 28 30 32 34 120(12.85, 38.64) 62 0(-0.00, -0.00)
route 8, node_num 10, cost 106.638133, nodes: 0(79.69, 79.69) 110(56.28, 73.56) 60 79 78 73 111(34.41, 44.08) 82 90 0(-0.00, -0.00)
route 9, node_num 9, cost 85.729541, nodes: 0(79.69, 79.69) 65 99 52 24 22 20 116(12.99, 19.03) 0(0.00, 0.00)
route 10, node_num 13, cost 108.963804, nodes: 0(79.69, 79.69) 42 44 37 36 35 38 39 104(14.98, 56.64) 54 96 81 0(12.38, 12.38)
route 11, node_num 11, cost 105.134794, nodes: 0(79.69, 79.69) 94 93 71 72 41 104(25.54, 50.98) 40 43 61 0(0.00, 0.00)
route 12, node_num 8, cost 65.732681, nodes: 0(79.69, 79.69) 66 64 84 56 92 80 0(13.96, 13.96)
vehicle (route) number: 13
Total cost: 14376.20
14421.64, 449.67
15395.58, 394.95
14376.20, 559.89
15396.07, 139.20
16503.49, 276.43
15379.91, 542.32
15395.77, 440.22
15398.97, 277.53
14412.88, 510.79
15416.19, 399.33
