Details of the solution:
route 0, node_num 15, cost 105.504229, nodes: 0(79.69, 79.69) 55 100 2 4 6 7 8 46 45 5 3 1 106(5.23, 31.05) 0(0.00, 0.00)
route 1, node_num 13, cost 128.751819, nodes: 0(79.69, 79.69) 95 62 120(40.37, 50.96) 33 28 26 27 29 31 120(0.00, 38.47) 92 0(0.00, 0.00)
route 2, node_num 11, cost 98.474858, nodes: 0(79.69, 79.69) 53 14 12 47 17 16 15 9 114(0.32, 19.10) 0(0.00, 0.00)
route 3, node_num 10, cost 90.833991, nodes: 0(79.69, 79.69) 69 78 73 79 60 110(15.32, 26.47) 88 98 0(-0.00, -0.00)
route 4, node_num 11, cost 132.217584, nodes: 0(79.69, 79.69) 114(60.59, 60.59) 112(46.27, 79.69) 58 75 97 59 74 86 114(0.00, 19.10) 0(0.00, 0.00)
route 5, node_num 13, cost 100.694185, nodes: 0(79.69, 79.69) 104(47.04, 68.04) 42 44 43 36 35 37 38 72 54 81 0(0.00, 0.00)
route 6, node_num 12, cost 97.405924, nodes: 0(79.69, 79.69) 66 64 22 49 19 18 48 21 20 116(1.31, 19.03) 0(0.00, 0.00)
route 7, node_num 10, cost 110.769722, nodes: 0(79.69, 79.69) 65 57 115(40.53, 71.61) 77 25 23 24 83 0(0.00, 0.00)
route 8, node_num 12, cost 109.326513, nodes: 0(79.69, 79.69) 80 91 84 85 63 89 76 118(9.20, 38.84) 51 56 0(0.00, 0.00)
route 9, node_num 11, cost 93.666817, nodes: 0(79.69, 79.69) 114(60.59, 79.69) 99 52 87 13 11 10 82 90 0(5.13, 5.13)
route 10, node_num 12, cost 119.667164, nodes: 0(79.69, 79.69) 93 71 34 30 32 120(5.33, 45.30) 50 67 94 96 0(-0.00, -0.00)
route 11, node_num 9, cost 93.064332, nodes: 0(79.69, 79.69) 68 70 104(37.03, 50.41) 40 39 41 61 0(0.00, 0.00)
vehicle (route) number: 12
Total cost: 13280.38
14324.15, 451.15
14321.54, 156.23
14343.09, 284.46
14315.17, 543.30
14317.21, 113.37
15367.33, 311.44
14309.46, 473.42
14313.14, 579.20
13280.38, 422.20
14364.19, 364.48
