Details of the solution:
route 0, node_num 14, cost 109.786502, nodes: 0(79.69, 79.69) 55 108(44.36, 74.45) 45 4 2 6 7 8 46 5 3 1 0(0.00, 0.00)
route 1, node_num 13, cost 103.703804, nodes: 0(79.69, 79.69) 42 104(45.15, 71.49) 44 39 38 37 36 35 40 43 61 0(2.33, 2.33)
route 2, node_num 11, cost 126.625656, nodes: 0(79.69, 79.69) 53 14 47 13 15 12 16 113(1.98, 48.91) 17 0(0.00, 0.00)
route 3, node_num 12, cost 109.726606, nodes: 0(79.69, 79.69) 80 95 62 120(39.91, 79.69) 32 30 34 50 67 94 0(9.74, 9.74)
route 4, node_num 13, cost 121.933575, nodes: 0(79.69, 79.69) 116(60.66, 79.69) 57 18 19 49 24 22 20 116(11.80, 35.01) 56 92 0(0.00, 0.00)
route 5, node_num 12, cost 136.174290, nodes: 0(79.69, 79.69) 85 63 119(32.07, 50.71) 33 28 26 27 29 31 120(0.62, 38.47) 0(0.00, 0.00)
route 6, node_num 9, cost 90.866508, nodes: 0(79.69, 79.69) 69 79 73 78 60 110(12.97, 24.14) 98 0(0.00, 0.00)
route 7, node_num 12, cost 129.806156, nodes: 0(79.69, 79.69) 114(60.59, 60.59) 112(46.27, 79.69) 87 58 77 25 23 21 48 116(2.33, 19.03) 0(0.00, 0.00)
route 8, node_num 10, cost 111.420345, nodes: 0(79.69, 79.69) 65 99 10 11 9 74 86 112(1.28, 33.02) 0(0.00, 0.00)
route 9, node_num 8, cost 112.782519, nodes: 0(79.69, 79.69) 64 84 76 89 118(5.45, 38.54) 51 0(0.00, 0.00)
route 10, node_num 7, cost 59.320148, nodes: 0(79.69, 79.69) 91 66 83 82 90 0(20.37, 20.37)
route 11, node_num 10, cost 100.533235, nodes: 0(79.69, 79.69) 93 71 72 41 104(27.22, 65.69) 54 81 96 0(17.63, 17.63)
route 12, node_num 6, cost 65.388385, nodes: 0(79.69, 79.69) 100 70 88 68 0(14.30, 14.30)
route 13, node_num 8, cost 121.880127, nodes: 0(79.69, 79.69) 114(60.59, 79.69) 52 59 75 97 112(9.93, 33.02) 0(0.00, 0.00)
vehicle (route) number: 14
Total cost: 15499.95
17583.52, 69.98
16514.14, 447.46
15499.95, 199.76
17544.54, 117.70
17539.07, 143.44
15510.66, 232.93
17618.41, 28.77
17600.24, 40.16
16533.90, 483.30
16533.80, 417.39
