Details of the solution:
route 0, node_num 10, cost 97.027310, nodes: 0(79.69, 79.69) 66 19 18 49 24 22 20 116(1.69, 19.03) 0(0.00, 0.00)
route 1, node_num 9, cost 127.531497, nodes: 0(79.69, 79.69) 55 79 73 7 46 108(0.62, 48.47) 60 0(0.00, 0.00)
route 2, node_num 12, cost 109.002580, nodes: 0(79.69, 79.69) 100 108(45.19, 79.69) 45 4 2 6 8 3 5 1 0(5.19, 5.19)
route 3, node_num 11, cost 134.202155, nodes: 0(79.69, 79.69) 62 120(41.05, 79.69) 32 33 26 27 34 120(23.57, 39.44) 67 0(0.00, 0.00)
route 4, node_num 11, cost 121.784641, nodes: 0(79.69, 79.69) 93 71 102(45.05, 79.69) 31 29 28 30 120(31.49, 38.95) 50 0(0.00, 0.00)
route 5, node_num 10, cost 110.297075, nodes: 0(79.69, 79.69) 112(46.67, 79.69) 13 11 10 12 15 16 17 0(2.41, 2.41)
route 6, node_num 11, cost 135.116386, nodes: 0(79.69, 79.69) 116(60.66, 79.69) 57 58 77 23 25 21 48 117(3.41, 39.81) 0(0.00, 0.00)
route 7, node_num 9, cost 64.723676, nodes: 0(79.69, 79.69) 80 91 95 56 92 94 96 0(14.97, 14.97)
route 8, node_num 8, cost 93.497736, nodes: 0(79.69, 79.69) 85 64 116(18.83, 33.57) 83 82 90 0(0.94, 0.94)
route 9, node_num 4, cost 39.942513, nodes: 0(79.69, 79.69) 70 68 0(39.75, 39.75)
route 10, node_num 9, cost 117.441579, nodes: 0(79.69, 79.69) 65 99 52 112(41.07, 79.69) 74 9 86 0(0.87, 0.87)
route 11, node_num 10, cost 96.300706, nodes: 0(79.69, 79.69) 104(47.04, 79.69) 36 37 38 41 72 54 81 0(16.04, 16.04)
route 12, node_num 8, cost 129.035742, nodes: 0(79.69, 79.69) 114(60.59, 79.69) 59 87 75 97 112(2.77, 33.02) 0(0.00, 0.00)
route 13, node_num 9, cost 143.616686, nodes: 0(79.69, 79.69) 118(41.61, 72.72) 76 63 84 89 118(5.73, 38.54) 51 0(0.00, 0.00)
route 14, node_num 10, cost 88.405967, nodes: 0(79.69, 79.69) 69 53 14 47 78 110(17.75, 31.65) 88 98 0(5.18, 5.18)
route 15, node_num 10, cost 102.134437, nodes: 0(79.69, 79.69) 104(47.04, 79.69) 42 44 43 39 35 40 61 0(10.21, 10.21)
vehicle (route) number: 16
Total cost: 17710.06
17748.83, 75.35
19934.26, 5.98
17719.03, 68.56
17728.67, 218.53
17757.17, 575.30
19830.13, 8.28
17749.41, 340.36
17734.04, 189.30
17710.06, 593.20
18754.80, 298.65
