Details of the solution:
route 0, node_num 13, cost 125.129754, nodes: 0(79.69, 79.69) 114(60.59, 62.94) 99 112(47.34, 79.69) 87 59 97 75 58 74 86 114(8.37, 19.10) 0(0.00, 0.00)
route 1, node_num 15, cost 102.733900, nodes: 0(79.69, 79.69) 55 100 2 6 7 8 4 46 45 5 3 1 106(8.00, 31.05) 0(0.00, 0.00)
route 2, node_num 14, cost 110.609036, nodes: 0(79.69, 79.69) 93 71 72 37 35 36 38 39 104(7.74, 38.66) 41 54 81 0(-0.00, -0.00)
route 3, node_num 13, cost 129.766860, nodes: 0(79.69, 79.69) 120(41.22, 79.35) 33 32 30 28 26 27 29 31 34 120(26.53, 38.47) 0(0.00, 0.00)
route 4, node_num 10, cost 93.993313, nodes: 0(79.69, 79.69) 61 104(46.67, 60.98) 42 44 43 40 70 68 0(0.00, 0.00)
route 5, node_num 12, cost 95.840403, nodes: 0(79.69, 79.69) 66 64 20 49 19 18 48 21 22 116(2.88, 19.03) 0(0.00, 0.00)
route 6, node_num 12, cost 98.209395, nodes: 0(79.69, 79.69) 114(60.59, 79.69) 14 47 17 16 15 13 9 82 90 0(0.59, 0.59)
route 7, node_num 14, cost 112.398679, nodes: 0(79.69, 79.69) 69 53 10 11 12 78 111(20.15, 28.71) 73 79 60 110(-0.00, 24.14) 98 0(0.00, 0.00)
route 8, node_num 12, cost 109.767415, nodes: 0(79.69, 79.69) 91 95 84 85 63 89 76 118(8.76, 38.84) 51 56 0(0.00, 0.00)
route 9, node_num 11, cost 116.171537, nodes: 0(79.69, 79.69) 65 52 57 115(35.13, 71.61) 77 25 23 24 83 0(0.00, 0.00)
route 10, node_num 11, cost 113.724589, nodes: 0(79.69, 79.69) 88 101(43.91, 77.95) 80 92 62 50 67 94 96 0(-0.00, -0.00)
vehicle (route) number: 11
Total cost: 12208.34
13189.60, 302.08
13222.32, 277.76
13212.95, 406.33
14294.49, 519.11
14302.87, 448.27
13242.65, 278.80
13273.54, 241.36
12208.34, 360.66
13211.59, 576.69
13237.77, 49.25
