Details of the solution:
route 0, node_num 13, cost 111.954585, nodes: 0(79.69, 79.69) 108(45.21, 77.47) 45 4 2 6 7 8 46 3 5 1 0(0.00, 0.00)
route 1, node_num 9, cost 111.406046, nodes: 0(79.69, 79.69) 84 85 63 76 89 118(6.82, 38.54) 51 0(0.00, 0.00)
route 2, node_num 14, cost 113.141219, nodes: 0(79.69, 79.69) 104(47.04, 78.80) 42 44 38 39 37 36 35 43 40 104(31.33, 33.02) 61 0(0.00, 0.00)
route 3, node_num 12, cost 144.257998, nodes: 0(79.69, 79.69) 114(60.59, 60.59) 112(46.27, 77.82) 87 59 58 75 97 74 86 112(0.00, 33.02) 0(0.00, 0.00)
route 4, node_num 10, cost 107.231907, nodes: 0(79.69, 79.69) 99 52 112(42.03, 79.69) 9 15 16 17 60 0(10.12, 10.12)
route 5, node_num 11, cost 124.572317, nodes: 0(79.69, 79.69) 62 120(41.05, 79.69) 31 29 27 26 28 30 120(32.23, 38.47) 0(0.00, 0.00)
route 6, node_num 12, cost 114.808236, nodes: 0(79.69, 79.69) 65 57 115(40.53, 56.62) 77 25 23 21 48 20 116(0.00, 19.03) 0(0.00, 0.00)
route 7, node_num 11, cost 113.526606, nodes: 0(79.69, 79.69) 80 95 120(39.94, 73.78) 33 32 34 50 67 94 0(0.00, 0.00)
route 8, node_num 10, cost 93.915387, nodes: 0(79.69, 79.69) 66 116(60.33, 79.69) 49 18 19 22 24 83 0(5.14, 5.14)
route 9, node_num 6, cost 55.070600, nodes: 0(79.69, 79.69) 91 64 56 92 0(24.62, 24.62)
route 10, node_num 10, cost 92.058857, nodes: 0(79.69, 79.69) 69 53 78 73 79 110(14.10, 26.47) 88 98 0(0.00, 0.00)
route 11, node_num 10, cost 96.726099, nodes: 0(79.69, 79.69) 93 71 72 41 104(27.22, 44.25) 54 96 81 0(0.00, 0.00)
route 12, node_num 11, cost 95.915950, nodes: 0(79.69, 79.69) 114(60.59, 79.69) 13 47 14 12 11 10 82 90 0(2.88, 2.88)
route 13, node_num 6, cost 45.980970, nodes: 0(79.69, 79.69) 55 100 70 68 0(33.71, 33.71)
vehicle (route) number: 14
Total cost: 15420.57
15493.84, 470.68
15455.34, 294.38
15430.32, 160.30
15492.46, 579.62
15435.39, 107.81
15520.91, 583.84
15480.20, 609.14
15420.57, 474.89
16446.73, 368.29
16540.46, 56.18
