Details of the solution:
route 0, node_num 12, cost 129.036098, nodes: 0(79.69, 79.69) 62 120(41.05, 79.69) 32 33 26 28 30 120(28.83, 39.53) 50 67 0(0.00, 0.00)
route 1, node_num 11, cost 127.096774, nodes: 0(79.69, 79.69) 114(60.59, 60.59) 112(46.27, 79.69) 87 59 75 97 74 86 114(5.12, 19.10) 0(0.00, 0.00)
route 2, node_num 13, cost 111.910642, nodes: 0(79.69, 79.69) 42 44 36 37 38 39 43 104(12.03, 45.93) 54 96 81 0(1.68, 1.68)
route 3, node_num 9, cost 118.502925, nodes: 0(79.69, 79.69) 80 95 120(39.94, 78.75) 31 27 29 34 0(0.00, 0.00)
route 4, node_num 8, cost 130.365054, nodes: 0(79.69, 79.69) 76 63 85 118(16.50, 67.17) 89 51 0(0.00, 0.00)
route 5, node_num 12, cost 102.177128, nodes: 0(79.69, 79.69) 65 99 114(56.21, 78.89) 10 11 12 15 16 13 9 0(0.18, 0.18)
route 6, node_num 5, cost 44.563604, nodes: 0(79.69, 79.69) 69 88 68 0(35.13, 35.13)
route 7, node_num 6, cost 59.834303, nodes: 0(79.69, 79.69) 91 84 56 92 0(19.86, 19.86)
route 8, node_num 12, cost 95.430146, nodes: 0(79.69, 79.69) 100 108(45.19, 79.69) 4 45 8 7 6 46 2 55 0(18.76, 18.76)
route 9, node_num 7, cost 59.796390, nodes: 0(79.69, 79.69) 66 64 83 82 90 0(19.89, 19.89)
route 10, node_num 10, cost 110.386938, nodes: 0(79.69, 79.69) 98 53 14 78 73 111(20.68, 79.69) 17 47 0(28.32, 28.32)
route 11, node_num 10, cost 110.066005, nodes: 0(79.69, 79.69) 94 93 71 72 41 35 40 104(2.27, 32.65) 0(-0.00, -0.00)
route 12, node_num 8, cost 123.423193, nodes: 0(79.69, 79.69) 57 52 58 77 115(1.52, 45.26) 24 0(-0.00, -0.00)
route 13, node_num 12, cost 126.299215, nodes: 0(79.69, 79.69) 22 19 21 25 23 49 20 117(7.65, 54.26) 18 48 0(0.00, 0.00)
route 14, node_num 12, cost 139.446701, nodes: 0(79.69, 79.69) 110(56.28, 66.66) 60 79 70 108(5.71, 23.80) 5 3 1 106(4.37, 35.66) 61 0(-0.00, -0.00)
vehicle (route) number: 15
Total cost: 16588.34
16616.00, 487.52
16588.34, 431.15
16597.87, 513.28
16590.72, 501.23
16610.71, 439.26
17602.95, 419.96
17600.51, 515.54
16603.48, 552.85
16609.11, 194.34
16620.88, 529.49
