Details of the solution:
route 0, node_num 12, cost 100.550361, nodes: 0(79.69, 79.69) 65 52 112(42.33, 79.69) 9 13 15 16 17 47 14 0(16.50, 16.50)
route 1, node_num 15, cost 105.104435, nodes: 0(79.69, 79.69) 100 2 108(43.31, 79.69) 4 6 7 8 46 45 5 3 1 70 0(10.96, 10.96)
route 2, node_num 14, cost 125.743375, nodes: 0(79.69, 79.69) 82 114(58.84, 58.84) 112(44.52, 71.47) 87 59 97 75 58 74 86 99 114(0.00, 19.10) 0(0.00, 0.00)
route 3, node_num 12, cost 88.828837, nodes: 0(79.69, 79.69) 80 92 94 67 50 120(35.00, 44.14) 62 95 56 91 0(-0.00, -0.00)
route 4, node_num 13, cost 113.832410, nodes: 0(79.69, 79.69) 69 53 110(51.04, 66.08) 60 79 73 78 12 11 10 114(0.00, 19.10) 0(0.00, 0.00)
route 5, node_num 13, cost 98.927035, nodes: 0(79.69, 79.69) 44 43 40 36 35 37 38 39 104(15.04, 73.31) 61 68 0(39.04, 39.04)
route 6, node_num 5, cost 40.933382, nodes: 0(79.69, 79.69) 55 88 98 0(38.76, 38.76)
route 7, node_num 10, cost 108.998269, nodes: 0(79.69, 79.69) 64 51 118(39.93, 69.24) 76 89 63 85 84 0(-0.00, -0.00)
route 8, node_num 8, cost 76.247703, nodes: 0(79.69, 79.69) 66 24 22 20 83 90 0(3.44, 3.44)
route 9, node_num 13, cost 129.766860, nodes: 0(79.69, 79.69) 120(41.22, 52.83) 33 32 30 28 26 27 29 31 34 120(0.00, 38.47) 0(0.00, 0.00)
route 10, node_num 12, cost 116.874974, nodes: 0(79.69, 79.69) 57 115(40.60, 79.69) 77 25 23 21 48 18 19 49 0(1.91, 1.91)
route 11, node_num 11, cost 92.424211, nodes: 0(79.69, 79.69) 81 54 104(42.32, 57.15) 42 41 72 71 93 96 0(2.09, 2.09)
vehicle (route) number: 12
Total cost: 13198.23
13266.55, 429.74
13212.24, 355.43
13198.23, 379.93
13255.90, 295.56
14279.58, 398.37
14258.66, 210.64
14280.24, 387.62
13249.66, 512.68
14249.58, 468.05
14284.23, 203.69
