Details of the solution:
route 0, node_num 12, cost 98.532684, nodes: 0(79.69, 79.69) 7 127(47.57, 66.41) 12 14 16 15 19 18 17 13 0(-0.00, -0.00)
route 1, node_num 14, cost 95.950960, nodes: 0(79.69, 79.69) 20 24 32 33 38 37 35 31 52 135(6.60, 23.15) 49 47 0(0.29, 0.29)
route 2, node_num 15, cost 88.612745, nodes: 0(79.69, 79.69) 21 22 25 27 29 34 36 39 131(15.68, 24.61) 30 28 26 23 0(0.00, 0.00)
route 3, node_num 10, cost 55.580930, nodes: 0(79.69, 79.69) 42 44 45 48 51 50 46 43 0(24.11, 24.11)
route 4, node_num 13, cost 112.765788, nodes: 0(79.69, 79.69) 59 57 60 58 56 53 180(15.24, 64.95) 54 55 40 41 0(16.64, 16.64)
route 5, node_num 13, cost 73.127314, nodes: 0(79.69, 79.69) 63 74 62 65 67 69 68 64 72 61 66 0(6.56, 6.56)
route 6, node_num 11, cost 56.151456, nodes: 0(79.69, 79.69) 75 5 3 4 6 10 11 9 8 0(23.54, 23.54)
route 7, node_num 12, cost 76.069565, nodes: 0(79.69, 79.69) 90 87 86 83 82 84 85 88 89 91 0(3.62, 3.62)
route 8, node_num 14, cost 97.537277, nodes: 0(79.69, 79.69) 98 96 95 94 92 93 97 100 99 188(16.29, 34.14) 2 1 0(0.00, 0.00)
route 9, node_num 13, cost 136.132887, nodes: 0(79.69, 79.69) 183(41.22, 59.19) 79 77 73 70 71 76 78 81 80 162(-0.00, 38.47) 0(0.00, 0.00)
vehicle (route) number: 10
Total cost: 10890.46
11912.53, 671.31
10926.01, 670.91
11936.86, 658.12
11912.89, 640.00
11913.60, 660.68
11981.74, 630.56
12048.48, 636.81
11998.40, 445.91
10890.46, 661.71
10892.36, 681.25
