Details of the solution:
route 0, node_num 9, cost 78.549065, nodes: 0(62.14, 62.14) 1 50 79 29 24 102(9.77, 45.76) 12 0(19.58, 19.58)
route 1, node_num 9, cost 90.385412, nodes: 0(62.14, 62.14) 3 34 78 81 51 167(4.87, 37.39) 30 0(4.28, 4.28)
route 2, node_num 14, cost 86.025618, nodes: 0(62.14, 62.14) 18 173(44.09, 44.09) 8 46 132(16.93, 39.36) 45 84 5 99 59 177(13.42, 14.87) 94 0(0.00, 0.00)
route 3, node_num 9, cost 98.311623, nodes: 0(62.14, 62.14) 19 49 36 172(4.04, 62.14) 47 48 82 0(21.93, 21.93)
route 4, node_num 11, cost 85.071548, nodes: 0(62.14, 62.14) 28 68 80 54 4 204(14.33, 37.26) 25 55 26 0(0.00, 0.00)
route 5, node_num 12, cost 99.964031, nodes: 0(62.14, 62.14) 31 190(37.40, 62.14) 10 90 63 64 11 150(14.48, 27.56) 62 88 0(0.00, 0.00)
route 6, node_num 11, cost 83.115627, nodes: 0(62.14, 62.14) 53 58 40 56 72 74 22 117(10.12, 62.14) 41 0(31.04, 31.04)
route 7, node_num 10, cost 102.528855, nodes: 0(62.14, 62.14) 70 32 66 147(2.02, 58.78) 9 33 77 76 0(16.38, 16.38)
route 8, node_num 7, cost 58.105429, nodes: 0(62.14, 62.14) 89 7 52 69 27 0(4.03, 4.03)
route 9, node_num 12, cost 66.649986, nodes: 0(62.14, 62.14) 93 61 16 133(27.42, 31.93) 91 85 98 92 97 95 0(0.00, 0.00)
route 10, node_num 11, cost 100.647396, nodes: 0(62.14, 62.14) 6 96 60 83 17 86 196(0.23, 62.14) 44 37 0(23.40, 23.40)
route 11, node_num 12, cost 111.479450, nodes: 0(62.14, 62.14) 135(47.27, 58.46) 100 14 38 43 15 178(0.00, 45.80) 42 57 2 0(7.64, 7.64)
route 12, node_num 12, cost 110.772169, nodes: 0(62.14, 62.14) 21 140(27.02, 50.87) 39 67 23 75 73 179(0.00, 24.79) 87 13 0(0.00, 0.00)
route 13, node_num 8, cost 111.908473, nodes: 0(62.14, 62.14) 146(37.08, 62.14) 35 65 71 105(18.91, 54.33) 20 0(10.71, 10.71)
vehicle (route) number: 14
Total cost: 15283.51
15283.51, 664.28
17305.73, 682.24
16272.16, 642.51
15301.67, 669.78
17317.04, 630.99
16281.47, 677.42
16314.05, 648.65
17342.28, 652.82
16290.47, 651.75
16308.31, 640.64
