Details of the solution:
route 0, node_num 11, cost 81.517527, nodes: 0(67.15, 67.15) 1 104(41.92, 58.49) 51 81 34 78 3 77 28 0(2.20, 2.20)
route 1, node_num 13, cost 53.685950, nodes: 0(67.15, 67.15) 6 96 99 59 98 100 37 92 97 95 94 0(13.46, 13.46)
route 2, node_num 13, cost 108.669317, nodes: 0(67.15, 67.15) 21 72 75 56 23 67 161(5.05, 48.73) 39 25 55 54 0(2.17, 2.17)
route 3, node_num 9, cost 78.898918, nodes: 0(67.15, 67.15) 26 4 73 74 22 41 179(3.28, 15.03) 0(0.00, 0.00)
route 4, node_num 11, cost 112.189477, nodes: 0(67.15, 67.15) 47 36 151(20.63, 65.67) 11 90 32 30 70 27 0(0.00, 0.00)
route 5, node_num 13, cost 79.331988, nodes: 0(67.15, 67.15) 53 58 40 2 57 15 136(26.79, 67.15) 43 42 87 13 0(28.18, 28.18)
route 6, node_num 10, cost 80.136080, nodes: 0(67.15, 67.15) 60 83 194(39.22, 63.00) 82 48 7 52 69 0(0.00, 0.00)
route 7, node_num 10, cost 75.124944, nodes: 0(67.15, 67.15) 76 79 29 24 102(20.73, 28.71) 68 80 12 0(0.00, 0.00)
route 8, node_num 11, cost 85.937894, nodes: 0(67.15, 67.15) 89 5 84 17 45 132(26.38, 45.17) 46 8 18 0(0.00, 0.00)
route 9, node_num 13, cost 105.992340, nodes: 0(67.15, 67.15) 93 61 196(36.43, 67.02) 91 16 86 38 14 44 175(17.60, 25.85) 85 0(-0.00, -0.00)
route 10, node_num 12, cost 112.900316, nodes: 0(67.15, 67.15) 127(42.41, 57.37) 10 63 64 49 19 150(0.00, 30.79) 62 88 31 0(-0.00, -0.00)
route 11, node_num 12, cost 116.013869, nodes: 0(67.15, 67.15) 188(42.09, 67.15) 20 66 65 35 71 168(14.61, 38.41) 9 33 50 0(0.00, 0.00)
vehicle (route) number: 12
Total cost: 13090.40
14123.86, 676.45
13090.40, 664.25
14109.07, 703.57
14135.46, 695.63
14163.28, 691.55
15161.56, 644.04
14134.03, 631.30
13101.65, 642.24
13106.01, 702.66
14126.98, 653.77
