Details of the solution:
route 0, node_num 9, cost 90.299592, nodes: 0(62.14, 62.14) 70 32 90 63 190(8.75, 36.91) 10 30 0(0.00, 0.00)
route 1, node_num 10, cost 97.376945, nodes: 0(62.14, 62.14) 3 68 54 55 204(12.93, 61.08) 25 24 12 0(12.92, 12.92)
route 2, node_num 11, cost 122.439335, nodes: 0(62.14, 62.14) 19 172(22.06, 26.31) 36 132(0.00, 38.02) 45 47 48 82 131(0.00, 18.03) 0(0.00, 0.00)
route 3, node_num 10, cost 83.388108, nodes: 0(62.14, 62.14) 21 56 39 161(23.56, 62.14) 4 72 73 26 0(17.33, 17.33)
route 4, node_num 10, cost 107.006274, nodes: 0(62.14, 62.14) 31 62 150(33.46, 62.14) 11 64 49 192(10.26, 26.45) 88 0(0.00, 0.00)
route 5, node_num 11, cost 87.446987, nodes: 0(62.14, 62.14) 33 81 79 29 80 102(4.57, 29.88) 77 76 28 0(0.00, 0.00)
route 6, node_num 11, cost 107.093523, nodes: 0(62.14, 62.14) 40 74 22 75 160(28.02, 62.14) 23 67 118(26.27, 37.11) 41 0(0.00, 0.00)
route 7, node_num 9, cost 70.884367, nodes: 0(62.14, 62.14) 60 17 84 93 59 99 177(6.12, 14.87) 0(0.00, 0.00)
route 8, node_num 6, cost 35.374875, nodes: 0(62.14, 62.14) 89 6 58 53 0(26.77, 26.77)
route 9, node_num 14, cost 71.681281, nodes: 0(62.14, 62.14) 96 61 16 91 100 85 98 92 97 95 198(5.33, 14.87) 94 0(-0.00, -0.00)
route 10, node_num 11, cost 123.523794, nodes: 0(62.14, 62.14) 104(37.08, 62.14) 66 65 35 71 168(10.66, 10.66) 147(10.66, 46.99) 20 51 0(0.00, 0.00)
route 11, node_num 9, cost 74.086671, nodes: 0(62.14, 62.14) 137(47.11, 62.14) 2 15 42 57 87 13 0(3.09, 3.09)
route 12, node_num 10, cost 87.102068, nodes: 0(62.14, 62.14) 1 146(36.91, 61.87) 9 34 78 50 69 27 0(-0.00, -0.00)
route 13, node_num 10, cost 120.712909, nodes: 0(62.14, 62.14) 157(31.78, 49.26) 43 38 86 112(3.67, 62.14) 44 14 37 0(17.38, 17.38)
route 14, node_num 11, cost 106.913505, nodes: 0(62.14, 62.14) 194(44.11, 59.28) 8 46 7 52 18 173(3.74, 33.34) 83 5 0(0.00, 0.00)
vehicle (route) number: 15
Total cost: 16385.33
17444.18, 220.41
18418.58, 285.76
16385.33, 584.48
17421.09, 627.55
18424.70, 83.33
17429.22, 314.03
17381.57, 509.25
17400.64, 370.73
17440.32, 151.74
17414.74, 434.28
