Details of the solution:
route 0, node_num 10, cost 116.641893, nodes: 0(62.60, 62.60) 1 104(37.37, 42.73) 66 65 168(0.00, 57.71) 35 9 51 0(9.03, 9.03)
route 1, node_num 12, cost 110.932331, nodes: 0(62.60, 62.60) 3 33 81 79 78 34 105(0.34, 28.54) 71 20 188(4.93, 25.06) 0(0.00, 0.00)
route 2, node_num 11, cost 91.335635, nodes: 0(62.60, 62.60) 204(32.19, 61.03) 25 55 54 4 72 73 21 26 0(0.11, 0.11)
route 3, node_num 6, cost 54.163138, nodes: 0(62.60, 62.60) 7 52 69 27 0(8.44, 8.44)
route 4, node_num 10, cost 96.522223, nodes: 0(62.60, 62.60) 18 8 46 36 172(9.82, 57.13) 47 48 88 0(13.40, 13.40)
route 5, node_num 9, cost 69.144206, nodes: 0(62.60, 62.60) 28 68 102(35.76, 62.60) 24 29 80 12 0(20.30, 20.30)
route 6, node_num 12, cost 116.694437, nodes: 0(62.60, 62.60) 31 62 150(33.92, 49.39) 19 11 64 49 130(2.24, 22.83) 82 110(0.00, 18.03) 0(0.00, 0.00)
route 7, node_num 11, cost 87.629249, nodes: 0(62.60, 62.60) 53 40 2 58 15 178(6.97, 32.00) 42 87 13 0(0.00, 0.00)
route 8, node_num 7, cost 66.317927, nodes: 0(62.60, 62.60) 6 122(40.24, 62.60) 50 77 76 0(18.64, 18.64)
route 9, node_num 9, cost 90.299592, nodes: 0(62.60, 62.60) 70 32 90 63 190(9.21, 36.91) 10 30 0(0.00, 0.00)
route 10, node_num 13, cost 113.700454, nodes: 0(62.60, 62.60) 74 75 139(32.16, 39.55) 56 39 67 23 118(-0.00, 43.72) 22 41 57 0(-0.00, -0.00)
route 11, node_num 10, cost 78.672289, nodes: 0(62.60, 62.60) 89 5 17 84 45 153(15.42, 31.49) 83 60 0(0.00, 0.00)
route 12, node_num 17, cost 84.102368, nodes: 0(62.60, 62.60) 96 93 61 16 133(27.86, 45.22) 91 85 59 99 92 95 37 98 177(10.72, 14.87) 94 0(0.00, 0.00)
route 13, node_num 11, cost 122.778494, nodes: 0(62.60, 62.60) 97 136(30.36, 45.59) 43 38 86 196(-0.00, 54.49) 44 14 100 0(9.54, 9.54)
vehicle (route) number: 14
Total cost: 15298.93
15298.93, 557.16
16372.91, 195.71
17342.58, 444.41
17329.38, 630.04
16323.48, 648.74
16323.44, 651.48
17358.84, 653.31
16326.96, 672.24
16325.00, 630.07
16373.85, 644.02
