Details of the solution:
route 0, node_num 8, cost 57.578386, nodes: 0(64.06, 64.06) 1 79 3 77 76 28 0(6.48, 6.48)
route 1, node_num 14, cost 65.639088, nodes: 0(64.06, 64.06) 6 96 99 61 16 133(29.68, 31.26) 91 100 37 92 97 95 0(-0.00, -0.00)
route 2, node_num 13, cost 79.066348, nodes: 0(64.06, 64.06) 26 54 55 25 204(25.58, 49.95) 4 72 73 21 40 53 0(9.36, 9.36)
route 3, node_num 13, cost 90.153288, nodes: 0(64.06, 64.06) 27 70 30 32 90 63 10 148(7.79, 33.89) 62 88 31 0(0.00, 0.00)
route 4, node_num 12, cost 117.561376, nodes: 0(64.06, 64.06) 47 172(24.76, 64.06) 49 64 11 19 48 82 194(3.85, 18.05) 18 0(-0.00, -0.00)
route 5, node_num 13, cost 92.225124, nodes: 0(64.06, 64.06) 50 33 81 78 34 29 24 102(0.54, 28.71) 68 80 12 0(0.00, 0.00)
route 6, node_num 13, cost 115.572899, nodes: 0(64.06, 64.06) 60 83 5 84 17 45 132(15.04, 48.52) 46 36 8 173(-0.00, 18.03) 0(0.00, 0.00)
route 7, node_num 13, cost 108.305531, nodes: 0(64.06, 64.06) 74 75 139(33.62, 39.55) 56 39 67 23 118(-0.00, 38.32) 22 41 58 0(-0.00, -0.00)
route 8, node_num 6, cost 57.990844, nodes: 0(64.06, 64.06) 89 7 52 69 0(6.07, 6.07)
route 9, node_num 10, cost 73.313683, nodes: 0(64.06, 64.06) 137(49.03, 64.06) 2 57 15 43 42 87 13 0(5.78, 5.78)
route 10, node_num 11, cost 117.491260, nodes: 0(64.06, 64.06) 146(39.00, 53.80) 20 66 65 71 35 105(0.00, 38.64) 9 51 0(-0.00, -0.00)
route 11, node_num 13, cost 98.502377, nodes: 0(64.06, 64.06) 177(49.19, 57.11) 98 44 14 38 86 196(-0.00, 26.53) 85 93 59 94 0(-0.00, -0.00)
vehicle (route) number: 12
Total cost: 13073.40
13141.28, 654.52
14114.09, 658.27
14127.36, 682.77
14109.35, 667.34
13130.43, 632.32
13073.40, 632.78
13181.52, 648.87
14127.06, 639.06
14139.08, 630.78
13073.61, 683.79
