Details of the solution:
route 0, node_num 11, cost 116.065247, nodes: 0(65.80, 65.80) 1 188(40.57, 65.80) 20 66 65 71 35 9 104(0.03, 25.06) 0(0.00, 0.00)
route 1, node_num 12, cost 92.071521, nodes: 0(65.80, 65.80) 3 79 78 34 81 33 51 167(6.85, 33.12) 30 69 0(-0.00, -0.00)
route 2, node_num 10, cost 80.973938, nodes: 0(65.80, 65.80) 27 70 32 90 63 10 127(11.68, 26.85) 88 0(0.00, 0.00)
route 3, node_num 12, cost 115.040138, nodes: 0(65.80, 65.80) 31 62 150(37.12, 65.80) 11 64 49 36 172(18.75, 39.31) 47 48 0(0.00, 0.00)
route 4, node_num 13, cost 79.563940, nodes: 0(65.80, 65.80) 40 21 74 22 75 139(30.96, 44.72) 56 4 72 73 53 0(0.00, 0.00)
route 5, node_num 6, cost 47.678203, nodes: 0(65.80, 65.80) 50 76 12 26 0(18.12, 18.12)
route 6, node_num 9, cost 90.143677, nodes: 0(65.80, 65.80) 52 7 19 46 132(6.23, 30.57) 45 83 0(0.00, 0.00)
route 7, node_num 10, cost 111.395730, nodes: 0(65.80, 65.80) 54 55 25 39 161(19.24, 64.83) 67 23 41 0(0.00, 0.00)
route 8, node_num 11, cost 75.234242, nodes: 0(65.80, 65.80) 58 158(50.42, 59.85) 2 57 15 43 42 95 94 0(-0.00, -0.00)
route 9, node_num 9, cost 70.707086, nodes: 0(65.80, 65.80) 68 80 102(37.42, 65.80) 24 29 77 28 0(23.47, 23.47)
route 10, node_num 13, cost 112.909124, nodes: 0(65.80, 65.80) 85 16 196(32.45, 65.02) 91 44 14 38 86 61 5 135(0.33, 14.87) 0(0.00, 0.00)
route 11, node_num 10, cost 78.002751, nodes: 0(65.80, 65.80) 6 60 84 17 8 82 194(5.84, 18.05) 18 0(-0.00, -0.00)
route 12, node_num 15, cost 70.550754, nodes: 0(65.80, 65.80) 89 96 177(45.03, 65.80) 92 98 37 100 93 99 59 97 87 13 0(16.02, 16.02)
vehicle (route) number: 13
Total cost: 14140.34
14172.25, 636.59
14164.91, 655.13
14140.34, 637.16
15159.76, 630.54
15189.81, 645.63
15197.75, 633.74
15198.59, 631.04
15180.23, 646.38
14197.24, 650.60
15193.79, 630.61
