Details of the solution:
route 0, node_num 10, cost 91.217361, nodes: 0(79.69, 79.69) 43 44 42 146(35.61, 79.69) 41 72 54 96 0(32.55, 32.55)
route 1, node_num 9, cost 126.281161, nodes: 0(79.69, 79.69) 51 118(41.15, 79.69) 76 85 63 89 139(30.03, 38.08) 0(0.00, 0.00)
route 2, node_num 6, cost 53.174248, nodes: 0(79.69, 79.69) 52 99 82 90 0(26.52, 26.52)
route 3, node_num 5, cost 46.591206, nodes: 0(79.69, 79.69) 55 88 68 0(33.10, 33.10)
route 4, node_num 12, cost 124.121085, nodes: 0(79.69, 79.69) 60 79 78 73 153(17.22, 61.65) 12 14 47 17 53 0(-0.00, -0.00)
route 5, node_num 11, cost 116.680546, nodes: 0(79.69, 79.69) 65 57 136(40.53, 77.52) 77 25 23 21 48 18 0(0.00, 0.00)
route 6, node_num 11, cost 85.840403, nodes: 0(79.69, 79.69) 66 64 20 49 19 22 24 83 158(12.88, 19.03) 0(0.00, 0.00)
route 7, node_num 11, cost 91.520101, nodes: 0(79.69, 79.69) 69 98 10 11 15 16 13 9 198(7.27, 19.10) 0(0.00, 0.00)
route 8, node_num 11, cost 100.148796, nodes: 0(79.69, 79.69) 81 37 35 36 38 39 40 188(12.56, 33.02) 61 0(0.00, 0.00)
route 9, node_num 7, cost 59.896356, nodes: 0(79.69, 79.69) 91 84 56 92 80 0(19.79, 19.79)
route 10, node_num 11, cost 131.463308, nodes: 0(79.69, 79.69) 93 71 102(45.05, 61.84) 31 28 26 27 29 120(3.49, 38.47) 0(0.00, 0.00)
route 11, node_num 12, cost 114.167876, nodes: 0(79.69, 79.69) 95 62 50 162(39.25, 79.69) 33 32 30 34 67 94 0(5.96, 5.96)
route 12, node_num 15, cost 105.104435, nodes: 0(79.69, 79.69) 100 2 192(43.31, 79.69) 4 6 7 8 46 45 5 3 1 70 0(10.96, 10.96)
route 13, node_num 12, cost 123.438459, nodes: 0(79.69, 79.69) 164(79.69, 79.69) 133(46.67, 79.69) 87 59 97 75 58 74 86 135(8.37, 19.10) 0(0.00, 0.00)
vehicle (route) number: 14
Total cost: 15369.65
16419.61, 674.66
16443.56, 662.25
15399.89, 539.38
15455.90, 652.73
15470.42, 604.75
16423.18, 647.97
15452.52, 630.59
15417.66, 682.04
15406.27, 660.79
15369.65, 635.77
