Details of the solution:
route 0, node_num 14, cost 101.335166, nodes: 0(79.69, 79.69) 11 190(48.64, 70.29) 12 14 16 15 19 18 17 13 23 21 0(-0.00, -0.00)
route 1, node_num 12, cost 87.142620, nodes: 0(79.69, 79.69) 20 22 25 27 33 35 31 52 177(14.59, 32.56) 49 0(10.52, 10.52)
route 2, node_num 14, cost 97.960295, nodes: 0(79.69, 79.69) 24 29 32 37 38 39 36 34 131(6.15, 24.42) 30 28 26 0(0.00, 0.00)
route 3, node_num 13, cost 65.844861, nodes: 0(79.69, 79.69) 47 50 51 48 45 44 46 43 42 40 41 0(13.85, 13.85)
route 4, node_num 13, cost 113.232954, nodes: 0(79.69, 79.69) 59 57 60 58 56 53 180(15.24, 64.95) 54 55 68 67 0(16.17, 16.17)
route 5, node_num 11, cost 64.808327, nodes: 0(79.69, 79.69) 63 74 62 66 69 64 72 61 65 0(14.88, 14.88)
route 6, node_num 11, cost 57.222722, nodes: 0(79.69, 79.69) 75 5 3 4 7 10 9 6 8 0(22.47, 22.47)
route 7, node_num 12, cost 76.069565, nodes: 0(79.69, 79.69) 91 89 88 85 84 82 83 86 87 90 0(3.62, 3.62)
route 8, node_num 14, cost 97.537277, nodes: 0(79.69, 79.69) 98 96 95 94 92 93 97 100 99 188(16.29, 34.14) 2 1 0(0.00, 0.00)
route 9, node_num 13, cost 136.566165, nodes: 0(79.69, 79.69) 204(41.22, 79.69) 80 73 70 71 76 78 81 77 79 183(20.07, 38.47) 0(0.00, 0.00)
vehicle (route) number: 10
Total cost: 10897.72
11912.53, 634.65
11915.46, 630.05
11936.86, 631.80
11912.89, 631.76
11947.39, 631.86
11982.95, 630.78
12048.48, 633.53
11975.75, 631.72
10945.02, 631.98
10897.72, 630.03
