Details of the solution:
route 0, node_num 12, cost 94.030948, nodes: 0(79.69, 79.69) 20 24 29 34 36 39 38 37 35 198(4.76, 19.10) 0(0.00, 0.00)
route 1, node_num 9, cost 42.252068, nodes: 0(79.69, 79.69) 21 22 25 27 30 28 26 0(37.44, 37.44)
route 2, node_num 12, cost 105.527503, nodes: 0(79.69, 79.69) 23 171(41.19, 79.69) 12 14 16 19 18 17 15 13 0(12.66, 12.66)
route 3, node_num 13, cost 101.880593, nodes: 0(79.69, 79.69) 40 42 44 32 33 31 154(17.46, 44.58) 51 50 52 49 0(4.93, 4.93)
route 4, node_num 13, cost 105.718855, nodes: 0(79.69, 79.69) 41 158(56.89, 73.23) 59 60 58 56 53 54 55 57 200(0.00, 0.00) 0(0.00, 0.00)
route 5, node_num 11, cost 125.423650, nodes: 0(79.69, 79.69) 63 162(40.25, 65.50) 73 70 71 76 78 81 120(17.99, 38.47) 0(0.00, 0.00)
route 6, node_num 11, cost 118.846585, nodes: 0(79.69, 79.69) 65 74 204(38.60, 79.69) 79 77 80 72 61 66 0(1.93, 1.93)
route 7, node_num 12, cost 74.615433, nodes: 0(79.69, 79.69) 67 62 64 68 69 45 48 46 47 43 0(5.07, 5.07)
route 8, node_num 12, cost 60.926055, nodes: 0(79.69, 79.69) 75 1 2 4 6 7 10 11 9 8 0(18.76, 18.76)
route 9, node_num 12, cost 76.844165, nodes: 0(79.69, 79.69) 90 87 86 82 83 84 85 88 89 91 0(2.85, 2.85)
route 10, node_num 14, cost 104.483642, nodes: 0(79.69, 79.69) 104(47.04, 72.51) 98 96 95 94 92 93 97 100 99 3 5 0(0.68, 0.68)
vehicle (route) number: 11
Total cost: 12010.55
12026.16, 238.43
12026.69, 241.64
12023.60, 483.70
12029.25, 275.42
12023.60, 441.08
12014.05, 450.28
12023.60, 406.74
12010.55, 388.20
13012.98, 356.54
12023.60, 111.45
