Details of the solution:
route 0, node_num 8, cost 78.099442, nodes: 0(62.14, 62.14) 104(37.08, 62.14) 9 79 50 69 27 0(9.10, 9.10)
route 1, node_num 9, cost 100.898244, nodes: 0(62.14, 62.14) 3 68 55 4 204(0.62, 39.38) 25 12 0(0.00, 0.00)
route 2, node_num 10, cost 119.245721, nodes: 0(62.14, 62.14) 21 39 56 160(15.87, 62.14) 23 67 118(26.27, 37.11) 41 0(0.00, 0.00)
route 3, node_num 9, cost 83.017024, nodes: 0(62.14, 62.14) 31 169(37.40, 59.45) 32 90 63 10 88 0(1.18, 1.18)
route 4, node_num 8, cost 92.871548, nodes: 0(62.14, 62.14) 33 34 78 29 102(3.74, 62.14) 24 0(27.67, 27.67)
route 5, node_num 8, cost 74.113373, nodes: 0(62.14, 62.14) 40 2 15 42 57 116(3.06, 15.03) 0(0.00, 0.00)
route 6, node_num 7, cost 57.455612, nodes: 0(62.14, 62.14) 54 80 77 76 28 0(4.68, 4.68)
route 7, node_num 8, cost 101.669145, nodes: 0(62.14, 62.14) 60 19 151(9.97, 10.20) 36 172(0.00, 62.14) 47 0(22.84, 22.84)
route 8, node_num 8, cost 105.784144, nodes: 0(62.14, 62.14) 62 150(34.64, 56.98) 11 64 49 130(16.90, 38.21) 0(0.00, 0.00)
route 9, node_num 7, cost 96.178891, nodes: 0(62.14, 62.14) 1 66 71 105(9.18, 43.22) 30 0(0.00, 0.00)
route 10, node_num 10, cost 103.895786, nodes: 0(62.14, 62.14) 70 190(32.50, 57.37) 7 52 18 48 82 173(1.14, 18.03) 0(0.00, 0.00)
route 11, node_num 10, cost 117.166417, nodes: 0(62.14, 62.14) 81 126(23.37, 43.83) 65 35 168(12.79, 27.24) 20 51 167(4.94, 25.06) 0(0.00, 0.00)
route 12, node_num 7, cost 55.348639, nodes: 0(62.14, 62.14) 89 6 58 95 53 0(6.79, 6.79)
route 13, node_num 8, cost 55.774183, nodes: 0(62.14, 62.14) 96 100 59 93 99 94 0(6.37, 6.37)
route 14, node_num 11, cost 107.202066, nodes: 0(62.14, 62.14) 110(44.11, 56.53) 8 46 17 84 174(4.52, 37.16) 45 83 5 0(-0.00, -0.00)
route 15, node_num 9, cost 68.977311, nodes: 0(62.14, 62.14) 137(47.11, 62.14) 74 22 75 72 73 26 0(8.20, 8.20)
route 16, node_num 12, cost 71.831020, nodes: 0(62.14, 62.14) 198(47.27, 62.14) 61 16 91 85 98 92 97 87 13 0(5.18, 5.18)
route 17, node_num 10, cost 123.690895, nodes: 0(62.14, 62.14) 199(31.78, 53.20) 43 38 86 175(7.61, 62.14) 14 44 37 0(14.40, 14.40)
vehicle (route) number: 18
Total cost: 19613.22
19680.99, 255.77
22684.04, 42.64
19613.22, 261.25
19626.56, 313.57
20635.19, 409.29
19620.14, 409.55
19615.38, 630.39
19613.88, 304.63
19648.46, 348.67
19618.71, 241.20
