Details of the solution:
route 0, node_num 8, cost 94.289235, nodes: 0(62.14, 62.14) 1 66 128(6.48, 62.14) 32 30 70 0(23.51, 23.51)
route 1, node_num 8, cost 70.792309, nodes: 0(62.14, 62.14) 3 79 29 102(21.12, 56.89) 77 76 0(27.12, 27.12)
route 2, node_num 14, cost 87.979130, nodes: 0(62.14, 62.14) 6 61 196(32.17, 62.14) 16 91 85 93 92 97 87 57 2 0(4.13, 4.13)
route 3, node_num 10, cost 84.167649, nodes: 0(62.14, 62.14) 18 8 46 132(16.97, 39.00) 45 84 83 60 0(0.00, 0.00)
route 4, node_num 10, cost 101.010644, nodes: 0(62.14, 62.14) 62 19 49 36 172(1.34, 62.14) 47 48 82 0(21.93, 21.93)
route 5, node_num 12, cost 107.643833, nodes: 0(62.14, 62.14) 26 140(28.33, 47.51) 39 67 25 55 24 186(-0.00, 26.32) 80 12 0(0.00, 0.00)
route 6, node_num 8, cost 96.814715, nodes: 0(62.14, 62.14) 28 68 78 34 147(8.95, 43.62) 20 0(0.00, 0.00)
route 7, node_num 10, cost 89.929097, nodes: 0(62.14, 62.14) 53 40 54 4 74 22 117(3.31, 46.18) 41 0(15.08, 15.08)
route 8, node_num 11, cost 82.957347, nodes: 0(62.14, 62.14) 58 21 56 23 160(17.27, 41.64) 75 72 73 13 0(3.55, 3.55)
route 9, node_num 11, cost 102.073718, nodes: 0(62.14, 62.14) 127(37.40, 62.14) 10 90 63 64 11 150(14.48, 30.12) 88 31 0(0.45, 0.45)
route 10, node_num 7, cost 58.105429, nodes: 0(62.14, 62.14) 89 7 52 69 27 0(4.03, 4.03)
route 11, node_num 13, cost 92.907308, nodes: 0(62.14, 62.14) 94 96 5 17 86 133(6.24, 48.57) 99 59 98 37 95 0(11.56, 11.56)
route 12, node_num 12, cost 125.720277, nodes: 0(62.14, 62.14) 135(47.27, 62.14) 14 38 43 136(11.11, 20.54) 15 178(12.29, 51.58) 42 44 100 0(-0.00, -0.00)
route 13, node_num 12, cost 107.280101, nodes: 0(62.14, 62.14) 167(37.08, 43.35) 51 35 65 71 168(0.12, 38.99) 9 81 33 50 0(-0.00, -0.00)
vehicle (route) number: 14
Total cost: 15301.67
16330.07, 632.06
17311.40, 632.60
16275.37, 631.81
15301.67, 631.01
17320.82, 630.90
16281.57, 630.04
16314.05, 635.32
16317.83, 630.92
16257.37, 632.90
16324.18, 424.74
