Details of the solution:
route 0, node_num 10, cost 114.263301, nodes: 0(62.14, 62.14) 1 104(36.91, 51.98) 66 65 35 71 147(0.50, 37.56) 51 0(0.00, 0.00)
route 1, node_num 9, cost 87.825597, nodes: 0(62.14, 62.14) 3 33 81 9 125(15.13, 62.14) 20 30 0(21.33, 21.33)
route 2, node_num 10, cost 131.619314, nodes: 0(62.14, 62.14) 8 46 36 193(9.36, 60.81) 64 49 47 152(0.00, 18.03) 0(0.00, 0.00)
route 3, node_num 12, cost 103.827250, nodes: 0(62.14, 62.14) 21 56 39 161(23.56, 62.14) 4 72 73 41 57 179(11.92, 15.03) 0(0.00, 0.00)
route 4, node_num 12, cost 99.794829, nodes: 0(62.14, 62.14) 31 62 150(33.46, 38.14) 11 19 7 18 173(0.37, 33.34) 83 5 0(0.00, 0.00)
route 5, node_num 10, cost 91.644505, nodes: 0(62.14, 62.14) 34 78 79 29 102(0.38, 29.88) 77 76 28 0(0.00, 0.00)
route 6, node_num 11, cost 97.145734, nodes: 0(62.14, 62.14) 40 74 22 75 160(28.02, 62.14) 23 67 119(32.92, 33.81) 26 0(0.00, 0.00)
route 7, node_num 5, cost 40.120248, nodes: 0(62.14, 62.14) 52 58 53 0(22.02, 22.02)
route 8, node_num 8, cost 80.546817, nodes: 0(62.14, 62.14) 54 55 25 24 123(7.77, 26.18) 12 0(0.00, 0.00)
route 9, node_num 11, cost 104.933183, nodes: 0(62.14, 62.14) 60 61 16 17 84 45 132(1.18, 43.97) 48 82 0(-0.00, -0.00)
route 10, node_num 7, cost 59.111292, nodes: 0(62.14, 62.14) 68 80 50 69 27 0(3.03, 3.03)
route 11, node_num 9, cost 80.944445, nodes: 0(62.14, 62.14) 70 32 90 63 10 127(8.05, 26.85) 88 0(0.00, 0.00)
route 12, node_num 9, cost 44.912340, nodes: 0(62.14, 62.14) 89 6 59 92 97 95 94 0(17.23, 17.23)
route 13, node_num 9, cost 58.083589, nodes: 0(62.14, 62.14) 96 100 91 85 98 93 99 0(4.06, 4.06)
route 14, node_num 8, cost 66.086671, nodes: 0(62.14, 62.14) 137(47.11, 62.14) 2 15 42 87 13 0(11.09, 11.09)
route 15, node_num 10, cost 120.712909, nodes: 0(62.14, 62.14) 199(31.78, 49.26) 43 38 86 196(3.67, 62.14) 44 14 37 0(17.38, 17.38)
vehicle (route) number: 16
Total cost: 17381.57
17417.25, 617.74
17412.11, 608.28
17390.19, 633.09
18408.23, 630.20
18424.70, 93.39
17429.22, 349.65
17381.57, 414.16
17417.27, 563.20
17440.32, 191.70
17414.74, 444.49
