Details of the solution:
route 0, node_num 11, cost 92.847760, nodes: 0(66.28, 66.28) 50 79 78 34 35 105(12.40, 38.97) 9 81 33 0(0.00, 0.00)
route 1, node_num 11, cost 75.823106, nodes: 0(66.28, 66.28) 6 96 61 16 86 196(19.42, 28.97) 98 97 95 0(-0.00, -0.00)
route 2, node_num 11, cost 112.705244, nodes: 0(66.28, 66.28) 8 48 47 151(19.04, 66.28) 49 36 46 82 18 0(0.81, 0.81)
route 3, node_num 13, cost 114.404745, nodes: 0(66.28, 66.28) 26 55 162(33.55, 36.70) 25 67 23 160(-0.00, 44.98) 75 22 41 57 0(-0.00, -0.00)
route 4, node_num 13, cost 90.332080, nodes: 0(66.28, 66.28) 28 68 80 54 24 102(20.29, 44.34) 29 3 77 76 12 0(0.00, 0.00)
route 5, node_num 9, cost 76.255325, nodes: 0(66.28, 66.28) 1 70 32 90 10 127(16.88, 45.54) 88 0(18.69, 18.69)
route 6, node_num 6, cost 40.112697, nodes: 0(66.28, 66.28) 89 52 69 27 0(26.17, 26.17)
route 7, node_num 12, cost 83.989763, nodes: 0(66.28, 66.28) 53 40 21 56 39 161(27.48, 45.19) 4 72 74 73 0(-0.00, -0.00)
route 8, node_num 10, cost 73.549265, nodes: 0(66.28, 66.28) 58 179(50.90, 66.28) 2 15 43 42 87 13 0(8.11, 8.11)
route 9, node_num 12, cost 77.951614, nodes: 0(66.28, 66.28) 60 83 45 17 84 5 99 92 177(3.20, 14.87) 94 0(0.00, 0.00)
route 10, node_num 11, cost 116.357320, nodes: 0(66.28, 66.28) 62 129(38.78, 66.28) 7 19 11 64 63 169(2.16, 24.74) 31 0(0.00, 0.00)
route 11, node_num 13, cost 90.175923, nodes: 0(66.28, 66.28) 135(51.41, 66.28) 59 93 85 91 14 38 44 100 37 198(5.84, 14.87) 0(-0.00, -0.00)
route 12, node_num 10, cost 128.365477, nodes: 0(66.28, 66.28) 167(41.22, 63.96) 51 20 65 66 126(7.93, 47.28) 71 30 0(-0.00, -0.00)
vehicle (route) number: 13
Total cost: 14172.87
14186.76, 631.84
15212.99, 635.26
15252.16, 631.93
15220.43, 632.48
14191.29, 635.20
15238.52, 630.80
14199.47, 630.14
14172.87, 630.04
15317.21, 632.02
15241.27, 632.72
