Details of the solution:
route 0, node_num 11, cost 117.328012, nodes: 0(64.06, 64.06) 1 146(38.83, 43.23) 51 35 65 71 105(0.00, 48.87) 34 78 0(0.00, 0.00)
route 1, node_num 12, cost 120.933405, nodes: 0(64.06, 64.06) 10 63 90 32 170(17.90, 47.28) 64 11 19 150(-0.00, 27.50) 62 0(0.00, 0.00)
route 2, node_num 12, cost 97.846727, nodes: 0(64.06, 64.06) 21 56 39 161(25.48, 59.27) 67 23 75 72 40 53 0(-0.00, -0.00)
route 3, node_num 13, cost 97.805165, nodes: 0(64.06, 64.06) 26 54 55 25 204(25.58, 64.06) 4 73 74 22 41 58 0(4.73, 4.73)
route 4, node_num 11, cost 78.294794, nodes: 0(64.06, 64.06) 50 3 79 29 24 102(14.47, 28.71) 68 80 12 0(0.00, 0.00)
route 5, node_num 5, cost 34.364148, nodes: 0(64.06, 64.06) 52 69 27 0(29.70, 29.70)
route 6, node_num 12, cost 111.182408, nodes: 0(64.06, 64.06) 60 83 8 46 172(11.22, 64.06) 49 36 47 48 82 0(5.72, 5.72)
route 7, node_num 13, cost 96.519305, nodes: 0(64.06, 64.06) 70 30 20 66 147(10.64, 43.10) 9 81 33 77 76 28 0(-0.00, -0.00)
route 8, node_num 7, cost 55.599054, nodes: 0(64.06, 64.06) 89 18 7 88 31 0(8.46, 8.46)
route 9, node_num 15, cost 91.717552, nodes: 0(64.06, 64.06) 95 37 100 14 38 44 91 196(1.60, 29.26) 85 98 92 59 94 0(0.00, 0.00)
route 10, node_num 14, cost 95.337967, nodes: 0(64.06, 64.06) 99 93 61 16 86 17 174(5.90, 37.18) 45 84 5 96 6 0(0.00, 0.00)
route 11, node_num 11, cost 76.679338, nodes: 0(64.06, 64.06) 137(49.03, 64.06) 2 57 15 43 42 87 97 13 0(2.41, 2.41)
vehicle (route) number: 12
Total cost: 13073.61
13082.59, 630.90
14114.09, 630.16
14152.13, 632.79
14125.16, 635.95
14126.88, 636.56
13077.93, 635.78
13181.52, 638.75
13114.15, 634.85
14147.72, 631.80
13073.61, 631.01
