Details of the solution:
route 0, node_num 10, cost 92.684296, nodes: 0(65.17, 65.17) 1 70 20 66 125(4.77, 32.28) 50 69 27 0(-0.00, -0.00)
route 1, node_num 11, cost 55.877299, nodes: 0(65.17, 65.17) 6 59 98 100 85 93 99 95 94 0(9.29, 9.29)
route 2, node_num 10, cost 94.564895, nodes: 0(65.17, 65.17) 21 56 23 67 39 161(4.41, 33.81) 4 26 0(-0.00, -0.00)
route 3, node_num 11, cost 114.077342, nodes: 0(65.17, 65.17) 31 62 150(36.49, 62.97) 49 64 11 19 192(4.03, 26.45) 88 0(0.00, 0.00)
route 4, node_num 12, cost 119.941764, nodes: 0(65.17, 65.17) 33 81 147(26.40, 63.88) 65 35 71 168(29.13, 46.42) 9 51 30 0(0.00, 0.00)
route 5, node_num 10, cost 62.042324, nodes: 0(65.17, 65.17) 40 74 22 75 72 73 58 53 0(3.13, 3.13)
route 6, node_num 9, cost 86.854410, nodes: 0(65.17, 65.17) 52 7 63 90 32 10 127(3.05, 24.74) 0(0.00, 0.00)
route 7, node_num 11, cost 95.064219, nodes: 0(65.17, 65.17) 68 3 79 78 34 29 102(4.58, 34.47) 24 12 0(0.00, 0.00)
route 8, node_num 8, cost 64.767698, nodes: 0(65.17, 65.17) 89 60 84 17 83 18 0(0.40, 0.40)
route 9, node_num 13, cost 114.245604, nodes: 0(65.17, 65.17) 96 61 16 196(30.99, 49.40) 91 14 38 86 44 133(-0.00, 30.67) 5 0(0.00, 0.00)
route 10, node_num 8, cost 73.029230, nodes: 0(65.17, 65.17) 137(50.14, 65.17) 2 15 43 42 13 0(7.17, 7.17)
route 11, node_num 11, cost 97.901338, nodes: 0(65.17, 65.17) 173(47.14, 65.17) 8 45 132(49.11, 63.81) 46 36 47 48 82 0(0.00, 0.00)
route 12, node_num 9, cost 77.894889, nodes: 0(65.17, 65.17) 198(50.30, 65.17) 92 37 97 87 57 41 0(2.14, 2.14)
route 13, node_num 10, cost 80.319027, nodes: 0(65.17, 65.17) 204(34.76, 65.17) 25 55 54 80 77 76 28 0(15.26, 15.26)
vehicle (route) number: 14
Total cost: 15229.26
15257.87, 646.32
16295.25, 630.87
16266.47, 493.12
16282.47, 625.97
16254.60, 642.45
16292.67, 631.52
15269.27, 528.02
15229.26, 631.71
16271.32, 630.84
16303.97, 630.76
