Details of the solution:
route 0, node_num 12, cost 116.081867, nodes: 0(67.12, 67.12) 1 188(41.89, 67.12) 20 66 65 71 35 9 51 167(1.33, 25.06) 0(0.00, 0.00)
route 1, node_num 11, cost 111.637264, nodes: 0(67.12, 67.12) 31 70 169(33.90, 51.97) 63 64 11 19 192(-0.00, 26.45) 88 0(0.00, 0.00)
route 2, node_num 12, cost 102.290991, nodes: 0(67.12, 67.12) 40 21 56 23 67 39 140(6.14, 41.31) 25 55 26 0(0.00, 0.00)
route 3, node_num 9, cost 75.423920, nodes: 0(67.12, 67.12) 50 68 29 24 102(18.02, 26.32) 80 12 0(0.00, 0.00)
route 4, node_num 12, cost 84.131316, nodes: 0(67.12, 67.12) 52 7 62 148(31.86, 53.29) 10 90 32 30 69 27 0(4.42, 4.42)
route 5, node_num 8, cost 65.742353, nodes: 0(67.12, 67.12) 54 4 72 73 58 53 0(1.38, 1.38)
route 6, node_num 14, cost 97.509435, nodes: 0(67.12, 67.12) 89 60 84 17 83 18 6 177(1.88, 14.69) 97 87 158(0.00, 17.58) 13 0(0.00, 0.00)
route 7, node_num 13, cost 60.767782, nodes: 0(67.12, 67.12) 92 98 37 100 91 85 93 59 99 95 94 0(6.35, 6.35)
route 8, node_num 11, cost 110.002599, nodes: 0(67.12, 67.12) 96 14 38 44 175(4.77, 47.65) 16 86 61 5 0(0.00, 0.00)
route 9, node_num 12, cost 82.720955, nodes: 0(67.12, 67.12) 146(42.06, 67.12) 33 81 34 78 79 3 77 76 28 0(9.46, 9.46)
route 10, node_num 12, cost 111.673877, nodes: 0(67.12, 67.12) 194(49.09, 67.12) 8 45 46 36 49 172(13.68, 40.21) 47 48 82 0(-0.00, -0.00)
route 11, node_num 13, cost 102.637962, nodes: 0(67.12, 67.12) 200(52.09, 67.12) 2 74 75 22 41 180(38.05, 58.53) 15 43 42 57 0(0.00, 0.00)
vehicle (route) number: 12
Total cost: 13120.62
15169.03, 643.26
16206.21, 630.16
14183.06, 611.36
15203.69, 410.09
14174.84, 634.69
15181.86, 632.71
14158.15, 643.72
14142.41, 631.69
14162.74, 630.27
13120.62, 633.00
