Details of the solution:
route 0, node_num 11, cost 115.174084, nodes: 0(65.80, 65.80) 1 188(40.57, 52.54) 20 66 65 35 71 168(0.00, 37.40) 9 0(0.00, 0.00)
route 1, node_num 13, cost 92.186106, nodes: 0(65.80, 65.80) 3 79 78 34 81 33 51 167(6.85, 33.24) 30 69 27 0(-0.00, -0.00)
route 2, node_num 11, cost 123.920118, nodes: 0(65.80, 65.80) 8 45 132(31.73, 63.41) 46 36 49 64 150(-0.00, 26.45) 88 0(0.00, 0.00)
route 3, node_num 11, cost 68.280904, nodes: 0(65.80, 65.80) 40 21 74 22 41 57 2 158(12.90, 15.38) 58 0(0.00, 0.00)
route 4, node_num 7, cost 55.588120, nodes: 0(65.80, 65.80) 50 68 80 12 26 0(10.21, 10.21)
route 5, node_num 11, cost 89.834361, nodes: 0(65.80, 65.80) 52 7 19 47 48 82 18 173(2.72, 26.75) 83 0(0.00, 0.00)
route 6, node_num 12, cost 101.519605, nodes: 0(65.80, 65.80) 55 25 204(28.57, 65.80) 4 54 24 29 77 76 28 0(1.51, 1.51)
route 7, node_num 12, cost 96.846823, nodes: 0(65.80, 65.80) 70 127(36.16, 36.16) 62 192(29.06, 60.11) 11 63 90 32 10 31 0(0.00, 0.00)
route 8, node_num 11, cost 100.752691, nodes: 0(65.80, 65.80) 75 56 23 67 39 161(2.48, 37.43) 72 73 53 0(-0.00, -0.00)
route 9, node_num 13, cost 109.550489, nodes: 0(65.80, 65.80) 85 91 196(38.20, 65.80) 16 44 14 38 86 175(15.64, 31.80) 61 5 0(0.00, 0.00)
route 10, node_num 9, cost 65.576064, nodes: 0(65.80, 65.80) 89 60 84 17 93 99 6 0(0.22, 0.22)
route 11, node_num 11, cost 52.217448, nodes: 0(65.80, 65.80) 96 59 98 100 37 92 97 95 94 0(13.58, 13.58)
route 12, node_num 8, cost 72.564518, nodes: 0(65.80, 65.80) 179(50.77, 65.80) 15 43 42 87 13 0(8.27, 8.27)
vehicle (route) number: 13
Total cost: 14144.01
14151.75, 636.13
14159.62, 634.83
14148.86, 635.12
14144.01, 631.05
15204.88, 632.31
15193.04, 634.61
15198.84, 457.17
15180.23, 630.31
14175.35, 631.65
14168.48, 631.25
