Details of the solution:
route 0, node_num 10, cost 99.039543, nodes: 0(79.69, 79.69) 53 14 47 15 16 17 60 131(4.06, 23.41) 0(0.00, 0.00)
route 1, node_num 14, cost 109.786502, nodes: 0(79.69, 79.69) 55 171(44.36, 74.45) 45 4 2 6 7 8 46 5 3 1 0(0.00, 0.00)
route 2, node_num 8, cost 104.576808, nodes: 0(79.69, 79.69) 57 87 59 97 133(8.13, 33.02) 185(0.00, 0.00) 0(0.00, 0.00)
route 3, node_num 9, cost 84.216269, nodes: 0(79.69, 79.69) 64 22 24 49 20 83 200(14.50, 19.03) 0(0.00, 0.00)
route 4, node_num 10, cost 103.905274, nodes: 0(79.69, 79.69) 65 99 13 11 10 12 9 112(8.80, 33.02) 0(0.00, 0.00)
route 5, node_num 12, cost 134.519216, nodes: 0(79.69, 79.69) 66 179(60.33, 78.95) 19 18 77 25 23 21 48 159(3.61, 39.81) 0(0.00, 0.00)
route 6, node_num 8, cost 72.452758, nodes: 0(79.69, 79.69) 68 61 41 72 54 81 0(7.24, 7.24)
route 7, node_num 8, cost 87.894464, nodes: 0(79.69, 79.69) 69 152(56.15, 79.69) 79 73 78 98 0(15.33, 15.33)
route 8, node_num 12, cost 131.206368, nodes: 0(79.69, 79.69) 80 62 204(40.95, 54.00) 33 32 27 26 28 30 183(0.00, 38.47) 0(0.00, 0.00)
route 9, node_num 7, cost 55.908520, nodes: 0(79.69, 79.69) 91 56 92 94 96 0(23.78, 23.78)
route 10, node_num 10, cost 112.609025, nodes: 0(79.69, 79.69) 93 71 102(45.05, 77.97) 29 31 34 50 67 0(0.00, 0.00)
route 11, node_num 10, cost 113.065319, nodes: 0(79.69, 79.69) 95 84 85 63 76 89 118(5.17, 38.54) 51 0(0.00, 0.00)
route 12, node_num 7, cost 69.573898, nodes: 0(79.69, 79.69) 100 70 88 82 90 0(10.12, 10.12)
route 13, node_num 12, cost 101.719237, nodes: 0(79.69, 79.69) 146(47.04, 79.57) 42 44 39 38 37 36 35 40 43 0(10.50, 10.50)
route 14, node_num 9, cost 117.708809, nodes: 0(79.69, 79.69) 198(60.59, 79.69) 52 75 58 74 86 156(0.19, 19.10) 0(0.00, 0.00)
vehicle (route) number: 15
Total cost: 16498.18
17576.84, 348.83
17584.55, 578.02
16498.18, 630.40
17537.65, 630.52
16557.17, 196.43
16500.26, 630.85
17557.90, 630.12
17562.82, 631.45
16514.07, 630.62
16522.50, 631.24
