Details of the solution:
route 0, node_num 10, cost 91.217361, nodes: 0(79.69, 79.69) 43 44 42 146(35.61, 79.69) 41 72 54 96 0(32.55, 32.55)
route 1, node_num 12, cost 124.121085, nodes: 0(79.69, 79.69) 60 79 78 73 153(17.22, 61.65) 12 14 47 17 53 0(-0.00, -0.00)
route 2, node_num 11, cost 116.680546, nodes: 0(79.69, 79.69) 65 57 136(40.53, 77.52) 77 25 23 21 48 18 0(0.00, 0.00)
route 3, node_num 8, cost 111.653238, nodes: 0(79.69, 79.69) 66 64 85 63 89 139(6.12, 38.08) 0(0.00, 0.00)
route 4, node_num 3, cost 20.000000, nodes: 0(79.69, 79.69) 68 0(59.69, 59.69)
route 5, node_num 8, cost 53.999268, nodes: 0(79.69, 79.69) 69 55 88 98 82 90 0(25.69, 25.69)
route 6, node_num 11, cost 105.365962, nodes: 0(79.69, 79.69) 51 76 180(24.67, 53.29) 19 49 20 22 24 83 0(2.94, 2.94)
route 7, node_num 11, cost 100.148796, nodes: 0(79.69, 79.69) 81 37 35 36 38 39 40 188(12.56, 33.02) 61 0(0.00, 0.00)
route 8, node_num 7, cost 59.896356, nodes: 0(79.69, 79.69) 91 84 56 92 80 0(19.79, 19.79)
route 9, node_num 11, cost 131.463308, nodes: 0(79.69, 79.69) 93 71 102(45.05, 61.84) 31 28 26 27 29 141(3.49, 38.47) 0(0.00, 0.00)
route 10, node_num 12, cost 114.167876, nodes: 0(79.69, 79.69) 95 62 50 162(39.25, 79.69) 33 32 30 34 67 94 0(5.96, 5.96)
route 11, node_num 15, cost 105.104435, nodes: 0(79.69, 79.69) 100 2 192(43.31, 79.69) 4 6 7 8 46 45 5 3 1 70 0(10.96, 10.96)
route 12, node_num 11, cost 123.438459, nodes: 0(79.69, 79.69) 112(46.67, 79.69) 87 59 97 75 58 74 86 135(8.37, 19.10) 0(0.00, 0.00)
route 13, node_num 12, cost 103.344508, nodes: 0(79.69, 79.69) 156(60.59, 79.69) 99 52 154(60.55, 79.69) 10 11 15 16 13 9 0(14.59, 14.59)
vehicle (route) number: 14
Total cost: 15360.60
16453.45, 630.06
16443.56, 630.52
15399.86, 632.64
15456.00, 632.50
15470.42, 605.72
15431.90, 630.70
15452.52, 630.66
16408.87, 630.57
16517.17, 514.08
15360.60, 630.40
