Details of the solution:
route 0, node_num 10, cost 107.021270, nodes: 0(79.69, 79.69) 14 11 10 12 47 17 131(0.91, 28.25) 53 0(0.00, 0.00)
route 1, node_num 12, cost 129.036098, nodes: 0(79.69, 79.69) 62 162(41.05, 79.69) 32 33 26 28 30 120(28.83, 39.53) 50 67 0(0.00, 0.00)
route 2, node_num 6, cost 65.185494, nodes: 0(79.69, 79.69) 64 84 56 92 0(14.50, 14.50)
route 3, node_num 7, cost 53.496723, nodes: 0(79.69, 79.69) 65 52 99 82 90 0(26.19, 26.19)
route 4, node_num 10, cost 83.777783, nodes: 0(79.69, 79.69) 66 179(60.33, 71.54) 24 22 19 49 20 83 0(0.00, 0.00)
route 5, node_num 13, cost 110.864869, nodes: 0(79.69, 79.69) 69 98 194(55.47, 79.69) 60 78 73 174(56.69, 77.33) 15 16 13 9 0(13.69, 13.69)
route 6, node_num 4, cost 53.091776, nodes: 0(79.69, 79.69) 70 88 0(26.60, 26.60)
route 7, node_num 5, cost 43.125550, nodes: 0(79.69, 79.69) 80 91 68 0(36.56, 36.56)
route 8, node_num 10, cost 96.726099, nodes: 0(79.69, 79.69) 93 71 72 41 167(27.22, 50.43) 54 96 81 0(6.17, 6.17)
route 9, node_num 9, cost 118.602832, nodes: 0(79.69, 79.69) 95 141(40.39, 79.31) 31 29 27 34 94 0(0.00, 0.00)
route 10, node_num 11, cost 99.984150, nodes: 0(79.69, 79.69) 100 4 45 8 5 3 1 127(15.37, 35.66) 61 0(0.00, 0.00)
route 11, node_num 9, cost 95.976913, nodes: 0(79.69, 79.69) 110(56.28, 79.69) 79 7 6 46 2 55 0(7.12, 7.12)
route 12, node_num 13, cost 119.832644, nodes: 0(79.69, 79.69) 125(47.04, 65.22) 42 44 36 37 38 39 43 40 35 188(10.69, 32.65) 0(0.00, 0.00)
route 13, node_num 9, cost 126.281161, nodes: 0(79.69, 79.69) 139(41.61, 75.33) 76 85 63 89 118(25.67, 38.54) 51 0(0.00, 0.00)
route 14, node_num 12, cost 135.842208, nodes: 0(79.69, 79.69) 158(60.66, 79.69) 57 58 77 23 25 21 48 18 180(2.69, 39.81) 0(0.00, 0.00)
route 15, node_num 10, cost 122.290982, nodes: 0(79.69, 79.69) 196(46.67, 79.69) 87 59 97 75 74 86 114(9.52, 19.10) 0(0.00, 0.00)
vehicle (route) number: 16
Total cost: 17561.14
18623.96, 631.12
18662.01, 251.52
17612.56, 630.13
17613.72, 560.60
17561.14, 630.72
17585.78, 589.78
18617.76, 327.42
18598.58, 631.28
17588.68, 630.43
17608.51, 590.74
