Details of the solution:
route 0, node_num 10, cost 112.381779, nodes: 0(79.69, 79.69) 14 13 15 47 17 16 9 196(0.32, 33.02) 0(0.00, 0.00)
route 1, node_num 9, cost 93.633990, nodes: 0(79.69, 79.69) 38 37 36 35 40 188(19.07, 33.02) 61 0(0.00, 0.00)
route 2, node_num 12, cost 112.925272, nodes: 0(79.69, 79.69) 55 79 7 6 8 46 5 3 1 108(1.25, 34.48) 0(0.00, 0.00)
route 3, node_num 10, cost 116.445936, nodes: 0(79.69, 79.69) 57 136(40.60, 79.16) 77 25 24 22 20 56 0(1.81, 1.81)
route 4, node_num 7, cost 77.325554, nodes: 0(79.69, 79.69) 65 52 74 86 83 0(2.36, 2.36)
route 5, node_num 12, cost 107.142656, nodes: 0(79.69, 79.69) 66 116(60.33, 79.69) 64 49 19 23 18 48 21 200(10.94, 19.03) 0(0.00, 0.00)
route 6, node_num 11, cost 99.768074, nodes: 0(79.69, 79.69) 69 53 10 11 12 78 73 60 152(3.33, 23.41) 0(0.00, 0.00)
route 7, node_num 6, cost 68.955053, nodes: 0(79.69, 79.69) 70 68 91 92 0(10.73, 10.73)
route 8, node_num 12, cost 113.749406, nodes: 0(79.69, 79.69) 80 95 62 33 32 30 120(6.51, 40.57) 50 67 94 0(0.00, 0.00)
route 9, node_num 9, cost 111.406046, nodes: 0(79.69, 79.69) 84 85 63 76 89 118(6.82, 38.54) 51 0(0.00, 0.00)
route 10, node_num 12, cost 131.586242, nodes: 0(79.69, 79.69) 93 71 102(45.05, 77.63) 31 28 26 27 29 34 183(19.16, 38.47) 0(0.00, 0.00)
route 11, node_num 11, cost 93.000591, nodes: 0(79.69, 79.69) 100 192(45.19, 67.04) 45 4 2 88 98 82 90 0(8.54, 8.54)
route 12, node_num 12, cost 96.972906, nodes: 0(79.69, 79.69) 146(47.04, 79.69) 42 44 43 39 41 72 54 96 81 0(15.37, 15.37)
route 13, node_num 11, cost 127.607224, nodes: 0(79.69, 79.69) 177(60.59, 79.69) 99 87 59 58 75 97 133(4.20, 33.02) 185(0.00, 0.00) 0(0.00, 0.00)
vehicle (route) number: 14
Total cost: 15462.90
15527.25, 630.36
16486.53, 417.86
16467.73, 630.16
16447.04, 631.90
15463.31, 617.94
16461.85, 410.48
16481.57, 620.24
16515.07, 135.62
16463.92, 630.48
15462.90, 631.75
