Details of the solution:
route 0, node_num 6, cost 1504.090000, nodes: 0(120000.00, 120000.00) 6 132 466 107 0(12565.00, 12565.00)
route 1, node_num 6, cost 1513.680000, nodes: 0(120000.00, 120000.00) 8 28 104 1057(14237.00, 14237.00) 0(11880.00, 11880.00)
route 2, node_num 5, cost 1505.658000, nodes: 0(120000.00, 120000.00) 16 492 835 0(12453.00, 12453.00)
route 3, node_num 5, cost 772.842000, nodes: 0(120000.00, 120000.00) 21 142 568 0(64797.00, 64797.00)
route 4, node_num 7, cost 1773.324000, nodes: 0(120000.00, 120000.00) 26 684 125 941 1111(40878.00, 47544.00) 0(0.00, 0.00)
route 5, node_num 4, cost 981.638000, nodes: 0(120000.00, 120000.00) 31 976 0(49883.00, 49883.00)
route 6, node_num 7, cost 896.588000, nodes: 0(120000.00, 120000.00) 38 391 410 581 993 0(55958.00, 55958.00)
route 7, node_num 8, cost 1695.232000, nodes: 0(120000.00, 120000.00) 40 352 319 748 668 1064(18246.00, 19334.00) 0(0.00, 0.00)
route 8, node_num 7, cost 1716.316000, nodes: 0(120000.00, 120000.00) 461 41 92 118 1104(41803.00, 44397.00) 0(0.00, 0.00)
route 9, node_num 5, cost 1216.712000, nodes: 0(120000.00, 120000.00) 52 4 397 0(33092.00, 33092.00)
route 10, node_num 6, cost 1309.504000, nodes: 0(120000.00, 120000.00) 55 522 206 707 0(26464.00, 26464.00)
route 11, node_num 8, cost 434.658000, nodes: 0(120000.00, 120000.00) 57 398 829 327 277 501 0(88953.00, 88953.00)
route 12, node_num 7, cost 1233.806000, nodes: 0(120000.00, 120000.00) 64 280 156 72 844 0(31871.00, 31871.00)
route 13, node_num 7, cost 1648.458000, nodes: 0(120000.00, 120000.00) 1159(67889.00, 67889.00) 67 832 463 531 0(2253.00, 2253.00)
route 14, node_num 6, cost 1070.692000, nodes: 0(120000.00, 120000.00) 819 161 237 949 0(43522.00, 43522.00)
route 15, node_num 7, cost 1374.198000, nodes: 0(120000.00, 120000.00) 135 793 120 179 380 0(21843.00, 21843.00)
route 16, node_num 5, cost 1622.068000, nodes: 0(120000.00, 120000.00) 84 99 369 0(4138.00, 4138.00)
route 17, node_num 5, cost 1304.198000, nodes: 0(120000.00, 120000.00) 86 168 188 0(26843.00, 26843.00)
route 18, node_num 6, cost 1572.564000, nodes: 0(120000.00, 120000.00) 89 264 483 521 0(7674.00, 7674.00)
route 19, node_num 5, cost 1631.784000, nodes: 0(120000.00, 120000.00) 90 418 145 0(3444.00, 3444.00)
route 20, node_num 8, cost 1607.144000, nodes: 0(120000.00, 120000.00) 539 158 969 998 428 1003(14319.00, 14319.00) 0(5204.00, 5204.00)
route 21, node_num 8, cost 1871.982000, nodes: 0(120000.00, 120000.00) 101 990 601 291 378 1115(17828.00, 31541.00) 0(0.00, 0.00)
route 22, node_num 6, cost 1768.270000, nodes: 0(120000.00, 120000.00) 1124(78004.00, 120000.00) 926 915 794 0(35691.00, 35691.00)
route 23, node_num 5, cost 766.584000, nodes: 0(120000.00, 120000.00) 119 936 187 0(65244.00, 65244.00)
route 24, node_num 4, cost 181.496000, nodes: 0(120000.00, 120000.00) 566 189 0(107036.00, 107036.00)
route 25, node_num 6, cost 1646.862000, nodes: 0(120000.00, 120000.00) 126 33 162 79 0(2367.00, 2367.00)
route 26, node_num 5, cost 785.134000, nodes: 0(120000.00, 120000.00) 131 496 958 0(63919.00, 63919.00)
route 27, node_num 7, cost 1293.012000, nodes: 0(120000.00, 120000.00) 133 914 816 549 370 0(27642.00, 27642.00)
route 28, node_num 3, cost 94.528000, nodes: 0(120000.00, 120000.00) 603 0(113248.00, 113248.00)
route 29, node_num 7, cost 1542.618000, nodes: 0(120000.00, 120000.00) 141 753 712 50 1061(14299.00, 14299.00) 0(9813.00, 9813.00)
route 30, node_num 7, cost 1721.762000, nodes: 0(120000.00, 120000.00) 1145(99812.00, 120000.00) 85 69 766 248 0(17205.00, 17205.00)
route 31, node_num 6, cost 1074.934000, nodes: 0(120000.00, 120000.00) 146 422 22 416 0(43219.00, 43219.00)
route 32, node_num 7, cost 1344.868000, nodes: 0(120000.00, 120000.00) 150 560 834 764 30 0(23938.00, 23938.00)
route 33, node_num 6, cost 862.848000, nodes: 0(120000.00, 120000.00) 154 93 858 312 0(58368.00, 58368.00)
route 34, node_num 7, cost 1000.384000, nodes: 0(120000.00, 120000.00) 880 940 421 617 122 0(48544.00, 48544.00)
route 35, node_num 6, cost 1629.040000, nodes: 0(120000.00, 120000.00) 160 859 58 600 0(3640.00, 3640.00)
route 36, node_num 6, cost 1304.030000, nodes: 0(120000.00, 120000.00) 166 446 654 804 0(26855.00, 26855.00)
route 37, node_num 7, cost 1118.432000, nodes: 0(120000.00, 120000.00) 472 495 153 961 674 0(40112.00, 40112.00)
route 38, node_num 6, cost 1317.470000, nodes: 0(120000.00, 120000.00) 567 172 718 688 0(25895.00, 25895.00)
route 39, node_num 7, cost 1114.862000, nodes: 0(120000.00, 120000.00) 174 703 781 590 916 0(40367.00, 40367.00)
route 40, node_num 6, cost 1402.114000, nodes: 0(120000.00, 120000.00) 183 232 407 371 0(19849.00, 19849.00)
route 41, node_num 6, cost 1620.668000, nodes: 0(120000.00, 120000.00) 186 743 279 1195(18468.00, 18468.00) 0(4238.00, 4238.00)
route 42, node_num 7, cost 1365.714000, nodes: 0(120000.00, 120000.00) 196 664 611 630 714 0(22449.00, 22449.00)
route 43, node_num 7, cost 1691.368000, nodes: 0(120000.00, 120000.00) 1045(99812.00, 100624.00) 198 143 13 695 0(0.00, 0.00)
route 44, node_num 8, cost 1798.818000, nodes: 0(120000.00, 120000.00) 204 259 283 159 1097(33084.00, 41571.00) 256 0(0.00, 0.00)
route 45, node_num 6, cost 1166.214000, nodes: 0(120000.00, 120000.00) 210 528 112 770 0(36699.00, 36699.00)
route 46, node_num 7, cost 1084.804000, nodes: 0(120000.00, 120000.00) 213 17 405 130 865 0(42514.00, 42514.00)
route 47, node_num 7, cost 903.910000, nodes: 0(120000.00, 120000.00) 217 898 63 375 271 0(55435.00, 55435.00)
route 48, node_num 7, cost 1425.718000, nodes: 0(120000.00, 120000.00) 220 554 785 649 866 0(18163.00, 18163.00)
route 49, node_num 6, cost 1366.666000, nodes: 0(120000.00, 120000.00) 222 799 60 390 0(22381.00, 22381.00)
route 50, node_num 6, cost 974.232000, nodes: 0(120000.00, 120000.00) 228 387 471 559 0(50412.00, 50412.00)
route 51, node_num 6, cost 1322.454000, nodes: 0(120000.00, 120000.00) 231 252 273 170 0(25539.00, 25539.00)
route 52, node_num 6, cost 1242.822000, nodes: 0(120000.00, 120000.00) 518 547 11 164 0(31227.00, 31227.00)
route 53, node_num 6, cost 1613.500000, nodes: 0(120000.00, 120000.00) 235 242 1000 36 0(4750.00, 4750.00)
route 54, node_num 5, cost 1122.352000, nodes: 0(120000.00, 120000.00) 239 901 599 0(39832.00, 39832.00)
route 55, node_num 7, cost 1655.710000, nodes: 0(120000.00, 120000.00) 246 364 1160(75488.00, 75488.00) 872 575 0(1735.00, 1735.00)
route 56, node_num 7, cost 1177.652000, nodes: 0(120000.00, 120000.00) 255 807 823 366 275 0(35882.00, 35882.00)
route 57, node_num 4, cost 1235.738000, nodes: 0(120000.00, 120000.00) 258 666 0(31733.00, 31733.00)
route 58, node_num 5, cost 254.268000, nodes: 0(120000.00, 120000.00) 261 290 532 0(101838.00, 101838.00)
route 59, node_num 5, cost 1116.318000, nodes: 0(120000.00, 120000.00) 267 508 117 0(40263.00, 40263.00)
route 60, node_num 6, cost 1539.356000, nodes: 0(120000.00, 120000.00) 80 318 260 667 0(10046.00, 10046.00)
route 61, node_num 6, cost 1460.522000, nodes: 0(120000.00, 120000.00) 284 444 857 947 0(15677.00, 15677.00)
route 62, node_num 6, cost 1362.578000, nodes: 0(120000.00, 120000.00) 288 108 773 752 0(22673.00, 22673.00)
route 63, node_num 8, cost 1622.152000, nodes: 0(120000.00, 120000.00) 289 293 358 750 51 1157(6489.00, 6489.00) 0(4132.00, 4132.00)
route 64, node_num 7, cost 1876.154000, nodes: 0(120000.00, 120000.00) 294 287 975 589 1181(23238.00, 37249.00) 0(0.00, 0.00)
route 65, node_num 7, cost 1018.710000, nodes: 0(120000.00, 120000.00) 296 775 906 65 733 0(47235.00, 47235.00)
route 66, node_num 6, cost 1572.074000, nodes: 0(120000.00, 120000.00) 885 821 323 693 0(7709.00, 7709.00)
route 67, node_num 7, cost 1377.460000, nodes: 0(120000.00, 120000.00) 298 627 76 530 265 0(21610.00, 21610.00)
route 68, node_num 5, cost 1499.246000, nodes: 0(120000.00, 120000.00) 303 883 262 0(12911.00, 12911.00)
route 69, node_num 6, cost 1291.556000, nodes: 0(120000.00, 120000.00) 308 1 818 106 0(27746.00, 27746.00)
route 70, node_num 4, cost 283.402000, nodes: 0(120000.00, 120000.00) 311 201 0(99757.00, 99757.00)
route 71, node_num 7, cost 1402.912000, nodes: 0(120000.00, 120000.00) 321 383 639 363 207 0(19792.00, 19792.00)
route 72, node_num 7, cost 1481.088000, nodes: 0(120000.00, 120000.00) 322 78 570 723 1139(63781.00, 63781.00) 0(14208.00, 14208.00)
route 73, node_num 4, cost 256.480000, nodes: 0(120000.00, 120000.00) 7 109 0(101680.00, 101680.00)
route 74, node_num 6, cost 767.858000, nodes: 0(120000.00, 120000.00) 328 658 234 994 0(65153.00, 65153.00)
route 75, node_num 4, cost 393.008000, nodes: 0(120000.00, 120000.00) 247 300 0(91928.00, 91928.00)
route 76, node_num 5, cost 1126.132000, nodes: 0(120000.00, 120000.00) 335 447 184 0(39562.00, 39562.00)
route 77, node_num 8, cost 1792.616000, nodes: 0(120000.00, 120000.00) 339 981 908 984 95 1118(923.00, 8967.00) 0(0.00, 0.00)
route 78, node_num 4, cost 1013.208000, nodes: 0(120000.00, 120000.00) 340 351 0(47628.00, 47628.00)
route 79, node_num 6, cost 584.150000, nodes: 0(120000.00, 120000.00) 341 403 384 602 0(78275.00, 78275.00)
route 80, node_num 4, cost 98.364000, nodes: 0(120000.00, 120000.00) 347 455 0(112974.00, 112974.00)
route 81, node_num 6, cost 450.856000, nodes: 0(120000.00, 120000.00) 357 23 938 212 0(87796.00, 87796.00)
route 82, node_num 6, cost 1418.256000, nodes: 0(120000.00, 120000.00) 362 193 717 157 0(18696.00, 18696.00)
route 83, node_num 4, cost 1213.002000, nodes: 0(120000.00, 120000.00) 480 888 0(33357.00, 33357.00)
route 84, node_num 6, cost 930.370000, nodes: 0(120000.00, 120000.00) 382 879 353 499 0(53545.00, 53545.00)
route 85, node_num 5, cost 1233.890000, nodes: 0(120000.00, 120000.00) 386 965 129 0(31865.00, 31865.00)
route 86, node_num 7, cost 1477.210000, nodes: 0(120000.00, 120000.00) 604 484 609 66 1023(18999.00, 18999.00) 0(14485.00, 14485.00)
route 87, node_num 6, cost 1705.914000, nodes: 0(120000.00, 120000.00) 1130(107152.00, 120000.00) 348 989 429 0(10997.00, 10997.00)
route 88, node_num 6, cost 1164.394000, nodes: 0(120000.00, 120000.00) 692 394 729 414 0(36829.00, 36829.00)
route 89, node_num 5, cost 1638.644000, nodes: 0(120000.00, 120000.00) 395 768 902 0(2954.00, 2954.00)
route 90, node_num 5, cost 1447.236000, nodes: 0(120000.00, 120000.00) 400 537 500 0(16626.00, 16626.00)
route 91, node_num 7, cost 1729.028000, nodes: 0(120000.00, 120000.00) 402 329 474 656 1015(28039.00, 31541.00) 0(0.00, 0.00)
route 92, node_num 7, cost 1685.264000, nodes: 0(120000.00, 120000.00) 409 200 742 730 1047(48822.00, 49198.00) 0(0.00, 0.00)
route 93, node_num 7, cost 1454.488000, nodes: 0(120000.00, 120000.00) 411 137 169 359 42 0(16108.00, 16108.00)
route 94, node_num 5, cost 934.878000, nodes: 0(120000.00, 120000.00) 415 190 578 0(53223.00, 53223.00)
route 95, node_num 4, cost 1432.900000, nodes: 0(120000.00, 120000.00) 424 574 0(17650.00, 17650.00)
route 96, node_num 5, cost 1474.270000, nodes: 0(120000.00, 120000.00) 427 177 274 0(14695.00, 14695.00)
route 97, node_num 6, cost 1652.098000, nodes: 0(120000.00, 120000.00) 431 45 75 113 0(1993.00, 1993.00)
route 98, node_num 5, cost 1367.492000, nodes: 0(120000.00, 120000.00) 432 606 225 0(22322.00, 22322.00)
route 99, node_num 7, cost 1562.106000, nodes: 0(120000.00, 120000.00) 1098(102863.00, 102863.00) 438 893 845 392 0(8421.00, 8421.00)
route 100, node_num 5, cost 514.318000, nodes: 0(120000.00, 120000.00) 441 324 342 0(83263.00, 83263.00)
route 101, node_num 6, cost 1432.060000, nodes: 0(120000.00, 120000.00) 442 648 800 59 0(17710.00, 17710.00)
route 102, node_num 5, cost 1098.272000, nodes: 0(120000.00, 120000.00) 762 443 650 0(41552.00, 41552.00)
route 103, node_num 6, cost 1677.564000, nodes: 0(120000.00, 120000.00) 449 746 325 1084(40284.00, 40284.00) 0(174.00, 174.00)
route 104, node_num 7, cost 650.692000, nodes: 0(120000.00, 120000.00) 450 249 124 705 702 0(73522.00, 73522.00)
route 105, node_num 5, cost 570.514000, nodes: 0(120000.00, 120000.00) 453 9 98 0(79249.00, 79249.00)
route 106, node_num 6, cost 1627.598000, nodes: 0(120000.00, 120000.00) 454 978 74 269 0(3743.00, 3743.00)
route 107, node_num 7, cost 1518.734000, nodes: 0(120000.00, 120000.00) 173 305 251 20 1198(29362.00, 29362.00) 0(11519.00, 11519.00)
route 108, node_num 7, cost 1491.728000, nodes: 0(120000.00, 120000.00) 465 199 49 937 226 0(13448.00, 13448.00)
route 109, node_num 5, cost 680.092000, nodes: 0(120000.00, 120000.00) 266 419 939 0(71422.00, 71422.00)
route 110, node_num 4, cost 394.394000, nodes: 0(120000.00, 120000.00) 582 469 0(91829.00, 91829.00)
route 111, node_num 7, cost 1670.984000, nodes: 0(120000.00, 120000.00) 478 481 412 219 1103(9759.00, 9759.00) 0(644.00, 644.00)
route 112, node_num 6, cost 1492.078000, nodes: 0(120000.00, 120000.00) 594 420 155 1156(36801.00, 36801.00) 0(13423.00, 13423.00)
route 113, node_num 8, cost 1596.896000, nodes: 0(120000.00, 120000.00) 482 797 167 584 224 307 0(5936.00, 5936.00)
route 114, node_num 7, cost 1707.678000, nodes: 0(120000.00, 120000.00) 485 680 572 436 1094(32000.00, 33977.00) 0(0.00, 0.00)
route 115, node_num 7, cost 1006.138000, nodes: 0(120000.00, 120000.00) 497 646 642 956 205 0(48133.00, 48133.00)
route 116, node_num 7, cost 714.924000, nodes: 0(120000.00, 120000.00) 502 966 336 964 14 0(68934.00, 68934.00)
route 117, node_num 5, cost 1576.246000, nodes: 0(120000.00, 120000.00) 511 408 134 0(7411.00, 7411.00)
route 118, node_num 4, cost 1393.588000, nodes: 0(120000.00, 120000.00) 513 519 0(20458.00, 20458.00)
route 119, node_num 8, cost 1627.920000, nodes: 0(120000.00, 120000.00) 515 951 43 529 679 1103(12835.00, 12835.00) 0(3720.00, 3720.00)
route 120, node_num 5, cost 937.622000, nodes: 0(120000.00, 120000.00) 524 102 27 0(53027.00, 53027.00)
route 121, node_num 6, cost 1564.234000, nodes: 0(120000.00, 120000.00) 533 620 629 114 0(8269.00, 8269.00)
route 122, node_num 6, cost 1126.580000, nodes: 0(120000.00, 120000.00) 535 552 110 434 0(39530.00, 39530.00)
route 123, node_num 5, cost 974.960000, nodes: 0(120000.00, 120000.00) 536 933 105 0(50360.00, 50360.00)
route 124, node_num 9, cost 1793.974000, nodes: 0(120000.00, 120000.00) 541 218 942 504 827 562 1095(6089.00, 14230.00) 0(0.00, 0.00)
route 125, node_num 7, cost 822.388000, nodes: 0(120000.00, 120000.00) 543 56 789 12 111 0(61258.00, 61258.00)
route 126, node_num 6, cost 990.794000, nodes: 0(120000.00, 120000.00) 544 505 833 203 0(49229.00, 49229.00)
route 127, node_num 6, cost 1302.854000, nodes: 0(120000.00, 120000.00) 725 954 34 191 0(26939.00, 26939.00)
route 128, node_num 5, cost 1678.908000, nodes: 0(120000.00, 120000.00) 546 996 115 0(78.00, 78.00)
route 129, node_num 7, cost 1201.648000, nodes: 0(120000.00, 120000.00) 551 759 127 628 721 0(34168.00, 34168.00)
route 130, node_num 6, cost 1308.972000, nodes: 0(120000.00, 120000.00) 282 406 887 550 0(26502.00, 26502.00)
route 131, node_num 8, cost 1910.412000, nodes: 0(120000.00, 120000.00) 1129(70836.00, 114836.00) 470 163 868 698 1039(77115.00, 77115.00) 0(27542.00, 27542.00)
route 132, node_num 5, cost 646.716000, nodes: 0(120000.00, 120000.00) 326 557 459 0(73806.00, 73806.00)
route 133, node_num 7, cost 1223.740000, nodes: 0(120000.00, 120000.00) 558 820 81 516 47 0(32590.00, 32590.00)
route 134, node_num 8, cost 1621.018000, nodes: 0(120000.00, 120000.00) 564 452 181 365 148 1067(25626.00, 25626.00) 0(4213.00, 4213.00)
route 135, node_num 5, cost 1069.838000, nodes: 0(120000.00, 120000.00) 565 732 836 0(43583.00, 43583.00)
route 136, node_num 8, cost 1678.404000, nodes: 0(120000.00, 120000.00) 569 103 777 152 180 787 0(114.00, 114.00)
route 137, node_num 7, cost 1422.036000, nodes: 0(120000.00, 120000.00) 571 250 332 616 624 0(18426.00, 18426.00)
route 138, node_num 4, cost 797.300000, nodes: 0(120000.00, 120000.00) 195 490 0(63050.00, 63050.00)
route 139, node_num 5, cost 204.806000, nodes: 0(120000.00, 120000.00) 583 808 462 0(105371.00, 105371.00)
route 140, node_num 8, cost 1673.294000, nodes: 0(120000.00, 120000.00) 585 507 950 747 622 1184(40589.00, 40589.00) 0(479.00, 479.00)
route 141, node_num 5, cost 1433.040000, nodes: 0(120000.00, 120000.00) 587 997 687 0(17640.00, 17640.00)
route 142, node_num 6, cost 1414.308000, nodes: 0(120000.00, 120000.00) 588 555 699 487 0(18978.00, 18978.00)
route 143, node_num 5, cost 1432.354000, nodes: 0(120000.00, 120000.00) 285 953 185 0(17689.00, 17689.00)
route 144, node_num 7, cost 1670.494000, nodes: 0(120000.00, 120000.00) 593 854 962 905 608 0(679.00, 679.00)
route 145, node_num 7, cost 1128.302000, nodes: 0(120000.00, 120000.00) 367 877 929 486 192 0(39407.00, 39407.00)
route 146, node_num 5, cost 1459.892000, nodes: 0(120000.00, 120000.00) 596 957 257 0(15722.00, 15722.00)
route 147, node_num 6, cost 1594.264000, nodes: 0(120000.00, 120000.00) 598 468 426 197 0(6124.00, 6124.00)
route 148, node_num 6, cost 1020.936000, nodes: 0(120000.00, 120000.00) 388 754 345 320 0(47076.00, 47076.00)
route 149, node_num 7, cost 1340.906000, nodes: 0(120000.00, 120000.00) 612 985 3 641 663 0(24221.00, 24221.00)
route 150, node_num 6, cost 1657.936000, nodes: 0(120000.00, 120000.00) 614 525 32 233 0(1576.00, 1576.00)
route 151, node_num 6, cost 1502.844000, nodes: 0(120000.00, 120000.00) 100 986 315 317 0(12654.00, 12654.00)
route 152, node_num 6, cost 1333.374000, nodes: 0(120000.00, 120000.00) 618 2 875 909 0(24759.00, 24759.00)
route 153, node_num 7, cost 1688.456000, nodes: 0(120000.00, 120000.00) 619 435 856 54 1092(21587.00, 22191.00) 0(0.00, 0.00)
route 154, node_num 7, cost 1005.746000, nodes: 0(120000.00, 120000.00) 621 25 563 809 979 0(48161.00, 48161.00)
route 155, node_num 4, cost 1047.970000, nodes: 0(120000.00, 120000.00) 626 727 0(45145.00, 45145.00)
route 156, node_num 5, cost 1299.942000, nodes: 0(120000.00, 120000.00) 633 761 263 0(27147.00, 27147.00)
route 157, node_num 4, cost 1548.498000, nodes: 0(120000.00, 120000.00) 635 704 0(9393.00, 9393.00)
route 158, node_num 3, cost 185.206000, nodes: 0(120000.00, 120000.00) 498 0(106771.00, 106771.00)
route 159, node_num 5, cost 1536.766000, nodes: 0(120000.00, 120000.00) 682 848 828 0(10231.00, 10231.00)
route 160, node_num 6, cost 1410.416000, nodes: 0(120000.00, 120000.00) 653 803 506 1140(52402.00, 52402.00) 0(19256.00, 19256.00)
route 161, node_num 5, cost 1187.900000, nodes: 0(120000.00, 120000.00) 662 304 448 0(35150.00, 35150.00)
route 162, node_num 4, cost 1218.238000, nodes: 0(120000.00, 120000.00) 401 243 0(32983.00, 32983.00)
route 163, node_num 8, cost 447.020000, nodes: 0(120000.00, 120000.00) 671 838 467 458 634 381 0(88070.00, 88070.00)
route 164, node_num 7, cost 1921.164000, nodes: 0(120000.00, 120000.00) 987 330 805 209 1147(31972.00, 49198.00) 0(0.00, 0.00)
route 165, node_num 6, cost 1100.344000, nodes: 0(120000.00, 120000.00) 673 423 763 77 0(41404.00, 41404.00)
route 166, node_num 3, cost 470.064000, nodes: 0(120000.00, 120000.00) 675 0(86424.00, 86424.00)
route 167, node_num 8, cost 1725.738000, nodes: 0(120000.00, 120000.00) 681 91 5 236 425 1165(45427.00, 48694.00) 0(0.00, 0.00)
route 168, node_num 6, cost 1334.928000, nodes: 0(120000.00, 120000.00) 955 651 592 921 0(24648.00, 24648.00)
route 169, node_num 7, cost 1173.606000, nodes: 0(120000.00, 120000.00) 333 685 538 934 647 0(36171.00, 36171.00)
route 170, node_num 5, cost 1061.074000, nodes: 0(120000.00, 120000.00) 689 344 520 0(44209.00, 44209.00)
route 171, node_num 5, cost 1637.958000, nodes: 0(120000.00, 120000.00) 691 696 903 0(3003.00, 3003.00)
route 172, node_num 3, cost 371.644000, nodes: 0(120000.00, 120000.00) 268 0(93454.00, 93454.00)
route 173, node_num 6, cost 1731.996000, nodes: 0(120000.00, 120000.00) 1045(99812.00, 103526.00) 694 476 771 0(0.00, 0.00)
route 174, node_num 8, cost 1743.658000, nodes: 0(120000.00, 120000.00) 706 700 862 849 911 1003(4568.00, 9115.00) 0(0.00, 0.00)
route 175, node_num 5, cost 983.808000, nodes: 0(120000.00, 120000.00) 708 430 299 0(49728.00, 49728.00)
route 176, node_num 7, cost 1528.366000, nodes: 0(120000.00, 120000.00) 713 678 645 254 404 0(10831.00, 10831.00)
route 177, node_num 5, cost 1459.192000, nodes: 0(120000.00, 120000.00) 715 815 665 0(15772.00, 15772.00)
route 178, node_num 4, cost 277.620000, nodes: 0(120000.00, 120000.00) 716 310 0(100170.00, 100170.00)
route 179, node_num 3, cost 445.354000, nodes: 0(120000.00, 120000.00) 545 0(88189.00, 88189.00)
route 180, node_num 7, cost 512.820000, nodes: 0(120000.00, 120000.00) 728 919 241 343 306 0(83370.00, 83370.00)
route 181, node_num 7, cost 663.894000, nodes: 0(120000.00, 120000.00) 784 967 221 140 216 0(72579.00, 72579.00)
route 182, node_num 5, cost 1605.898000, nodes: 0(120000.00, 120000.00) 735 802 852 0(5293.00, 5293.00)
route 183, node_num 7, cost 1106.294000, nodes: 0(120000.00, 120000.00) 736 946 18 493 643 0(40979.00, 40979.00)
route 184, node_num 7, cost 1232.840000, nodes: 0(120000.00, 120000.00) 739 734 801 509 71 0(31940.00, 31940.00)
route 185, node_num 6, cost 1252.062000, nodes: 0(120000.00, 120000.00) 935 737 489 376 0(30567.00, 30567.00)
route 186, node_num 7, cost 1653.848000, nodes: 0(120000.00, 120000.00) 745 517 349 952 1040(35014.00, 35014.00) 0(1868.00, 1868.00)
route 187, node_num 8, cost 1801.688000, nodes: 0(120000.00, 120000.00) 755 709 128 613 83 1177(11331.00, 20023.00) 0(0.00, 0.00)
route 188, node_num 7, cost 1810.844000, nodes: 0(120000.00, 120000.00) 757 512 1151(55813.00, 65159.00) 710 456 0(0.00, 0.00)
route 189, node_num 9, cost 819.532000, nodes: 0(120000.00, 120000.00) 760 778 968 853 88 37 53 0(61462.00, 61462.00)
route 190, node_num 5, cost 604.282000, nodes: 0(120000.00, 120000.00) 270 910 70 0(76837.00, 76837.00)
route 191, node_num 4, cost 256.186000, nodes: 0(120000.00, 120000.00) 765 475 0(101701.00, 101701.00)
route 192, node_num 5, cost 1622.824000, nodes: 0(120000.00, 120000.00) 769 625 527 0(4084.00, 4084.00)
route 193, node_num 6, cost 871.276000, nodes: 0(120000.00, 120000.00) 772 636 136 374 0(57766.00, 57766.00)
route 194, node_num 8, cost 974.918000, nodes: 0(120000.00, 120000.00) 774 792 19 240 945 783 0(50363.00, 50363.00)
route 195, node_num 7, cost 1193.164000, nodes: 0(120000.00, 120000.00) 776 44 35 920 165 0(34774.00, 34774.00)
route 196, node_num 6, cost 1655.668000, nodes: 0(120000.00, 120000.00) 779 719 1002(55842.00, 55842.00) 373 0(1738.00, 1738.00)
route 197, node_num 7, cost 1643.698000, nodes: 0(120000.00, 120000.00) 780 812 810 895 697 0(2593.00, 2593.00)
route 198, node_num 3, cost 148.554000, nodes: 0(120000.00, 120000.00) 731 0(109389.00, 109389.00)
route 199, node_num 5, cost 1089.970000, nodes: 0(120000.00, 120000.00) 790 591 253 0(42145.00, 42145.00)
route 200, node_num 6, cost 1771.154000, nodes: 0(120000.00, 120000.00) 1145(99812.00, 106323.00) 791 881 897 0(0.00, 0.00)
route 201, node_num 6, cost 1505.910000, nodes: 0(120000.00, 120000.00) 553 433 244 1003(21550.00, 21550.00) 0(12435.00, 12435.00)
route 202, node_num 5, cost 1561.700000, nodes: 0(120000.00, 120000.00) 795 811 676 0(8450.00, 8450.00)
route 203, node_num 6, cost 1162.560000, nodes: 0(120000.00, 120000.00) 806 62 94 573 0(36960.00, 36960.00)
route 204, node_num 5, cost 1108.282000, nodes: 0(120000.00, 120000.00) 870 927 886 0(40837.00, 40837.00)
route 205, node_num 8, cost 1645.182000, nodes: 0(120000.00, 120000.00) 814 904 580 597 457 1164(21821.00, 21821.00) 0(2487.00, 2487.00)
route 206, node_num 7, cost 1767.122000, nodes: 0(120000.00, 120000.00) 1199(70721.00, 76944.00) 356 825 281 900 0(0.00, 0.00)
route 207, node_num 7, cost 291.648000, nodes: 0(120000.00, 120000.00) 824 24 556 138 286 0(99168.00, 99168.00)
route 208, node_num 5, cost 616.812000, nodes: 0(120000.00, 120000.00) 830 796 670 0(75942.00, 75942.00)
route 209, node_num 4, cost 1201.606000, nodes: 0(120000.00, 120000.00) 843 331 0(34171.00, 34171.00)
route 210, node_num 5, cost 1227.982000, nodes: 0(120000.00, 120000.00) 847 214 488 0(32287.00, 32287.00)
route 211, node_num 6, cost 750.456000, nodes: 0(120000.00, 120000.00) 855 147 82 360 0(66396.00, 66396.00)
route 212, node_num 5, cost 1118.012000, nodes: 0(120000.00, 120000.00) 116 690 97 0(40142.00, 40142.00)
route 213, node_num 7, cost 1138.340000, nodes: 0(120000.00, 120000.00) 867 272 660 749 278 0(38690.00, 38690.00)
route 214, node_num 8, cost 786.660000, nodes: 0(120000.00, 120000.00) 869 338 445 977 354 61 0(63810.00, 63810.00)
route 215, node_num 6, cost 1693.594000, nodes: 0(120000.00, 120000.00) 874 337 1034(46150.00, 47121.00) 751 0(0.00, 0.00)
route 216, node_num 6, cost 1223.852000, nodes: 0(120000.00, 120000.00) 876 722 840 995 0(32582.00, 32582.00)
route 217, node_num 6, cost 1661.310000, nodes: 0(120000.00, 120000.00) 878 726 851 1026(19012.00, 19012.00) 0(1335.00, 1335.00)
route 218, node_num 6, cost 1047.032000, nodes: 0(120000.00, 120000.00) 297 826 301 577 0(45212.00, 45212.00)
route 219, node_num 5, cost 781.256000, nodes: 0(120000.00, 120000.00) 889 178 846 0(64196.00, 64196.00)
route 220, node_num 8, cost 1692.530000, nodes: 0(120000.00, 120000.00) 896 377 542 839 782 1089(36723.00, 37618.00) 0(0.00, 0.00)
route 221, node_num 6, cost 546.686000, nodes: 0(120000.00, 120000.00) 891 659 295 314 0(80951.00, 80951.00)
route 222, node_num 6, cost 1484.560000, nodes: 0(120000.00, 120000.00) 175 892 720 182 0(13960.00, 13960.00)
route 223, node_num 8, cost 1568.826000, nodes: 0(120000.00, 120000.00) 68 615 974 523 677 1081(45190.00, 45190.00) 0(7941.00, 7941.00)
route 224, node_num 6, cost 288.218000, nodes: 0(120000.00, 120000.00) 907 841 882 837 0(99413.00, 99413.00)
route 225, node_num 6, cost 1496.852000, nodes: 0(120000.00, 120000.00) 912 894 121 227 0(13082.00, 13082.00)
route 226, node_num 6, cost 745.332000, nodes: 0(120000.00, 120000.00) 913 970 514 758 0(66762.00, 66762.00)
route 227, node_num 5, cost 1132.950000, nodes: 0(120000.00, 120000.00) 46 579 211 0(39075.00, 39075.00)
route 228, node_num 5, cost 1542.072000, nodes: 0(120000.00, 120000.00) 917 238 361 0(9852.00, 9852.00)
route 229, node_num 6, cost 1316.014000, nodes: 0(120000.00, 120000.00) 813 918 623 586 0(25999.00, 25999.00)
route 230, node_num 6, cost 1774.458000, nodes: 0(120000.00, 120000.00) 924 316 960 1054(46613.00, 53360.00) 0(0.00, 0.00)
route 231, node_num 7, cost 1808.618000, nodes: 0(120000.00, 120000.00) 925 686 292 73 1077(10836.00, 20023.00) 0(0.00, 0.00)
route 232, node_num 5, cost 1188.012000, nodes: 0(120000.00, 120000.00) 973 767 413 0(35142.00, 35142.00)
route 233, node_num 6, cost 727.874000, nodes: 0(120000.00, 120000.00) 473 930 451 943 0(68009.00, 68009.00)
route 234, node_num 6, cost 1270.038000, nodes: 0(120000.00, 120000.00) 931 510 144 922 0(29283.00, 29283.00)
route 235, node_num 6, cost 1038.576000, nodes: 0(120000.00, 120000.00) 740 657 932 379 0(45816.00, 45816.00)
route 236, node_num 4, cost 1397.956000, nodes: 0(120000.00, 120000.00) 948 711 0(20146.00, 20146.00)
route 237, node_num 3, cost 259.056000, nodes: 0(120000.00, 120000.00) 561 0(101496.00, 101496.00)
route 238, node_num 6, cost 1090.054000, nodes: 0(120000.00, 120000.00) 963 389 87 540 0(42139.00, 42139.00)
route 239, node_num 5, cost 724.584000, nodes: 0(120000.00, 120000.00) 640 655 605 0(68244.00, 68244.00)
route 240, node_num 7, cost 1093.274000, nodes: 0(120000.00, 120000.00) 123 971 302 39 464 0(41909.00, 41909.00)
route 241, node_num 4, cost 692.174000, nodes: 0(120000.00, 120000.00) 786 724 0(70559.00, 70559.00)
route 242, node_num 6, cost 1193.290000, nodes: 0(120000.00, 120000.00) 672 393 860 817 0(34765.00, 34765.00)
route 243, node_num 6, cost 1717.338000, nodes: 0(120000.00, 120000.00) 988 151 607 1003(6448.00, 9115.00) 0(0.00, 0.00)
route 244, node_num 3, cost 889.630000, nodes: 0(120000.00, 120000.00) 313 0(56455.00, 56455.00)
route 245, node_num 7, cost 1395.170000, nodes: 0(120000.00, 120000.00) 576 991 842 479 873 0(20345.00, 20345.00)
route 246, node_num 7, cost 1764.630000, nodes: 0(120000.00, 120000.00) 992 202 491 176 1056(17333.00, 23378.00) 0(0.00, 0.00)
route 247, node_num 4, cost 923.482000, nodes: 0(120000.00, 120000.00) 999 595 0(54037.00, 54037.00)
route 248, node_num 5, cost 1461.264000, nodes: 0(120000.00, 120000.00) 982 440 309 0(15624.00, 15624.00)
route 249, node_num 7, cost 1801.142000, nodes: 0(120000.00, 120000.00) 1007(76524.00, 85177.00) 230 831 417 798 0(0.00, 0.00)
route 250, node_num 6, cost 1832.320000, nodes: 0(120000.00, 120000.00) 1013(70334.00, 81214.00) 644 494 276 0(0.00, 0.00)
route 251, node_num 6, cost 1106.560000, nodes: 0(120000.00, 120000.00) 822 863 548 385 0(40960.00, 40960.00)
route 252, node_num 7, cost 1595.426000, nodes: 0(120000.00, 120000.00) 1021(81946.00, 113946.00) 245 861 980 346 0(38041.00, 38041.00)
route 253, node_num 7, cost 1740.102000, nodes: 0(120000.00, 120000.00) 1022(83916.00, 88209.00) 683 850 396 631 0(0.00, 0.00)
route 254, node_num 8, cost 1527.162000, nodes: 0(120000.00, 120000.00) 1024(78004.00, 120000.00) 669 972 637 48 741 0(52913.00, 52913.00)
route 255, node_num 6, cost 1834.588000, nodes: 0(120000.00, 120000.00) 1030(107152.00, 120000.00) 923 460 944 0(1806.00, 1806.00)
route 256, node_num 7, cost 1796.424000, nodes: 0(120000.00, 120000.00) 1045(99812.00, 108128.00) 149 652 701 503 0(0.00, 0.00)
route 257, node_num 6, cost 1512.686000, nodes: 0(120000.00, 120000.00) 334 884 959 632 0(11951.00, 11951.00)
route 258, node_num 7, cost 1735.496000, nodes: 0(120000.00, 120000.00) 1045(99812.00, 103776.00) 928 372 208 661 0(0.00, 0.00)
route 259, node_num 7, cost 1709.680000, nodes: 0(120000.00, 120000.00) 1076(89725.00, 91845.00) 139 744 610 526 0(0.00, 0.00)
route 260, node_num 6, cost 1551.088000, nodes: 0(120000.00, 120000.00) 171 350 15 871 0(9208.00, 9208.00)
route 261, node_num 6, cost 1421.868000, nodes: 0(120000.00, 120000.00) 788 864 96 983 0(18438.00, 18438.00)
route 262, node_num 6, cost 1726.130000, nodes: 0(120000.00, 120000.00) 1113(70334.00, 120000.00) 229 439 638 0(46371.00, 46371.00)
route 263, node_num 6, cost 1797.740000, nodes: 0(120000.00, 120000.00) 1117(97837.00, 106247.00) 223 368 215 0(0.00, 0.00)
route 264, node_num 7, cost 1618.498000, nodes: 0(120000.00, 120000.00) 1119(75699.00, 75699.00) 534 738 399 10 0(4393.00, 4393.00)
route 265, node_num 8, cost 1710.422000, nodes: 0(120000.00, 120000.00) 1121(81946.00, 120000.00) 890 437 756 477 194 0(35881.00, 35881.00)
route 266, node_num 7, cost 1732.668000, nodes: 0(120000.00, 120000.00) 1123(116496.00, 116496.00) 899 355 29 1161(724.00, 4486.00) 0(0.00, 0.00)
vehicle (route) number: 267
Total cost: 415735.12
415735.12, 16218.27
