Details of the solution:
route 0, node_num 8, cost 1694.448000, nodes: 0(120000.00, 120000.00) 1 946 902 319 614 1172(36413.00, 37445.00) 0(0.00, 0.00)
route 1, node_num 7, cost 1568.364000, nodes: 0(120000.00, 120000.00) 9 165 194 28 398 0(7974.00, 7974.00)
route 2, node_num 7, cost 1510.852000, nodes: 0(120000.00, 120000.00) 10 602 437 348 237 0(12082.00, 12082.00)
route 3, node_num 8, cost 1747.172000, nodes: 0(120000.00, 120000.00) 14 740 712 779 423 1140(17817.00, 22615.00) 0(0.00, 0.00)
route 4, node_num 4, cost 875.280000, nodes: 0(120000.00, 120000.00) 541 665 0(57480.00, 57480.00)
route 5, node_num 6, cost 1286.852000, nodes: 0(120000.00, 120000.00) 31 446 296 807 0(28082.00, 28082.00)
route 6, node_num 5, cost 533.722000, nodes: 0(120000.00, 120000.00) 44 777 317 0(81877.00, 81877.00)
route 7, node_num 6, cost 1566.768000, nodes: 0(120000.00, 120000.00) 51 653 253 619 0(8088.00, 8088.00)
route 8, node_num 6, cost 1423.324000, nodes: 0(120000.00, 120000.00) 752 814 364 268 0(18334.00, 18334.00)
route 9, node_num 7, cost 1452.724000, nodes: 0(120000.00, 120000.00) 70 380 870 745 457 0(16234.00, 16234.00)
route 10, node_num 6, cost 1353.156000, nodes: 0(120000.00, 120000.00) 75 402 696 543 0(23346.00, 23346.00)
route 11, node_num 6, cost 361.942000, nodes: 0(120000.00, 120000.00) 76 810 2 865 0(94147.00, 94147.00)
route 12, node_num 5, cost 1135.456000, nodes: 0(120000.00, 120000.00) 77 588 134 0(38896.00, 38896.00)
route 13, node_num 6, cost 1882.216000, nodes: 0(120000.00, 120000.00) 79 451 26 1041(12868.00, 27312.00) 0(0.00, 0.00)
route 14, node_num 6, cost 876.820000, nodes: 0(120000.00, 120000.00) 497 81 844 331 0(57370.00, 57370.00)
route 15, node_num 5, cost 1572.536000, nodes: 0(120000.00, 120000.00) 549 548 577 0(7676.00, 7676.00)
route 16, node_num 5, cost 333.718000, nodes: 0(120000.00, 120000.00) 822 372 630 0(96163.00, 96163.00)
route 17, node_num 6, cost 1072.568000, nodes: 0(120000.00, 120000.00) 496 87 33 833 0(43388.00, 43388.00)
route 18, node_num 5, cost 1070.776000, nodes: 0(120000.00, 120000.00) 176 796 866 0(43516.00, 43516.00)
route 19, node_num 7, cost 1707.216000, nodes: 0(120000.00, 120000.00) 1053(82481.00, 84425.00) 88 129 114 954 0(0.00, 0.00)
route 20, node_num 6, cost 1661.394000, nodes: 0(120000.00, 120000.00) 113 200 821 624 0(1329.00, 1329.00)
route 21, node_num 5, cost 727.986000, nodes: 0(120000.00, 120000.00) 120 750 823 0(68001.00, 68001.00)
route 22, node_num 5, cost 882.392000, nodes: 0(120000.00, 120000.00) 131 25 454 0(56972.00, 56972.00)
route 23, node_num 5, cost 646.548000, nodes: 0(120000.00, 120000.00) 994 426 956 0(73818.00, 73818.00)
route 24, node_num 6, cost 1042.888000, nodes: 0(120000.00, 120000.00) 135 59 182 888 0(45508.00, 45508.00)
route 25, node_num 4, cost 857.752000, nodes: 0(120000.00, 120000.00) 765 163 0(58732.00, 58732.00)
route 26, node_num 8, cost 1415.372000, nodes: 0(120000.00, 120000.00) 146 950 556 119 13 987 0(18902.00, 18902.00)
route 27, node_num 9, cost 890.120000, nodes: 0(120000.00, 120000.00) 150 327 139 133 435 369 519 0(56420.00, 56420.00)
route 28, node_num 6, cost 1213.324000, nodes: 0(120000.00, 120000.00) 622 876 228 699 0(33334.00, 33334.00)
route 29, node_num 7, cost 1080.296000, nodes: 0(120000.00, 120000.00) 984 94 813 32 246 0(42836.00, 42836.00)
route 30, node_num 5, cost 571.214000, nodes: 0(120000.00, 120000.00) 158 220 762 0(79199.00, 79199.00)
route 31, node_num 5, cost 845.432000, nodes: 0(120000.00, 120000.00) 939 338 789 0(59612.00, 59612.00)
route 32, node_num 8, cost 1027.446000, nodes: 0(120000.00, 120000.00) 167 362 964 944 448 536 0(46611.00, 46611.00)
route 33, node_num 7, cost 854.826000, nodes: 0(120000.00, 120000.00) 173 982 662 893 940 0(58941.00, 58941.00)
route 34, node_num 8, cost 1752.954000, nodes: 0(120000.00, 120000.00) 174 224 773 53 125 1018(17213.00, 22424.00) 0(0.00, 0.00)
route 35, node_num 4, cost 1230.516000, nodes: 0(120000.00, 120000.00) 98 56 0(32106.00, 32106.00)
route 36, node_num 7, cost 1758.148000, nodes: 0(120000.00, 120000.00) 183 562 1044(30191.00, 35773.00) 353 973 0(0.00, 0.00)
route 37, node_num 7, cost 1528.282000, nodes: 0(120000.00, 120000.00) 153 638 55 64 654 0(10837.00, 10837.00)
route 38, node_num 5, cost 868.238000, nodes: 0(120000.00, 120000.00) 187 191 305 0(57983.00, 57983.00)
route 39, node_num 6, cost 1270.010000, nodes: 0(120000.00, 120000.00) 189 824 507 891 0(29285.00, 29285.00)
route 40, node_num 7, cost 1203.398000, nodes: 0(120000.00, 120000.00) 192 15 846 324 704 0(34043.00, 34043.00)
route 41, node_num 6, cost 1503.306000, nodes: 0(120000.00, 120000.00) 199 746 965 925 0(12621.00, 12621.00)
route 42, node_num 8, cost 1771.448000, nodes: 0(120000.00, 120000.00) 201 350 775 269 252 1161(25461.00, 31993.00) 0(0.00, 0.00)
route 43, node_num 5, cost 1164.674000, nodes: 0(120000.00, 120000.00) 210 38 227 0(36809.00, 36809.00)
route 44, node_num 7, cost 1600.690000, nodes: 0(120000.00, 120000.00) 212 27 438 43 145 0(5665.00, 5665.00)
route 45, node_num 6, cost 1024.562000, nodes: 0(120000.00, 120000.00) 250 408 196 216 0(46817.00, 46817.00)
route 46, node_num 5, cost 424.494000, nodes: 0(120000.00, 120000.00) 222 46 641 0(89679.00, 89679.00)
route 47, node_num 8, cost 1004.052000, nodes: 0(120000.00, 120000.00) 320 453 524 22 238 616 0(48282.00, 48282.00)
route 48, node_num 7, cost 919.296000, nodes: 0(120000.00, 120000.00) 230 283 21 256 986 0(54336.00, 54336.00)
route 49, node_num 7, cost 780.234000, nodes: 0(120000.00, 120000.00) 132 314 970 93 969 0(64269.00, 64269.00)
route 50, node_num 6, cost 1031.674000, nodes: 0(120000.00, 120000.00) 233 486 403 607 0(46309.00, 46309.00)
route 51, node_num 7, cost 1207.150000, nodes: 0(120000.00, 120000.00) 244 714 666 24 756 0(33775.00, 33775.00)
route 52, node_num 7, cost 1066.954000, nodes: 0(120000.00, 120000.00) 214 470 395 95 91 0(43789.00, 43789.00)
route 53, node_num 5, cost 1001.350000, nodes: 0(120000.00, 120000.00) 157 262 557 0(48475.00, 48475.00)
route 54, node_num 7, cost 1279.334000, nodes: 0(120000.00, 120000.00) 255 102 271 162 760 0(28619.00, 28619.00)
route 55, node_num 8, cost 1771.966000, nodes: 0(120000.00, 120000.00) 257 1105(67084.00, 73653.00) 836 851 875 1000 0(0.00, 0.00)
route 56, node_num 6, cost 965.804000, nodes: 0(120000.00, 120000.00) 259 899 208 908 0(51014.00, 51014.00)
route 57, node_num 7, cost 1476.188000, nodes: 0(120000.00, 120000.00) 261 19 103 30 934 0(14558.00, 14558.00)
route 58, node_num 6, cost 804.874000, nodes: 0(120000.00, 120000.00) 263 566 929 960 0(62509.00, 62509.00)
route 59, node_num 6, cost 1030.876000, nodes: 0(120000.00, 120000.00) 265 229 35 880 0(46366.00, 46366.00)
route 60, node_num 6, cost 1523.032000, nodes: 0(120000.00, 120000.00) 266 149 385 721 0(11212.00, 11212.00)
route 61, node_num 8, cost 1434.706000, nodes: 0(120000.00, 120000.00) 272 160 797 881 410 552 0(17521.00, 17521.00)
route 62, node_num 6, cost 1686.930000, nodes: 0(120000.00, 120000.00) 1079(67906.00, 79906.00) 787 911 116 0(11505.00, 11505.00)
route 63, node_num 7, cost 930.188000, nodes: 0(120000.00, 120000.00) 89 433 805 178 352 0(53558.00, 53558.00)
route 64, node_num 5, cost 1205.064000, nodes: 0(120000.00, 120000.00) 285 506 620 0(33924.00, 33924.00)
route 65, node_num 7, cost 1171.324000, nodes: 0(120000.00, 120000.00) 289 551 299 295 989 0(36334.00, 36334.00)
route 66, node_num 5, cost 1002.876000, nodes: 0(120000.00, 120000.00) 801 795 966 0(48366.00, 48366.00)
route 67, node_num 5, cost 1443.834000, nodes: 0(120000.00, 120000.00) 303 370 445 0(16869.00, 16869.00)
route 68, node_num 5, cost 830.690000, nodes: 0(120000.00, 120000.00) 304 715 997 0(60665.00, 60665.00)
route 69, node_num 8, cost 1034.642000, nodes: 0(120000.00, 120000.00) 512 545 593 790 458 511 0(46097.00, 46097.00)
route 70, node_num 5, cost 1651.762000, nodes: 0(120000.00, 120000.00) 307 236 926 0(2017.00, 2017.00)
route 71, node_num 8, cost 1129.562000, nodes: 0(120000.00, 120000.00) 310 749 286 382 539 900 0(39317.00, 39317.00)
route 72, node_num 6, cost 965.874000, nodes: 0(120000.00, 120000.00) 311 318 561 181 0(51009.00, 51009.00)
route 73, node_num 8, cost 582.666000, nodes: 0(120000.00, 120000.00) 315 771 34 136 652 991 0(78381.00, 78381.00)
route 74, node_num 6, cost 1272.292000, nodes: 0(120000.00, 120000.00) 225 530 68 7 0(29122.00, 29122.00)
route 75, node_num 6, cost 1279.292000, nodes: 0(120000.00, 120000.00) 322 772 857 803 0(28622.00, 28622.00)
route 76, node_num 5, cost 744.016000, nodes: 0(120000.00, 120000.00) 514 980 276 0(66856.00, 66856.00)
route 77, node_num 7, cost 1717.394000, nodes: 0(120000.00, 120000.00) 346 1156(65002.00, 67673.00) 841 8 951 0(0.00, 0.00)
route 78, node_num 7, cost 1721.524000, nodes: 0(120000.00, 120000.00) 351 852 1162(42830.00, 45796.00) 976 791 0(0.00, 0.00)
route 79, node_num 7, cost 1103.186000, nodes: 0(120000.00, 120000.00) 355 434 248 221 155 0(41201.00, 41201.00)
route 80, node_num 4, cost 867.608000, nodes: 0(120000.00, 120000.00) 356 484 0(58028.00, 58028.00)
route 81, node_num 7, cost 819.784000, nodes: 0(120000.00, 120000.00) 357 799 197 418 464 0(61444.00, 61444.00)
route 82, node_num 7, cost 1393.728000, nodes: 0(120000.00, 120000.00) 360 466 786 971 572 0(20448.00, 20448.00)
route 83, node_num 6, cost 1019.186000, nodes: 0(120000.00, 120000.00) 804 850 297 837 0(47201.00, 47201.00)
route 84, node_num 7, cost 1731.870000, nodes: 0(120000.00, 120000.00) 363 856 97 1099(35897.00, 39897.00) 267 0(295.00, 295.00)
route 85, node_num 6, cost 1363.306000, nodes: 0(120000.00, 120000.00) 368 243 785 600 0(22621.00, 22621.00)
route 86, node_num 5, cost 572.964000, nodes: 0(120000.00, 120000.00) 373 855 544 0(79074.00, 79074.00)
route 87, node_num 8, cost 1904.644000, nodes: 0(120000.00, 120000.00) 378 922 921 718 177 1125(8081.00, 24127.00) 0(0.00, 0.00)
route 88, node_num 7, cost 1088.626000, nodes: 0(120000.00, 120000.00) 242 270 137 681 741 0(42241.00, 42241.00)
route 89, node_num 7, cost 1383.186000, nodes: 0(120000.00, 120000.00) 504 337 510 323 590 0(21201.00, 21201.00)
route 90, node_num 8, cost 908.152000, nodes: 0(120000.00, 120000.00) 389 427 792 62 835 50 0(55132.00, 55132.00)
route 91, node_num 7, cost 803.236000, nodes: 0(120000.00, 120000.00) 390 449 74 39 122 0(62626.00, 62626.00)
route 92, node_num 6, cost 441.434000, nodes: 0(120000.00, 120000.00) 391 86 325 784 0(88469.00, 88469.00)
route 93, node_num 8, cost 1718.150000, nodes: 0(120000.00, 120000.00) 392 675 919 928 996 1103(37712.00, 40437.00) 0(0.00, 0.00)
route 94, node_num 6, cost 1080.016000, nodes: 0(120000.00, 120000.00) 825 347 574 20 0(42856.00, 42856.00)
route 95, node_num 7, cost 1256.094000, nodes: 0(120000.00, 120000.00) 400 41 722 527 354 0(30279.00, 30279.00)
route 96, node_num 9, cost 1754.760000, nodes: 0(120000.00, 120000.00) 401 292 334 769 640 709 1012(40948.00, 46288.00) 0(0.00, 0.00)
route 97, node_num 6, cost 911.540000, nodes: 0(120000.00, 120000.00) 57 184 609 169 0(54890.00, 54890.00)
route 98, node_num 5, cost 661.080000, nodes: 0(120000.00, 120000.00) 411 280 808 0(72780.00, 72780.00)
route 99, node_num 7, cost 833.952000, nodes: 0(120000.00, 120000.00) 412 366 546 559 195 0(60432.00, 60432.00)
route 100, node_num 8, cost 1261.330000, nodes: 0(120000.00, 120000.00) 430 375 831 444 60 203 0(29905.00, 29905.00)
route 101, node_num 6, cost 505.750000, nodes: 0(120000.00, 120000.00) 431 376 936 396 0(83875.00, 83875.00)
route 102, node_num 7, cost 1548.106000, nodes: 0(120000.00, 120000.00) 432 583 420 603 80 0(9421.00, 9421.00)
route 103, node_num 7, cost 1358.490000, nodes: 0(120000.00, 120000.00) 442 365 301 849 343 0(22965.00, 22965.00)
route 104, node_num 7, cost 1138.816000, nodes: 0(120000.00, 120000.00) 460 416 115 462 106 0(38656.00, 38656.00)
route 105, node_num 5, cost 664.776000, nodes: 0(120000.00, 120000.00) 563 490 282 0(72516.00, 72516.00)
route 106, node_num 7, cost 1938.636000, nodes: 0(120000.00, 120000.00) 693 567 277 1160(33428.00, 51902.00) 495 0(0.00, 0.00)
route 107, node_num 6, cost 1592.024000, nodes: 0(120000.00, 120000.00) 473 518 275 215 0(6284.00, 6284.00)
route 108, node_num 8, cost 1248.856000, nodes: 0(120000.00, 120000.00) 475 399 625 494 758 830 0(30796.00, 30796.00)
route 109, node_num 7, cost 1004.514000, nodes: 0(120000.00, 120000.00) 706 291 223 293 4 0(48249.00, 48249.00)
route 110, node_num 7, cost 1048.054000, nodes: 0(120000.00, 120000.00) 480 209 587 761 374 0(45139.00, 45139.00)
route 111, node_num 8, cost 989.254000, nodes: 0(120000.00, 120000.00) 481 235 204 40 168 474 0(49339.00, 49339.00)
route 112, node_num 6, cost 1389.570000, nodes: 0(120000.00, 120000.00) 487 930 708 744 0(20745.00, 20745.00)
route 113, node_num 6, cost 610.330000, nodes: 0(120000.00, 120000.00) 489 737 349 575 0(76405.00, 76405.00)
route 114, node_num 4, cost 749.868000, nodes: 0(120000.00, 120000.00) 492 669 0(66438.00, 66438.00)
route 115, node_num 5, cost 994.014000, nodes: 0(120000.00, 120000.00) 594 802 859 0(48999.00, 48999.00)
route 116, node_num 5, cost 875.070000, nodes: 0(120000.00, 120000.00) 502 916 698 0(57495.00, 57495.00)
route 117, node_num 6, cost 554.750000, nodes: 0(120000.00, 120000.00) 975 488 726 336 0(80375.00, 80375.00)
route 118, node_num 4, cost 1180.620000, nodes: 0(120000.00, 120000.00) 306 923 0(35670.00, 35670.00)
route 119, node_num 8, cost 1683.990000, nodes: 0(120000.00, 120000.00) 516 339 815 1182(54777.00, 55062.00) 65 164 0(0.00, 0.00)
route 120, node_num 5, cost 1179.444000, nodes: 0(120000.00, 120000.00) 526 657 148 0(35754.00, 35754.00)
route 121, node_num 6, cost 1003.184000, nodes: 0(120000.00, 120000.00) 528 656 818 800 0(48344.00, 48344.00)
route 122, node_num 8, cost 1196.314000, nodes: 0(120000.00, 120000.00) 529 312 344 584 678 154 0(34549.00, 34549.00)
route 123, node_num 9, cost 1763.188000, nodes: 0(120000.00, 120000.00) 533 631 405 404 867 205 1154(13122.00, 19064.00) 0(0.00, 0.00)
route 124, node_num 7, cost 1596.574000, nodes: 0(120000.00, 120000.00) 535 667 128 144 560 0(5959.00, 5959.00)
route 125, node_num 7, cost 987.644000, nodes: 0(120000.00, 120000.00) 540 101 879 877 816 0(49454.00, 49454.00)
route 126, node_num 7, cost 1073.716000, nodes: 0(120000.00, 120000.00) 542 747 288 341 371 0(43306.00, 43306.00)
route 127, node_num 5, cost 902.832000, nodes: 0(120000.00, 120000.00) 83 17 170 0(55512.00, 55512.00)
route 128, node_num 8, cost 1720.418000, nodes: 0(120000.00, 120000.00) 554 249 29 646 509 1040(19728.00, 22615.00) 0(0.00, 0.00)
route 129, node_num 6, cost 835.702000, nodes: 0(120000.00, 120000.00) 555 826 258 778 0(60307.00, 60307.00)
route 130, node_num 6, cost 1302.882000, nodes: 0(120000.00, 120000.00) 468 45 604 601 0(26937.00, 26937.00)
route 131, node_num 5, cost 1312.542000, nodes: 0(120000.00, 120000.00) 565 108 538 0(26247.00, 26247.00)
route 132, node_num 9, cost 1688.176000, nodes: 0(120000.00, 120000.00) 581 441 440 302 281 48 1095(29747.00, 30331.00) 0(0.00, 0.00)
route 133, node_num 5, cost 1641.024000, nodes: 0(120000.00, 120000.00) 582 104 694 0(2784.00, 2784.00)
route 134, node_num 8, cost 1889.286000, nodes: 0(120000.00, 120000.00) 586 436 358 384 864 1061(17044.00, 31993.00) 0(0.00, 0.00)
route 135, node_num 7, cost 1511.776000, nodes: 0(120000.00, 120000.00) 592 429 332 439 290 0(12016.00, 12016.00)
route 136, node_num 5, cost 708.246000, nodes: 0(120000.00, 120000.00) 11 988 872 0(69411.00, 69411.00)
route 137, node_num 4, cost 783.468000, nodes: 0(120000.00, 120000.00) 711 388 0(64038.00, 64038.00)
route 138, node_num 7, cost 904.400000, nodes: 0(120000.00, 120000.00) 896 932 443 193 219 0(55400.00, 55400.00)
route 139, node_num 5, cost 792.610000, nodes: 0(120000.00, 120000.00) 599 96 386 0(63385.00, 63385.00)
route 140, node_num 6, cost 1653.260000, nodes: 0(120000.00, 120000.00) 605 245 705 730 0(1910.00, 1910.00)
route 141, node_num 8, cost 1710.030000, nodes: 0(120000.00, 120000.00) 606 247 671 941 626 1178(38545.00, 40690.00) 0(0.00, 0.00)
route 142, node_num 7, cost 1544.270000, nodes: 0(120000.00, 120000.00) 608 501 580 477 161 0(9695.00, 9695.00)
route 143, node_num 8, cost 1815.996000, nodes: 0(120000.00, 120000.00) 610 264 407 206 1034(24274.00, 33988.00) 642 0(0.00, 0.00)
route 144, node_num 6, cost 1643.152000, nodes: 0(120000.00, 120000.00) 611 948 672 467 0(2632.00, 2632.00)
route 145, node_num 6, cost 1580.796000, nodes: 0(120000.00, 120000.00) 612 58 781 381 0(7086.00, 7086.00)
route 146, node_num 6, cost 1332.100000, nodes: 0(120000.00, 120000.00) 330 673 573 720 0(24850.00, 24850.00)
route 147, node_num 7, cost 1253.336000, nodes: 0(120000.00, 120000.00) 615 591 894 456 576 0(30476.00, 30476.00)
route 148, node_num 5, cost 993.818000, nodes: 0(120000.00, 120000.00) 621 190 733 0(49013.00, 49013.00)
route 149, node_num 8, cost 1846.502000, nodes: 0(120000.00, 120000.00) 185 697 618 1177(50127.00, 62020.00) 498 595 0(0.00, 0.00)
route 150, node_num 5, cost 1495.956000, nodes: 0(120000.00, 120000.00) 632 99 126 0(13146.00, 13146.00)
route 151, node_num 4, cost 598.696000, nodes: 0(120000.00, 120000.00) 633 558 0(77236.00, 77236.00)
route 152, node_num 4, cost 1457.820000, nodes: 0(120000.00, 120000.00) 643 748 0(15870.00, 15870.00)
route 153, node_num 7, cost 1541.414000, nodes: 0(120000.00, 120000.00) 649 499 387 218 367 0(9899.00, 9899.00)
route 154, node_num 5, cost 1306.018000, nodes: 0(120000.00, 120000.00) 658 152 313 0(26713.00, 26713.00)
route 155, node_num 5, cost 1423.240000, nodes: 0(120000.00, 120000.00) 660 84 901 0(18340.00, 18340.00)
route 156, node_num 4, cost 302.344000, nodes: 0(120000.00, 120000.00) 650 935 0(98404.00, 98404.00)
route 157, node_num 7, cost 1207.654000, nodes: 0(120000.00, 120000.00) 326 955 931 523 703 0(33739.00, 33739.00)
route 158, node_num 7, cost 1615.992000, nodes: 0(120000.00, 120000.00) 676 483 774 537 871 0(4572.00, 4572.00)
route 159, node_num 5, cost 1070.188000, nodes: 0(120000.00, 120000.00) 677 794 952 0(43558.00, 43558.00)
route 160, node_num 8, cost 1036.042000, nodes: 0(120000.00, 120000.00) 680 958 284 806 827 550 0(45997.00, 45997.00)
route 161, node_num 5, cost 714.896000, nodes: 0(120000.00, 120000.00) 682 447 878 0(68936.00, 68936.00)
route 162, node_num 6, cost 1576.540000, nodes: 0(120000.00, 120000.00) 684 117 639 112 0(7390.00, 7390.00)
route 163, node_num 5, cost 924.308000, nodes: 0(120000.00, 120000.00) 686 406 920 0(53978.00, 53978.00)
route 164, node_num 6, cost 1343.118000, nodes: 0(120000.00, 120000.00) 383 688 770 947 0(24063.00, 24063.00)
route 165, node_num 5, cost 866.362000, nodes: 0(120000.00, 120000.00) 817 130 578 0(58117.00, 58117.00)
route 166, node_num 8, cost 1720.306000, nodes: 0(120000.00, 120000.00) 465 1115(69474.00, 72353.00) 687 213 207 340 0(0.00, 0.00)
route 167, node_num 7, cost 1885.702000, nodes: 0(120000.00, 120000.00) 1090(63801.00, 78494.00) 695 61 234 428 0(0.00, 0.00)
route 168, node_num 7, cost 1787.352000, nodes: 0(120000.00, 120000.00) 1089(78600.00, 86268.00) 700 845 463 869 0(0.00, 0.00)
route 169, node_num 6, cost 1177.974000, nodes: 0(120000.00, 120000.00) 278 728 522 171 0(35859.00, 35859.00)
route 170, node_num 6, cost 741.006000, nodes: 0(120000.00, 120000.00) 479 847 909 999 0(67071.00, 67071.00)
route 171, node_num 6, cost 1548.876000, nodes: 0(120000.00, 120000.00) 166 478 66 294 0(9366.00, 9366.00)
route 172, node_num 5, cost 1219.302000, nodes: 0(120000.00, 120000.00) 717 629 892 0(32907.00, 32907.00)
route 173, node_num 7, cost 402.514000, nodes: 0(120000.00, 120000.00) 321 753 111 124 782 0(91249.00, 91249.00)
route 174, node_num 8, cost 1816.318000, nodes: 0(120000.00, 120000.00) 727 71 1042(60684.00, 70421.00) 793 858 452 0(0.00, 0.00)
route 175, node_num 6, cost 792.036000, nodes: 0(120000.00, 120000.00) 719 702 503 415 0(63426.00, 63426.00)
route 176, node_num 5, cost 1145.634000, nodes: 0(120000.00, 120000.00) 731 895 42 0(38169.00, 38169.00)
route 177, node_num 7, cost 1553.482000, nodes: 0(120000.00, 120000.00) 734 298 12 455 413 0(9037.00, 9037.00)
route 178, node_num 7, cost 941.304000, nodes: 0(120000.00, 120000.00) 736 531 175 943 469 0(52764.00, 52764.00)
route 179, node_num 8, cost 1990.058000, nodes: 0(120000.00, 120000.00) 738 1142(48305.00, 48305.00) 534 100 393 1150(5780.00, 27927.00) 0(0.00, 0.00)
route 180, node_num 7, cost 1084.622000, nodes: 0(120000.00, 120000.00) 743 570 843 254 927 0(42527.00, 42527.00)
route 181, node_num 6, cost 1217.972000, nodes: 0(120000.00, 120000.00) 409 890 974 661 0(33002.00, 33002.00)
route 182, node_num 5, cost 1095.094000, nodes: 0(120000.00, 120000.00) 979 569 978 0(41779.00, 41779.00)
route 183, node_num 6, cost 998.522000, nodes: 0(120000.00, 120000.00) 757 983 579 419 0(48677.00, 48677.00)
route 184, node_num 7, cost 1024.618000, nodes: 0(120000.00, 120000.00) 764 335 121 883 723 0(46813.00, 46813.00)
route 185, node_num 8, cost 1839.082000, nodes: 0(120000.00, 120000.00) 138 655 359 828 938 1027(23901.00, 35264.00) 0(0.00, 0.00)
route 186, node_num 6, cost 1568.616000, nodes: 0(120000.00, 120000.00) 957 874 18 186 0(7956.00, 7956.00)
route 187, node_num 7, cost 1051.022000, nodes: 0(120000.00, 120000.00) 780 394 690 832 918 0(44927.00, 44927.00)
route 188, node_num 6, cost 1279.894000, nodes: 0(120000.00, 120000.00) 798 110 637 241 0(28579.00, 28579.00)
route 189, node_num 8, cost 1789.242000, nodes: 0(120000.00, 120000.00) 361 472 414 763 476 1119(15911.00, 23714.00) 0(0.00, 0.00)
route 190, node_num 8, cost 1697.458000, nodes: 0(120000.00, 120000.00) 691 628 1003(71405.00, 72652.00) 729 617 517 0(0.00, 0.00)
route 191, node_num 7, cost 1167.740000, nodes: 0(120000.00, 120000.00) 397 69 689 664 47 0(36590.00, 36590.00)
route 192, node_num 6, cost 1416.940000, nodes: 0(120000.00, 120000.00) 829 379 701 520 0(18790.00, 18790.00)
route 193, node_num 5, cost 1506.792000, nodes: 0(120000.00, 120000.00) 834 897 5 0(12372.00, 12372.00)
route 194, node_num 5, cost 825.510000, nodes: 0(120000.00, 120000.00) 838 751 36 0(61035.00, 61035.00)
route 195, node_num 5, cost 1527.820000, nodes: 0(120000.00, 120000.00) 839 140 967 0(10870.00, 10870.00)
route 196, node_num 8, cost 1068.172000, nodes: 0(120000.00, 120000.00) 842 885 568 425 645 755 0(43702.00, 43702.00)
route 197, node_num 5, cost 660.702000, nodes: 0(120000.00, 120000.00) 179 211 147 0(72807.00, 72807.00)
route 198, node_num 6, cost 913.318000, nodes: 0(120000.00, 120000.00) 853 663 422 707 0(54763.00, 54763.00)
route 199, node_num 7, cost 779.618000, nodes: 0(120000.00, 120000.00) 861 868 217 37 589 0(64313.00, 64313.00)
route 200, node_num 8, cost 2164.792000, nodes: 0(120000.00, 120000.00) 597 783 716 377 739 1111(18174.00, 52802.00) 0(0.00, 0.00)
route 201, node_num 8, cost 938.826000, nodes: 0(120000.00, 120000.00) 898 482 713 651 692 239 0(52941.00, 52941.00)
route 202, node_num 8, cost 860.314000, nodes: 0(120000.00, 120000.00) 903 627 532 118 636 788 0(58549.00, 58549.00)
route 203, node_num 8, cost 1693.804000, nodes: 0(120000.00, 120000.00) 905 904 887 202 123 1106(23480.00, 24466.00) 0(0.00, 0.00)
route 204, node_num 8, cost 1718.388000, nodes: 0(120000.00, 120000.00) 907 273 1027(74506.00, 77248.00) 547 598 72 0(0.00, 0.00)
route 205, node_num 7, cost 587.790000, nodes: 0(120000.00, 120000.00) 910 776 417 914 981 0(78015.00, 78015.00)
route 206, node_num 7, cost 976.878000, nodes: 0(120000.00, 120000.00) 912 668 659 724 670 0(50223.00, 50223.00)
route 207, node_num 5, cost 1605.478000, nodes: 0(120000.00, 120000.00) 913 156 768 0(5323.00, 5323.00)
route 208, node_num 7, cost 1615.628000, nodes: 0(120000.00, 120000.00) 300 3 884 889 732 0(4598.00, 4598.00)
route 209, node_num 7, cost 1344.084000, nodes: 0(120000.00, 120000.00) 917 860 67 553 329 0(23994.00, 23994.00)
route 210, node_num 8, cost 1731.380000, nodes: 0(120000.00, 120000.00) 924 82 461 854 143 1007(25760.00, 29430.00) 0(0.00, 0.00)
route 211, node_num 8, cost 1703.492000, nodes: 0(120000.00, 120000.00) 933 260 159 811 23 1084(41116.00, 42794.00) 0(0.00, 0.00)
route 212, node_num 8, cost 1964.900000, nodes: 0(120000.00, 120000.00) 937 848 1056(49746.00, 49746.00) 49 571 1006(4116.00, 24466.00) 0(0.00, 0.00)
route 213, node_num 7, cost 1669.416000, nodes: 0(120000.00, 120000.00) 710 240 564 73 635 0(756.00, 756.00)
route 214, node_num 7, cost 400.442000, nodes: 0(120000.00, 120000.00) 942 279 525 333 226 0(91397.00, 91397.00)
route 215, node_num 5, cost 989.086000, nodes: 0(120000.00, 120000.00) 949 873 683 0(49351.00, 49351.00)
route 216, node_num 5, cost 997.584000, nodes: 0(120000.00, 120000.00) 231 953 725 0(48744.00, 48744.00)
route 217, node_num 6, cost 1563.338000, nodes: 0(120000.00, 120000.00) 674 493 945 990 0(8333.00, 8333.00)
route 218, node_num 7, cost 1312.710000, nodes: 0(120000.00, 120000.00) 742 515 585 109 198 0(26235.00, 26235.00)
route 219, node_num 6, cost 784.000000, nodes: 0(120000.00, 120000.00) 968 508 287 500 0(64000.00, 64000.00)
route 220, node_num 8, cost 1674.624000, nodes: 0(120000.00, 120000.00) 972 820 915 962 766 1112(46672.00, 46672.00) 0(384.00, 384.00)
route 221, node_num 5, cost 1224.090000, nodes: 0(120000.00, 120000.00) 977 862 188 0(32565.00, 32565.00)
route 222, node_num 4, cost 782.810000, nodes: 0(120000.00, 120000.00) 180 882 0(64085.00, 64085.00)
route 223, node_num 8, cost 1903.818000, nodes: 0(120000.00, 120000.00) 251 812 623 141 172 1194(16409.00, 32396.00) 0(0.00, 0.00)
route 224, node_num 5, cost 1508.024000, nodes: 0(120000.00, 120000.00) 992 596 819 0(12284.00, 12284.00)
route 225, node_num 6, cost 1233.848000, nodes: 0(120000.00, 120000.00) 993 450 16 54 0(31868.00, 31868.00)
route 226, node_num 7, cost 968.926000, nodes: 0(120000.00, 120000.00) 995 886 52 634 485 0(50791.00, 50791.00)
route 227, node_num 8, cost 1458.366000, nodes: 0(120000.00, 120000.00) 998 92 63 961 274 1019(39545.00, 39545.00) 0(15831.00, 15831.00)
route 228, node_num 7, cost 1879.920000, nodes: 0(120000.00, 120000.00) 1139(67416.00, 81696.00) 754 647 644 906 0(0.00, 0.00)
route 229, node_num 7, cost 1731.268000, nodes: 0(120000.00, 120000.00) 1060(66386.00, 70048.00) 985 85 491 840 0(0.00, 0.00)
route 230, node_num 8, cost 1721.958000, nodes: 0(120000.00, 120000.00) 1062(81887.00, 84884.00) 421 127 424 471 78 0(0.00, 0.00)
route 231, node_num 5, cost 812.322000, nodes: 0(120000.00, 120000.00) 679 90 459 0(61977.00, 61977.00)
route 232, node_num 6, cost 1517.642000, nodes: 0(120000.00, 120000.00) 963 345 648 505 0(11597.00, 11597.00)
route 233, node_num 7, cost 1620.374000, nodes: 0(120000.00, 120000.00) 328 685 105 151 308 0(4259.00, 4259.00)
route 234, node_num 7, cost 891.772000, nodes: 0(120000.00, 120000.00) 513 735 809 232 767 0(56302.00, 56302.00)
route 235, node_num 6, cost 1413.776000, nodes: 0(120000.00, 120000.00) 1088(75285.00, 75285.00) 309 521 342 0(19016.00, 19016.00)
route 236, node_num 7, cost 1838.662000, nodes: 0(120000.00, 120000.00) 613 759 6 107 1168(17904.00, 29237.00) 0(0.00, 0.00)
route 237, node_num 7, cost 1829.282000, nodes: 0(120000.00, 120000.00) 142 1042(54937.00, 65600.00) 863 316 959 0(0.00, 0.00)
vehicle (route) number: 238
Total cost: 365380.06
365380.06, 16211.18
