Details of the solution:
route 0, node_num 5, cost 1233.190000, nodes: 0(120000.00, 120000.00) 812 263 42 0(31915.00, 31915.00)
route 1, node_num 7, cost 1745.646000, nodes: 0(120000.00, 120000.00) 8 300 307 882 1072(38228.00, 42917.00) 0(0.00, 0.00)
route 2, node_num 6, cost 1580.320000, nodes: 0(120000.00, 120000.00) 14 286 201 1070(44389.00, 44389.00) 0(7120.00, 7120.00)
route 3, node_num 7, cost 1734.474000, nodes: 0(120000.00, 120000.00) 1153(84325.00, 88216.00) 404 141 463 962 0(0.00, 0.00)
route 4, node_num 8, cost 729.344000, nodes: 0(120000.00, 120000.00) 18 55 150 532 289 126 0(67904.00, 67904.00)
route 5, node_num 4, cost 576.142000, nodes: 0(120000.00, 120000.00) 20 348 0(78847.00, 78847.00)
route 6, node_num 7, cost 428.638000, nodes: 0(120000.00, 120000.00) 23 615 279 39 507 0(89383.00, 89383.00)
route 7, node_num 7, cost 470.778000, nodes: 0(120000.00, 120000.00) 31 585 293 240 398 0(86373.00, 86373.00)
route 8, node_num 5, cost 606.648000, nodes: 0(120000.00, 120000.00) 35 744 472 0(76668.00, 76668.00)
route 9, node_num 6, cost 926.646000, nodes: 0(120000.00, 120000.00) 947 885 641 450 0(53811.00, 53811.00)
route 10, node_num 6, cost 660.142000, nodes: 0(120000.00, 120000.00) 997 635 629 719 0(72847.00, 72847.00)
route 11, node_num 5, cost 1388.324000, nodes: 0(120000.00, 120000.00) 52 113 156 0(20834.00, 20834.00)
route 12, node_num 7, cost 1817.144000, nodes: 0(120000.00, 120000.00) 58 875 196 503 1035(35976.00, 45772.00) 0(0.00, 0.00)
route 13, node_num 4, cost 1066.856000, nodes: 0(120000.00, 120000.00) 567 162 0(43796.00, 43796.00)
route 14, node_num 5, cost 1187.144000, nodes: 0(120000.00, 120000.00) 62 339 490 0(35204.00, 35204.00)
route 15, node_num 5, cost 1356.236000, nodes: 0(120000.00, 120000.00) 27 863 685 0(23126.00, 23126.00)
route 16, node_num 5, cost 539.616000, nodes: 0(120000.00, 120000.00) 65 763 164 0(81456.00, 81456.00)
route 17, node_num 7, cost 1636.460000, nodes: 0(120000.00, 120000.00) 1057(94699.00, 98699.00) 518 648 172 746 0(7110.00, 7110.00)
route 18, node_num 7, cost 1599.808000, nodes: 0(120000.00, 120000.00) 77 734 844 938 1149(31544.00, 31544.00) 0(5728.00, 5728.00)
route 19, node_num 8, cost 1577.478000, nodes: 0(120000.00, 120000.00) 78 917 679 1131(42210.00, 42210.00) 572 1165(34231.00, 34231.00) 0(7323.00, 7323.00)
route 20, node_num 5, cost 1441.636000, nodes: 0(120000.00, 120000.00) 218 802 378 0(17026.00, 17026.00)
route 21, node_num 4, cost 392.140000, nodes: 0(120000.00, 120000.00) 88 718 0(91990.00, 91990.00)
route 22, node_num 7, cost 896.252000, nodes: 0(120000.00, 120000.00) 97 104 403 795 161 0(55982.00, 55982.00)
route 23, node_num 6, cost 1219.106000, nodes: 0(120000.00, 120000.00) 102 366 295 846 0(32921.00, 32921.00)
route 24, node_num 8, cost 1682.506000, nodes: 0(120000.00, 120000.00) 105 173 446 292 482 1175(37638.00, 37817.00) 0(0.00, 0.00)
route 25, node_num 7, cost 1141.714000, nodes: 0(120000.00, 120000.00) 773 306 244 536 431 0(38449.00, 38449.00)
route 26, node_num 4, cost 1034.334000, nodes: 0(120000.00, 120000.00) 197 866 0(46119.00, 46119.00)
route 27, node_num 4, cost 544.348000, nodes: 0(120000.00, 120000.00) 124 713 0(81118.00, 81118.00)
route 28, node_num 7, cost 1971.480000, nodes: 0(120000.00, 120000.00) 1190(82075.00, 102895.00) 186 661 308 856 0(0.00, 0.00)
route 29, node_num 6, cost 1182.916000, nodes: 0(120000.00, 120000.00) 906 114 913 610 0(35506.00, 35506.00)
route 30, node_num 5, cost 1508.318000, nodes: 0(120000.00, 120000.00) 132 607 559 0(12263.00, 12263.00)
route 31, node_num 6, cost 1186.920000, nodes: 0(120000.00, 120000.00) 133 159 800 694 0(35220.00, 35220.00)
route 32, node_num 7, cost 1453.900000, nodes: 0(120000.00, 120000.00) 138 402 778 827 956 0(16150.00, 16150.00)
route 33, node_num 4, cost 679.476000, nodes: 0(120000.00, 120000.00) 140 970 0(71466.00, 71466.00)
route 34, node_num 4, cost 1255.002000, nodes: 0(120000.00, 120000.00) 143 61 0(30357.00, 30357.00)
route 35, node_num 6, cost 589.568000, nodes: 0(120000.00, 120000.00) 92 144 690 396 0(77888.00, 77888.00)
route 36, node_num 4, cost 1127.518000, nodes: 0(120000.00, 120000.00) 149 131 0(39463.00, 39463.00)
route 37, node_num 5, cost 1178.870000, nodes: 0(120000.00, 120000.00) 151 154 2 0(35795.00, 35795.00)
route 38, node_num 5, cost 722.064000, nodes: 0(120000.00, 120000.00) 158 924 72 0(68424.00, 68424.00)
route 39, node_num 7, cost 1444.842000, nodes: 0(120000.00, 120000.00) 1157(94699.00, 94699.00) 920 75 776 630 0(16797.00, 16797.00)
route 40, node_num 7, cost 1240.232000, nodes: 0(120000.00, 120000.00) 174 146 120 28 1081(54524.00, 54524.00) 0(31412.00, 31412.00)
route 41, node_num 6, cost 1222.732000, nodes: 0(120000.00, 120000.00) 181 552 236 591 0(32662.00, 32662.00)
route 42, node_num 6, cost 551.964000, nodes: 0(120000.00, 120000.00) 185 808 662 609 0(80574.00, 80574.00)
route 43, node_num 5, cost 1295.518000, nodes: 0(120000.00, 120000.00) 377 127 409 0(27463.00, 27463.00)
route 44, node_num 5, cost 1122.562000, nodes: 0(120000.00, 120000.00) 374 189 400 0(39817.00, 39817.00)
route 45, node_num 5, cost 1363.012000, nodes: 0(120000.00, 120000.00) 190 910 590 0(22642.00, 22642.00)
route 46, node_num 4, cost 1107.596000, nodes: 0(120000.00, 120000.00) 192 836 0(40886.00, 40886.00)
route 47, node_num 6, cost 1540.952000, nodes: 0(120000.00, 120000.00) 193 919 329 820 0(9932.00, 9932.00)
route 48, node_num 7, cost 1126.384000, nodes: 0(120000.00, 120000.00) 712 123 224 963 928 0(39544.00, 39544.00)
route 49, node_num 6, cost 1259.566000, nodes: 0(120000.00, 120000.00) 38 975 508 278 0(30031.00, 30031.00)
route 50, node_num 5, cost 507.262000, nodes: 0(120000.00, 120000.00) 477 204 978 0(83767.00, 83767.00)
route 51, node_num 6, cost 984.032000, nodes: 0(120000.00, 120000.00) 206 349 67 753 0(49712.00, 49712.00)
route 52, node_num 6, cost 1213.982000, nodes: 0(120000.00, 120000.00) 17 216 530 735 0(33287.00, 33287.00)
route 53, node_num 7, cost 1665.006000, nodes: 0(120000.00, 120000.00) 238 250 343 739 1117(22800.00, 22800.00) 0(1071.00, 1071.00)
route 54, node_num 7, cost 639.450000, nodes: 0(120000.00, 120000.00) 219 468 912 692 566 0(74325.00, 74325.00)
route 55, node_num 6, cost 1560.860000, nodes: 0(120000.00, 120000.00) 223 588 521 1124(53093.00, 53093.00) 0(8510.00, 8510.00)
route 56, node_num 6, cost 1104.950000, nodes: 0(120000.00, 120000.00) 225 634 677 242 0(41075.00, 41075.00)
route 57, node_num 7, cost 1745.996000, nodes: 0(120000.00, 120000.00) 484 264 90 500 1176(21737.00, 26451.00) 0(0.00, 0.00)
route 58, node_num 7, cost 1027.054000, nodes: 0(120000.00, 120000.00) 227 608 166 492 664 0(46639.00, 46639.00)
route 59, node_num 7, cost 765.520000, nodes: 0(120000.00, 120000.00) 228 729 26 670 100 0(65320.00, 65320.00)
route 60, node_num 7, cost 1903.832000, nodes: 0(120000.00, 120000.00) 230 411 849 233 1035(29784.00, 45772.00) 0(0.00, 0.00)
route 61, node_num 6, cost 1654.184000, nodes: 0(120000.00, 120000.00) 775 595 638 163 0(1844.00, 1844.00)
route 62, node_num 5, cost 1122.450000, nodes: 0(120000.00, 120000.00) 247 25 741 0(39825.00, 39825.00)
route 63, node_num 8, cost 1686.342000, nodes: 0(120000.00, 120000.00) 255 485 1154(47568.00, 47568.00) 209 135 1158(17586.00, 18039.00) 0(0.00, 0.00)
route 64, node_num 5, cost 1463.826000, nodes: 0(120000.00, 120000.00) 259 458 87 0(15441.00, 15441.00)
route 65, node_num 8, cost 549.612000, nodes: 0(120000.00, 120000.00) 260 451 215 606 495 721 0(80742.00, 80742.00)
route 66, node_num 7, cost 512.008000, nodes: 0(120000.00, 120000.00) 262 573 95 203 570 0(83428.00, 83428.00)
route 67, node_num 7, cost 871.094000, nodes: 0(120000.00, 120000.00) 837 79 351 870 668 0(57779.00, 57779.00)
route 68, node_num 4, cost 1481.704000, nodes: 0(120000.00, 120000.00) 270 169 0(14164.00, 14164.00)
route 69, node_num 5, cost 1276.772000, nodes: 0(120000.00, 120000.00) 274 76 184 0(28802.00, 28802.00)
route 70, node_num 5, cost 969.710000, nodes: 0(120000.00, 120000.00) 290 528 29 0(50735.00, 50735.00)
route 71, node_num 8, cost 529.788000, nodes: 0(120000.00, 120000.00) 294 851 367 751 522 48 0(82158.00, 82158.00)
route 72, node_num 9, cost 2010.778000, nodes: 0(120000.00, 120000.00) 298 555 302 1199(42824.00, 42824.00) 483 118 1099(32038.00, 55665.00) 0(0.00, 0.00)
route 73, node_num 6, cost 1009.162000, nodes: 0(120000.00, 120000.00) 303 843 319 618 0(47917.00, 47917.00)
route 74, node_num 5, cost 1119.706000, nodes: 0(120000.00, 120000.00) 305 831 691 0(40021.00, 40021.00)
route 75, node_num 6, cost 1663.032000, nodes: 0(120000.00, 120000.00) 315 330 505 1050(50843.00, 50843.00) 0(1212.00, 1212.00)
route 76, node_num 8, cost 1974.518000, nodes: 0(120000.00, 120000.00) 321 427 525 128 755 1145(4865.00, 25902.00) 0(0.00, 0.00)
route 77, node_num 6, cost 938.602000, nodes: 0(120000.00, 120000.00) 199 322 647 653 0(52957.00, 52957.00)
route 78, node_num 6, cost 1406.104000, nodes: 0(120000.00, 120000.00) 328 916 99 696 0(19564.00, 19564.00)
route 79, node_num 4, cost 1316.742000, nodes: 0(120000.00, 120000.00) 332 139 0(25947.00, 25947.00)
route 80, node_num 5, cost 432.768000, nodes: 0(120000.00, 120000.00) 333 165 183 0(89088.00, 89088.00)
route 81, node_num 6, cost 1630.902000, nodes: 0(120000.00, 120000.00) 336 966 950 603 0(3507.00, 3507.00)
route 82, node_num 8, cost 1768.116000, nodes: 0(120000.00, 120000.00) 338 365 1001(77630.00, 83924.00) 5 207 933 0(0.00, 0.00)
route 83, node_num 5, cost 920.948000, nodes: 0(120000.00, 120000.00) 557 394 388 0(54218.00, 54218.00)
route 84, node_num 6, cost 1653.960000, nodes: 0(120000.00, 120000.00) 340 352 669 475 0(1860.00, 1860.00)
route 85, node_num 6, cost 1042.062000, nodes: 0(120000.00, 120000.00) 716 345 862 748 0(45567.00, 45567.00)
route 86, node_num 7, cost 1827.532000, nodes: 0(120000.00, 120000.00) 350 605 1146(72106.00, 82644.00) 318 766 0(0.00, 0.00)
route 87, node_num 5, cost 1370.236000, nodes: 0(120000.00, 120000.00) 354 762 267 0(22126.00, 22126.00)
route 88, node_num 7, cost 2153.914000, nodes: 0(120000.00, 120000.00) 413 432 49 602 1008(20430.00, 54281.00) 0(0.00, 0.00)
route 89, node_num 5, cost 912.198000, nodes: 0(120000.00, 120000.00) 939 569 994 0(54843.00, 54843.00)
route 90, node_num 6, cost 795.312000, nodes: 0(120000.00, 120000.00) 363 619 980 47 0(63192.00, 63192.00)
route 91, node_num 5, cost 782.530000, nodes: 0(120000.00, 120000.00) 364 237 892 0(64105.00, 64105.00)
route 92, node_num 6, cost 1584.898000, nodes: 0(120000.00, 120000.00) 1143(90980.00, 90980.00) 371 770 119 0(6793.00, 6793.00)
route 93, node_num 9, cost 1815.576000, nodes: 0(120000.00, 120000.00) 372 454 1027(85325.00, 85325.00) 304 903 990 1077(32792.00, 42476.00) 0(0.00, 0.00)
route 94, node_num 5, cost 764.708000, nodes: 0(120000.00, 120000.00) 905 543 121 0(65378.00, 65378.00)
route 95, node_num 7, cost 1108.856000, nodes: 0(120000.00, 120000.00) 386 922 383 434 838 0(40796.00, 40796.00)
route 96, node_num 7, cost 1763.076000, nodes: 0(120000.00, 120000.00) 395 282 575 194 1114(31682.00, 37616.00) 0(0.00, 0.00)
route 97, node_num 6, cost 1579.872000, nodes: 0(120000.00, 120000.00) 399 50 774 1048(31849.00, 31849.00) 0(7152.00, 7152.00)
route 98, node_num 7, cost 1758.050000, nodes: 0(120000.00, 120000.00) 405 623 881 583 1172(37342.00, 42917.00) 0(0.00, 0.00)
route 99, node_num 7, cost 1257.928000, nodes: 0(120000.00, 120000.00) 265 633 553 313 433 0(30148.00, 30148.00)
route 100, node_num 6, cost 1257.550000, nodes: 0(120000.00, 120000.00) 428 356 108 251 0(30175.00, 30175.00)
route 101, node_num 7, cost 1737.204000, nodes: 0(120000.00, 120000.00) 429 423 421 526 1061(38932.00, 43018.00) 0(0.00, 0.00)
route 102, node_num 6, cost 380.604000, nodes: 0(120000.00, 120000.00) 220 777 501 359 0(92814.00, 92814.00)
route 103, node_num 5, cost 947.758000, nodes: 0(120000.00, 120000.00) 436 341 145 0(52303.00, 52303.00)
route 104, node_num 8, cost 624.008000, nodes: 0(120000.00, 120000.00) 439 988 914 953 593 134 0(75428.00, 75428.00)
route 105, node_num 7, cost 635.600000, nodes: 0(120000.00, 120000.00) 226 443 309 790 51 0(74600.00, 74600.00)
route 106, node_num 7, cost 1299.830000, nodes: 0(120000.00, 120000.00) 445 649 804 513 686 0(27155.00, 27155.00)
route 107, node_num 8, cost 1760.416000, nodes: 0(120000.00, 120000.00) 449 549 665 245 840 1198(35500.00, 41244.00) 0(0.00, 0.00)
route 108, node_num 7, cost 1801.352000, nodes: 0(120000.00, 120000.00) 455 1020(40774.00, 40774.00) 266 191 1113(2421.00, 11089.00) 0(0.00, 0.00)
route 109, node_num 7, cost 876.414000, nodes: 0(120000.00, 120000.00) 461 828 639 759 587 0(57399.00, 57399.00)
route 110, node_num 7, cost 1567.384000, nodes: 0(120000.00, 120000.00) 464 66 698 435 1160(47117.00, 47117.00) 0(8044.00, 8044.00)
route 111, node_num 6, cost 821.534000, nodes: 0(120000.00, 120000.00) 471 418 208 385 0(61319.00, 61319.00)
route 112, node_num 8, cost 533.330000, nodes: 0(120000.00, 120000.00) 473 993 291 636 489 819 0(81905.00, 81905.00)
route 113, node_num 5, cost 693.154000, nodes: 0(120000.00, 120000.00) 205 727 884 0(70489.00, 70489.00)
route 114, node_num 8, cost 1822.730000, nodes: 0(120000.00, 120000.00) 478 876 391 754 11 1133(2743.00, 12938.00) 0(0.00, 0.00)
route 115, node_num 7, cost 1510.292000, nodes: 0(120000.00, 120000.00) 1192(87550.00, 87550.00) 480 750 109 170 0(12122.00, 12122.00)
route 116, node_num 6, cost 1460.438000, nodes: 0(120000.00, 120000.00) 64 703 462 614 0(15683.00, 15683.00)
route 117, node_num 6, cost 1133.202000, nodes: 0(120000.00, 120000.00) 488 59 310 529 0(39057.00, 39057.00)
route 118, node_num 5, cost 507.066000, nodes: 0(120000.00, 120000.00) 498 852 337 0(83781.00, 83781.00)
route 119, node_num 6, cost 1098.342000, nodes: 0(120000.00, 120000.00) 499 268 560 474 0(41547.00, 41547.00)
route 120, node_num 7, cost 1883.602000, nodes: 0(120000.00, 120000.00) 506 711 249 60 1075(23274.00, 37817.00) 0(0.00, 0.00)
route 121, node_num 5, cost 1067.276000, nodes: 0(120000.00, 120000.00) 510 370 41 0(43766.00, 43766.00)
route 122, node_num 7, cost 1370.740000, nodes: 0(120000.00, 120000.00) 511 931 976 597 63 0(22090.00, 22090.00)
route 123, node_num 6, cost 883.974000, nodes: 0(120000.00, 120000.00) 542 749 515 182 0(56859.00, 56859.00)
route 124, node_num 7, cost 1455.762000, nodes: 0(120000.00, 120000.00) 419 9 747 112 1132(49984.00, 49984.00) 0(16017.00, 16017.00)
route 125, node_num 7, cost 1876.686000, nodes: 0(120000.00, 120000.00) 520 422 453 805 1021(25178.00, 39227.00) 0(0.00, 0.00)
route 126, node_num 9, cost 1825.292000, nodes: 0(120000.00, 120000.00) 533 1109(81656.00, 81656.00) 568 816 111 519 1002(13749.00, 24127.00) 0(0.00, 0.00)
route 127, node_num 8, cost 1117.018000, nodes: 0(120000.00, 120000.00) 535 368 695 91 375 323 0(40213.00, 40213.00)
route 128, node_num 5, cost 986.818000, nodes: 0(120000.00, 120000.00) 540 397 442 0(49513.00, 49513.00)
route 129, node_num 6, cost 536.242000, nodes: 0(120000.00, 120000.00) 516 767 985 96 0(81697.00, 81697.00)
route 130, node_num 9, cost 2014.656000, nodes: 0(120000.00, 120000.00) 551 728 1062(53430.00, 53430.00) 504 496 898 1045(1998.00, 25902.00) 0(0.00, 0.00)
route 131, node_num 5, cost 1014.510000, nodes: 0(120000.00, 120000.00) 989 571 987 0(47535.00, 47535.00)
route 132, node_num 7, cost 1590.792000, nodes: 0(120000.00, 120000.00) 577 873 69 760 1132(40339.00, 40339.00) 0(6372.00, 6372.00)
route 133, node_num 7, cost 1602.846000, nodes: 0(120000.00, 120000.00) 710 579 996 848 1132(39478.00, 39478.00) 0(5511.00, 5511.00)
route 134, node_num 8, cost 797.664000, nodes: 0(120000.00, 120000.00) 580 288 130 273 674 854 0(63024.00, 63024.00)
route 135, node_num 7, cost 1668.422000, nodes: 0(120000.00, 120000.00) 1156(92144.00, 92144.00) 578 452 934 57 0(827.00, 827.00)
route 136, node_num 7, cost 1687.378000, nodes: 0(120000.00, 120000.00) 699 726 467 714 1175(37290.00, 37817.00) 0(0.00, 0.00)
route 137, node_num 7, cost 1342.026000, nodes: 0(120000.00, 120000.00) 600 945 40 701 949 0(24141.00, 24141.00)
route 138, node_num 8, cost 1110.102000, nodes: 0(120000.00, 120000.00) 611 68 659 324 347 254 0(40707.00, 40707.00)
route 139, node_num 8, cost 1735.146000, nodes: 0(120000.00, 120000.00) 613 818 643 826 821 1121(35288.00, 39227.00) 0(0.00, 0.00)
route 140, node_num 7, cost 1561.868000, nodes: 0(120000.00, 120000.00) 616 115 71 681 353 0(8438.00, 8438.00)
route 141, node_num 8, cost 2021.838000, nodes: 0(120000.00, 120000.00) 617 841 968 54 678 1136(8834.00, 33251.00) 0(0.00, 0.00)
route 142, node_num 7, cost 2032.184000, nodes: 0(120000.00, 120000.00) 620 407 817 771 1110(18041.00, 43197.00) 0(0.00, 0.00)
route 143, node_num 6, cost 496.510000, nodes: 0(120000.00, 120000.00) 460 656 93 815 0(84535.00, 84535.00)
route 144, node_num 6, cost 1279.922000, nodes: 0(120000.00, 120000.00) 628 797 297 13 0(28577.00, 28577.00)
route 145, node_num 7, cost 1463.518000, nodes: 0(120000.00, 120000.00) 631 984 470 217 830 0(15463.00, 15463.00)
route 146, node_num 6, cost 1381.926000, nodes: 0(120000.00, 120000.00) 632 137 37 652 0(21291.00, 21291.00)
route 147, node_num 7, cost 1635.578000, nodes: 0(120000.00, 120000.00) 1192(87550.00, 87550.00) 637 915 437 958 0(3173.00, 3173.00)
route 148, node_num 7, cost 1837.346000, nodes: 0(120000.00, 120000.00) 644 894 657 457 1106(24999.00, 36238.00) 0(0.00, 0.00)
route 149, node_num 5, cost 738.934000, nodes: 0(120000.00, 120000.00) 926 803 562 0(67219.00, 67219.00)
route 150, node_num 7, cost 1591.954000, nodes: 0(120000.00, 120000.00) 70 650 497 389 1006(42527.00, 42527.00) 0(6289.00, 6289.00)
route 151, node_num 6, cost 1057.602000, nodes: 0(120000.00, 120000.00) 651 940 874 545 0(44457.00, 44457.00)
route 152, node_num 5, cost 1418.746000, nodes: 0(120000.00, 120000.00) 625 688 531 0(18661.00, 18661.00)
route 153, node_num 5, cost 1458.548000, nodes: 0(120000.00, 120000.00) 671 786 517 0(15818.00, 15818.00)
route 154, node_num 7, cost 1609.482000, nodes: 0(120000.00, 120000.00) 680 732 564 598 1093(19127.00, 19127.00) 0(5037.00, 5037.00)
route 155, node_num 8, cost 1535.884000, nodes: 0(120000.00, 120000.00) 683 56 167 327 493 1132(44261.00, 44261.00) 0(10294.00, 10294.00)
route 156, node_num 8, cost 1644.622000, nodes: 0(120000.00, 120000.00) 687 241 481 414 381 1111(25699.00, 25699.00) 0(2527.00, 2527.00)
route 157, node_num 5, cost 1258.768000, nodes: 0(120000.00, 120000.00) 689 6 736 0(30088.00, 30088.00)
route 158, node_num 7, cost 1335.614000, nodes: 0(120000.00, 120000.00) 693 911 214 73 1031(57264.00, 57264.00) 0(24599.00, 24599.00)
route 159, node_num 7, cost 1195.166000, nodes: 0(120000.00, 120000.00) 702 360 147 387 675 0(34631.00, 34631.00)
route 160, node_num 8, cost 1823.052000, nodes: 0(120000.00, 120000.00) 704 284 554 444 737 1003(11981.00, 22199.00) 0(0.00, 0.00)
route 161, node_num 8, cost 598.402000, nodes: 0(120000.00, 120000.00) 707 317 899 929 627 425 0(77257.00, 77257.00)
route 162, node_num 8, cost 1866.550000, nodes: 0(120000.00, 120000.00) 709 672 538 392 252 1017(8404.00, 21729.00) 0(0.00, 0.00)
route 163, node_num 7, cost 1573.586000, nodes: 0(120000.00, 120000.00) 783 355 175 212 1093(21691.00, 21691.00) 0(7601.00, 7601.00)
route 164, node_num 5, cost 1002.050000, nodes: 0(120000.00, 120000.00) 299 301 925 0(48425.00, 48425.00)
route 165, node_num 6, cost 1566.194000, nodes: 0(120000.00, 120000.00) 655 277 973 539 0(8129.00, 8129.00)
route 166, node_num 6, cost 1054.312000, nodes: 0(120000.00, 120000.00) 717 622 779 784 0(44692.00, 44692.00)
route 167, node_num 7, cost 1347.332000, nodes: 0(120000.00, 120000.00) 723 44 895 758 891 0(23762.00, 23762.00)
route 168, node_num 7, cost 1351.476000, nodes: 0(120000.00, 120000.00) 724 210 948 715 229 0(23466.00, 23466.00)
route 169, node_num 6, cost 1013.992000, nodes: 0(120000.00, 120000.00) 430 935 15 541 0(47572.00, 47572.00)
route 170, node_num 6, cost 1302.938000, nodes: 0(120000.00, 120000.00) 742 887 86 344 0(26933.00, 26933.00)
route 171, node_num 6, cost 1837.234000, nodes: 0(120000.00, 120000.00) 880 547 1012(41925.00, 53156.00) 110 0(0.00, 0.00)
route 172, node_num 6, cost 1188.600000, nodes: 0(120000.00, 120000.00) 752 486 136 601 0(35100.00, 35100.00)
route 173, node_num 6, cost 1532.944000, nodes: 0(120000.00, 120000.00) 756 369 676 213 0(10504.00, 10504.00)
route 174, node_num 5, cost 1559.978000, nodes: 0(120000.00, 120000.00) 757 509 743 0(8573.00, 8573.00)
route 175, node_num 6, cost 1539.524000, nodes: 0(120000.00, 120000.00) 761 907 53 94 0(10034.00, 10034.00)
route 176, node_num 8, cost 1952.636000, nodes: 0(120000.00, 120000.00) 765 896 788 117 794 1188(16757.00, 36231.00) 0(0.00, 0.00)
route 177, node_num 5, cost 1330.154000, nodes: 0(120000.00, 120000.00) 772 740 642 0(24989.00, 24989.00)
route 178, node_num 7, cost 1899.226000, nodes: 0(120000.00, 120000.00) 122 909 621 346 1195(39152.00, 54811.00) 0(0.00, 0.00)
route 179, node_num 7, cost 1697.136000, nodes: 0(120000.00, 120000.00) 168 952 125 155 1132(32743.00, 33967.00) 0(0.00, 0.00)
route 180, node_num 9, cost 1953.798000, nodes: 0(120000.00, 120000.00) 781 1053(83359.00, 83359.00) 592 3 861 410 1135(26215.00, 45772.00) 0(0.00, 0.00)
route 181, node_num 7, cost 2058.084000, nodes: 0(120000.00, 120000.00) 801 954 160 248 1095(27805.00, 54811.00) 0(0.00, 0.00)
route 182, node_num 5, cost 1052.394000, nodes: 0(120000.00, 120000.00) 787 412 417 0(44829.00, 44829.00)
route 183, node_num 6, cost 1502.970000, nodes: 0(120000.00, 120000.00) 789 211 961 33 0(12645.00, 12645.00)
route 184, node_num 7, cost 2070.810000, nodes: 0(120000.00, 120000.00) 791 16 406 624 1108(26366.00, 54281.00) 0(0.00, 0.00)
route 185, node_num 7, cost 1265.082000, nodes: 0(120000.00, 120000.00) 792 871 942 700 30 0(29637.00, 29637.00)
route 186, node_num 7, cost 1771.252000, nodes: 0(120000.00, 120000.00) 793 276 287 1004(29547.00, 36065.00) 10 0(0.00, 0.00)
route 187, node_num 6, cost 1027.124000, nodes: 0(120000.00, 120000.00) 269 901 943 384 0(46634.00, 46634.00)
route 188, node_num 7, cost 1060.836000, nodes: 0(120000.00, 120000.00) 798 83 556 34 106 0(44226.00, 44226.00)
route 189, node_num 7, cost 1523.284000, nodes: 0(120000.00, 120000.00) 809 807 440 684 1014(48810.00, 48810.00) 0(11194.00, 11194.00)
route 190, node_num 6, cost 738.388000, nodes: 0(120000.00, 120000.00) 586 491 937 180 0(67258.00, 67258.00)
route 191, node_num 6, cost 1520.064000, nodes: 0(120000.00, 120000.00) 576 879 85 416 0(11424.00, 11424.00)
route 192, node_num 8, cost 1770.188000, nodes: 0(120000.00, 120000.00) 814 832 380 850 1052(34460.00, 40902.00) 232 0(0.00, 0.00)
route 193, node_num 5, cost 1356.068000, nodes: 0(120000.00, 120000.00) 822 640 981 0(23138.00, 23138.00)
route 194, node_num 8, cost 1549.982000, nodes: 0(120000.00, 120000.00) 824 660 645 957 342 1032(43254.00, 43254.00) 0(9287.00, 9287.00)
route 195, node_num 7, cost 1673.196000, nodes: 0(120000.00, 120000.00) 825 314 524 666 581 0(486.00, 486.00)
route 196, node_num 6, cost 1387.736000, nodes: 0(120000.00, 120000.00) 829 574 21 512 0(20876.00, 20876.00)
route 197, node_num 7, cost 1923.516000, nodes: 0(120000.00, 120000.00) 796 977 22 296 1088(18837.00, 36231.00) 0(0.00, 0.00)
route 198, node_num 5, cost 1475.348000, nodes: 0(120000.00, 120000.00) 839 253 152 0(14618.00, 14618.00)
route 199, node_num 5, cost 1568.266000, nodes: 0(120000.00, 120000.00) 855 494 390 0(7981.00, 7981.00)
route 200, node_num 8, cost 716.898000, nodes: 0(120000.00, 120000.00) 857 283 974 546 32 941 0(68793.00, 68793.00)
route 201, node_num 7, cost 1822.044000, nodes: 0(120000.00, 120000.00) 859 667 900 998 1177(32330.00, 42476.00) 0(0.00, 0.00)
route 202, node_num 6, cost 748.916000, nodes: 0(120000.00, 120000.00) 745 842 479 200 0(66506.00, 66506.00)
route 203, node_num 7, cost 1386.490000, nodes: 0(120000.00, 120000.00) 864 523 565 823 1180(55893.00, 55893.00) 0(20965.00, 20965.00)
route 204, node_num 5, cost 461.664000, nodes: 0(120000.00, 120000.00) 868 4 835 0(87024.00, 87024.00)
route 205, node_num 6, cost 1587.278000, nodes: 0(120000.00, 120000.00) 869 157 967 221 0(6623.00, 6623.00)
route 206, node_num 6, cost 1605.184000, nodes: 0(120000.00, 120000.00) 872 415 401 257 0(5344.00, 5344.00)
route 207, node_num 6, cost 1374.058000, nodes: 0(120000.00, 120000.00) 883 1 239 101 0(21853.00, 21853.00)
route 208, node_num 8, cost 586.600000, nodes: 0(120000.00, 120000.00) 886 889 89 408 361 311 0(78100.00, 78100.00)
route 209, node_num 7, cost 1732.360000, nodes: 0(120000.00, 120000.00) 893 373 706 673 1191(10684.00, 14424.00) 0(0.00, 0.00)
route 210, node_num 8, cost 1870.330000, nodes: 0(120000.00, 120000.00) 904 999 187 222 275 1103(8604.00, 22199.00) 0(0.00, 0.00)
route 211, node_num 6, cost 1009.176000, nodes: 0(120000.00, 120000.00) 129 424 107 782 0(47916.00, 47916.00)
route 212, node_num 8, cost 1019.494000, nodes: 0(120000.00, 120000.00) 908 256 589 1000 198 171 0(47179.00, 47179.00)
route 213, node_num 6, cost 1109.136000, nodes: 0(120000.00, 120000.00) 550 335 594 604 0(40776.00, 40776.00)
route 214, node_num 6, cost 1031.632000, nodes: 0(120000.00, 120000.00) 921 558 764 834 0(46312.00, 46312.00)
route 215, node_num 7, cost 1159.298000, nodes: 0(120000.00, 120000.00) 927 738 682 379 235 0(37193.00, 37193.00)
route 216, node_num 6, cost 1677.788000, nodes: 0(120000.00, 120000.00) 995 918 272 1176(26609.00, 26609.00) 0(158.00, 158.00)
route 217, node_num 6, cost 1442.210000, nodes: 0(120000.00, 120000.00) 362 43 103 178 0(16985.00, 16985.00)
route 218, node_num 7, cost 1101.688000, nodes: 0(120000.00, 120000.00) 944 845 24 658 708 0(41308.00, 41308.00)
route 219, node_num 6, cost 862.498000, nodes: 0(120000.00, 120000.00) 946 98 930 697 0(58393.00, 58393.00)
route 220, node_num 6, cost 1602.006000, nodes: 0(120000.00, 120000.00) 36 357 331 799 0(5571.00, 5571.00)
route 221, node_num 8, cost 1853.810000, nodes: 0(120000.00, 120000.00) 951 441 281 890 476 1025(29675.00, 42090.00) 0(0.00, 0.00)
route 222, node_num 5, cost 1312.976000, nodes: 0(120000.00, 120000.00) 955 584 646 0(26216.00, 26216.00)
route 223, node_num 6, cost 1134.336000, nodes: 0(120000.00, 120000.00) 959 234 544 813 0(38976.00, 38976.00)
route 224, node_num 8, cost 518.084000, nodes: 0(120000.00, 120000.00) 960 888 231 195 81 725 0(82994.00, 82994.00)
route 225, node_num 8, cost 1613.234000, nodes: 0(120000.00, 120000.00) 965 865 19 964 769 1163(27048.00, 27048.00) 0(4769.00, 4769.00)
route 226, node_num 4, cost 567.280000, nodes: 0(120000.00, 120000.00) 969 74 0(79480.00, 79480.00)
route 227, node_num 8, cost 688.534000, nodes: 0(120000.00, 120000.00) 971 459 142 334 393 153 0(70819.00, 70819.00)
route 228, node_num 7, cost 1930.208000, nodes: 0(120000.00, 120000.00) 860 731 456 563 1036(15379.00, 33251.00) 0(0.00, 0.00)
route 229, node_num 6, cost 805.686000, nodes: 0(120000.00, 120000.00) 986 833 243 7 0(62451.00, 62451.00)
route 230, node_num 4, cost 541.184000, nodes: 0(120000.00, 120000.00) 972 465 0(81344.00, 81344.00)
route 231, node_num 6, cost 1759.562000, nodes: 0(120000.00, 120000.00) 733 663 596 1024(38900.00, 44583.00) 0(0.00, 0.00)
route 232, node_num 7, cost 2028.544000, nodes: 0(120000.00, 120000.00) 326 261 730 527 1076(1555.00, 26451.00) 0(0.00, 0.00)
route 233, node_num 8, cost 1649.634000, nodes: 0(120000.00, 120000.00) 1018(84742.00, 84742.00) 537 438 858 258 271 0(2169.00, 2169.00)
route 234, node_num 8, cost 1608.922000, nodes: 0(120000.00, 120000.00) 1042(87408.00, 87408.00) 582 447 176 202 780 0(5077.00, 5077.00)
route 235, node_num 7, cost 1759.366000, nodes: 0(120000.00, 120000.00) 1044(106638.00, 112307.00) 720 847 722 316 0(0.00, 0.00)
route 236, node_num 7, cost 1708.532000, nodes: 0(120000.00, 120000.00) 246 561 358 785 1049(23778.00, 25816.00) 0(0.00, 0.00)
route 237, node_num 5, cost 1071.378000, nodes: 0(120000.00, 120000.00) 469 285 487 0(43473.00, 43473.00)
route 238, node_num 7, cost 1395.422000, nodes: 0(120000.00, 120000.00) 312 320 878 936 534 0(20327.00, 20327.00)
route 239, node_num 7, cost 1740.550000, nodes: 0(120000.00, 120000.00) 599 46 280 382 1054(38633.00, 42958.00) 0(0.00, 0.00)
route 240, node_num 7, cost 1851.192000, nodes: 0(120000.00, 120000.00) 1085(97648.00, 120000.00) 426 983 548 325 0(10124.00, 10124.00)
route 241, node_num 6, cost 1559.726000, nodes: 0(120000.00, 120000.00) 376 923 179 982 0(8591.00, 8591.00)
route 242, node_num 8, cost 1745.506000, nodes: 0(120000.00, 120000.00) 1089(96547.00, 101226.00) 612 188 654 810 806 0(0.00, 0.00)
route 243, node_num 7, cost 1190.798000, nodes: 0(120000.00, 120000.00) 932 768 902 705 626 0(34943.00, 34943.00)
route 244, node_num 9, cost 1685.278000, nodes: 0(120000.00, 120000.00) 1092(87550.00, 87550.00) 448 177 80 867 1126(66451.00, 66828.00) 45 0(0.00, 0.00)
route 245, node_num 7, cost 1524.166000, nodes: 0(120000.00, 120000.00) 1100(113397.00, 113397.00) 502 992 979 897 0(11131.00, 11131.00)
route 246, node_num 7, cost 1744.736000, nodes: 0(120000.00, 120000.00) 1143(90980.00, 95604.00) 148 853 514 877 0(0.00, 0.00)
route 247, node_num 7, cost 1607.130000, nodes: 0(120000.00, 120000.00) 811 991 116 12 1080(40133.00, 40133.00) 0(5205.00, 5205.00)
route 248, node_num 6, cost 1383.242000, nodes: 0(120000.00, 120000.00) 420 82 466 84 0(21197.00, 21197.00)
vehicle (route) number: 249
Total cost: 399404.62
399404.62, 16222.92
