Details of the solution:
route 0, node_num 5, cost 1470.658000, nodes: 0(120000.00, 120000.00) 1 303 730 0(14953.00, 14953.00)
route 1, node_num 7, cost 1250.802000, nodes: 0(120000.00, 120000.00) 450 8 298 60 86 0(30657.00, 30657.00)
route 2, node_num 8, cost 1816.388000, nodes: 0(120000.00, 120000.00) 1129(89163.00, 98905.00) 967 418 818 918 80 0(0.00, 0.00)
route 3, node_num 7, cost 1848.798000, nodes: 0(120000.00, 120000.00) 16 598 954 1026(21126.00, 33183.00) 161 0(0.00, 0.00)
route 4, node_num 6, cost 1256.584000, nodes: 0(120000.00, 120000.00) 21 18 287 406 0(30244.00, 30244.00)
route 5, node_num 6, cost 337.246000, nodes: 0(120000.00, 120000.00) 670 689 347 462 0(95911.00, 95911.00)
route 6, node_num 4, cost 1043.112000, nodes: 0(120000.00, 120000.00) 22 169 0(45492.00, 45492.00)
route 7, node_num 7, cost 1671.138000, nodes: 0(120000.00, 120000.00) 56 383 106 840 1114(45383.00, 45383.00) 0(633.00, 633.00)
route 8, node_num 5, cost 1377.936000, nodes: 0(120000.00, 120000.00) 24 193 739 0(21576.00, 21576.00)
route 9, node_num 6, cost 1490.048000, nodes: 0(120000.00, 120000.00) 30 895 620 288 0(13568.00, 13568.00)
route 10, node_num 6, cost 1312.430000, nodes: 0(120000.00, 120000.00) 36 113 10 937 0(26255.00, 26255.00)
route 11, node_num 5, cost 631.694000, nodes: 0(120000.00, 120000.00) 98 65 7 0(74879.00, 74879.00)
route 12, node_num 8, cost 1607.382000, nodes: 0(120000.00, 120000.00) 1132(86549.00, 98549.00) 513 51 877 935 478 0(17187.00, 17187.00)
route 13, node_num 5, cost 848.736000, nodes: 0(120000.00, 120000.00) 759 234 558 0(59376.00, 59376.00)
route 14, node_num 8, cost 1243.256000, nodes: 0(120000.00, 120000.00) 885 801 263 957 972 771 0(31196.00, 31196.00)
route 15, node_num 6, cost 1139.306000, nodes: 0(120000.00, 120000.00) 375 64 721 871 0(38621.00, 38621.00)
route 16, node_num 6, cost 1661.114000, nodes: 0(120000.00, 120000.00) 79 160 285 197 0(1349.00, 1349.00)
route 17, node_num 9, cost 1902.516000, nodes: 0(120000.00, 120000.00) 81 1059(80897.00, 80897.00) 941 476 215 947 1103(27124.00, 43018.00) 0(0.00, 0.00)
route 18, node_num 8, cost 1903.818000, nodes: 0(120000.00, 120000.00) 83 125 619 45 776 1175(22863.00, 38850.00) 0(0.00, 0.00)
route 19, node_num 6, cost 1610.252000, nodes: 0(120000.00, 120000.00) 560 87 435 308 0(4982.00, 4982.00)
route 20, node_num 8, cost 1534.932000, nodes: 0(120000.00, 120000.00) 90 155 150 524 55 1164(30545.00, 30545.00) 0(10362.00, 10362.00)
route 21, node_num 7, cost 1161.356000, nodes: 0(120000.00, 120000.00) 103 68 928 122 597 0(37046.00, 37046.00)
route 22, node_num 5, cost 1383.494000, nodes: 0(120000.00, 120000.00) 105 950 892 0(21179.00, 21179.00)
route 23, node_num 6, cost 1189.244000, nodes: 0(120000.00, 120000.00) 772 637 447 117 0(35054.00, 35054.00)
route 24, node_num 7, cost 975.968000, nodes: 0(120000.00, 120000.00) 108 601 102 255 171 0(50288.00, 50288.00)
route 25, node_num 6, cost 528.122000, nodes: 0(120000.00, 120000.00) 109 993 726 451 0(82277.00, 82277.00)
route 26, node_num 6, cost 1027.712000, nodes: 0(120000.00, 120000.00) 110 246 645 271 0(46592.00, 46592.00)
route 27, node_num 6, cost 1578.276000, nodes: 0(120000.00, 120000.00) 640 589 365 52 0(7266.00, 7266.00)
route 28, node_num 6, cost 1649.760000, nodes: 0(120000.00, 120000.00) 132 120 76 265 0(2160.00, 2160.00)
route 29, node_num 7, cost 997.094000, nodes: 0(120000.00, 120000.00) 817 989 943 891 187 0(48779.00, 48779.00)
route 30, node_num 6, cost 1597.960000, nodes: 0(120000.00, 120000.00) 1025(97482.00, 97482.00) 951 828 274 0(5860.00, 5860.00)
route 31, node_num 6, cost 912.044000, nodes: 0(120000.00, 120000.00) 317 313 501 361 0(54854.00, 54854.00)
route 32, node_num 4, cost 551.026000, nodes: 0(120000.00, 120000.00) 154 142 0(80641.00, 80641.00)
route 33, node_num 7, cost 1466.094000, nodes: 0(120000.00, 120000.00) 932 859 242 991 686 0(15279.00, 15279.00)
route 34, node_num 7, cost 997.528000, nodes: 0(120000.00, 120000.00) 403 515 72 711 156 0(48748.00, 48748.00)
route 35, node_num 3, cost 244.902000, nodes: 0(120000.00, 120000.00) 850 0(102507.00, 102507.00)
route 36, node_num 5, cost 1435.252000, nodes: 0(120000.00, 120000.00) 148 100 332 0(17482.00, 17482.00)
route 37, node_num 6, cost 1487.262000, nodes: 0(120000.00, 120000.00) 180 183 985 946 0(13767.00, 13767.00)
route 38, node_num 6, cost 1610.266000, nodes: 0(120000.00, 120000.00) 660 958 143 774 0(4981.00, 4981.00)
route 39, node_num 4, cost 186.592000, nodes: 0(120000.00, 120000.00) 189 970 0(106672.00, 106672.00)
route 40, node_num 6, cost 1334.690000, nodes: 0(120000.00, 120000.00) 191 179 222 207 0(24665.00, 24665.00)
route 41, node_num 8, cost 1510.278000, nodes: 0(120000.00, 120000.00) 1155(98377.00, 98377.00) 204 339 974 968 411 0(12123.00, 12123.00)
route 42, node_num 6, cost 741.818000, nodes: 0(120000.00, 120000.00) 206 326 512 14 0(67013.00, 67013.00)
route 43, node_num 5, cost 1163.498000, nodes: 0(120000.00, 120000.00) 211 953 646 0(36893.00, 36893.00)
route 44, node_num 6, cost 1029.546000, nodes: 0(120000.00, 120000.00) 654 732 504 596 0(46461.00, 46461.00)
route 45, node_num 5, cost 1135.946000, nodes: 0(120000.00, 120000.00) 213 763 625 0(38861.00, 38861.00)
route 46, node_num 7, cost 1562.764000, nodes: 0(120000.00, 120000.00) 224 880 436 843 783 0(8374.00, 8374.00)
route 47, node_num 7, cost 1754.368000, nodes: 0(120000.00, 120000.00) 607 528 397 269 1183(24299.00, 29611.00) 0(0.00, 0.00)
route 48, node_num 8, cost 1030.414000, nodes: 0(120000.00, 120000.00) 228 2 139 631 387 748 0(46399.00, 46399.00)
route 49, node_num 6, cost 1457.834000, nodes: 0(120000.00, 120000.00) 230 66 245 352 0(15869.00, 15869.00)
route 50, node_num 7, cost 1620.374000, nodes: 0(120000.00, 120000.00) 233 780 337 904 778 0(4259.00, 4259.00)
route 51, node_num 4, cost 351.904000, nodes: 0(120000.00, 120000.00) 249 290 0(94864.00, 94864.00)
route 52, node_num 5, cost 910.896000, nodes: 0(120000.00, 120000.00) 341 417 551 0(54936.00, 54936.00)
route 53, node_num 6, cost 1634.836000, nodes: 0(120000.00, 120000.00) 257 69 632 402 0(3226.00, 3226.00)
route 54, node_num 3, cost 56.476000, nodes: 0(120000.00, 120000.00) 138 0(115966.00, 115966.00)
route 55, node_num 7, cost 516.642000, nodes: 0(120000.00, 120000.00) 277 111 983 295 488 0(83097.00, 83097.00)
route 56, node_num 5, cost 1176.364000, nodes: 0(120000.00, 120000.00) 31 659 388 0(35974.00, 35974.00)
route 57, node_num 8, cost 1594.684000, nodes: 0(120000.00, 120000.00) 294 698 606 758 786 903 0(6094.00, 6094.00)
route 58, node_num 7, cost 811.104000, nodes: 0(120000.00, 120000.00) 300 475 751 1000 270 0(62064.00, 62064.00)
route 59, node_num 8, cost 1638.308000, nodes: 0(120000.00, 120000.00) 301 956 408 594 635 1043(19495.00, 19495.00) 0(2978.00, 2978.00)
route 60, node_num 7, cost 1596.994000, nodes: 0(120000.00, 120000.00) 302 849 229 104 1015(48017.00, 48017.00) 0(5929.00, 5929.00)
route 61, node_num 7, cost 1087.730000, nodes: 0(120000.00, 120000.00) 306 532 697 491 572 0(42305.00, 42305.00)
route 62, node_num 5, cost 1031.478000, nodes: 0(120000.00, 120000.00) 307 605 192 0(46323.00, 46323.00)
route 63, node_num 7, cost 595.098000, nodes: 0(120000.00, 120000.00) 311 738 902 124 800 0(77493.00, 77493.00)
route 64, node_num 6, cost 1192.898000, nodes: 0(120000.00, 120000.00) 861 626 304 642 0(34793.00, 34793.00)
route 65, node_num 8, cost 1454.530000, nodes: 0(120000.00, 120000.00) 1097(109074.00, 113074.00) 137 981 669 728 173 0(20105.00, 20105.00)
route 66, node_num 7, cost 1609.244000, nodes: 0(120000.00, 120000.00) 334 232 407 815 220 0(5054.00, 5054.00)
route 67, node_num 7, cost 684.292000, nodes: 0(120000.00, 120000.00) 338 342 140 46 641 0(71122.00, 71122.00)
route 68, node_num 5, cost 1115.632000, nodes: 0(120000.00, 120000.00) 416 58 830 0(40312.00, 40312.00)
route 69, node_num 7, cost 1633.478000, nodes: 0(120000.00, 120000.00) 389 860 236 331 1043(19840.00, 19840.00) 0(3323.00, 3323.00)
route 70, node_num 7, cost 1659.126000, nodes: 0(120000.00, 120000.00) 344 439 151 159 1119(26241.00, 26241.00) 0(1491.00, 1491.00)
route 71, node_num 9, cost 1857.674000, nodes: 0(120000.00, 120000.00) 348 176 769 29 316 1084(33609.00, 33609.00) 1190(23410.00, 36101.00) 0(0.00, 0.00)
route 72, node_num 6, cost 1731.212000, nodes: 0(120000.00, 120000.00) 368 84 865 1098(29799.00, 33457.00) 0(0.00, 0.00)
route 73, node_num 3, cost 97.888000, nodes: 0(120000.00, 120000.00) 628 0(113008.00, 113008.00)
route 74, node_num 3, cost 180.138000, nodes: 0(120000.00, 120000.00) 12 0(107133.00, 107133.00)
route 75, node_num 8, cost 1625.050000, nodes: 0(120000.00, 120000.00) 343 1158(108279.00, 120000.00) 190 62 857 682 0(15646.00, 15646.00)
route 76, node_num 8, cost 1647.744000, nodes: 0(120000.00, 120000.00) 396 319 600 377 428 1152(40724.00, 40724.00) 0(2304.00, 2304.00)
route 77, node_num 6, cost 1297.912000, nodes: 0(120000.00, 120000.00) 225 401 793 530 0(27292.00, 27292.00)
route 78, node_num 7, cost 1611.792000, nodes: 0(120000.00, 120000.00) 1135(84119.00, 84119.00) 163 714 962 250 0(4872.00, 4872.00)
route 79, node_num 7, cost 1253.574000, nodes: 0(120000.00, 120000.00) 404 282 999 925 649 0(30459.00, 30459.00)
route 80, node_num 7, cost 1494.682000, nodes: 0(120000.00, 120000.00) 420 708 912 789 312 0(13237.00, 13237.00)
route 81, node_num 7, cost 1757.238000, nodes: 0(120000.00, 120000.00) 41 917 309 322 1191(1524.00, 7041.00) 0(0.00, 0.00)
route 82, node_num 8, cost 1702.974000, nodes: 0(120000.00, 120000.00) 617 790 900 85 835 1014(43109.00, 44750.00) 0(0.00, 0.00)
route 83, node_num 7, cost 1282.134000, nodes: 0(120000.00, 120000.00) 430 855 243 581 787 0(28419.00, 28419.00)
route 84, node_num 8, cost 1888.306000, nodes: 0(120000.00, 120000.00) 431 692 936 5 753 1063(39590.00, 54469.00) 0(0.00, 0.00)
route 85, node_num 8, cost 1897.378000, nodes: 0(120000.00, 120000.00) 1073(97835.00, 113362.00) 433 149 555 279 252 0(0.00, 0.00)
route 86, node_num 7, cost 914.690000, nodes: 0(120000.00, 120000.00) 545 926 933 691 241 0(54665.00, 54665.00)
route 87, node_num 6, cost 464.184000, nodes: 0(120000.00, 120000.00) 684 398 737 445 0(86844.00, 86844.00)
route 88, node_num 7, cost 1817.158000, nodes: 0(120000.00, 120000.00) 1125(97482.00, 120000.00) 542 181 929 369 0(12721.00, 12721.00)
route 89, node_num 8, cost 1959.202000, nodes: 0(120000.00, 120000.00) 464 162 803 788 869 1200(18253.00, 38196.00) 0(0.00, 0.00)
route 90, node_num 7, cost 1214.920000, nodes: 0(120000.00, 120000.00) 468 567 916 609 448 0(33220.00, 33220.00)
route 91, node_num 7, cost 1678.824000, nodes: 0(120000.00, 120000.00) 469 727 613 608 750 0(84.00, 84.00)
route 92, node_num 7, cost 1477.028000, nodes: 0(120000.00, 120000.00) 471 262 496 370 349 0(14498.00, 14498.00)
route 93, node_num 8, cost 1689.744000, nodes: 0(120000.00, 120000.00) 1012(114641.00, 120000.00) 480 622 67 799 158 0(4663.00, 4663.00)
route 94, node_num 7, cost 1322.678000, nodes: 0(120000.00, 120000.00) 487 663 20 323 1169(39810.00, 39810.00) 0(25523.00, 25523.00)
route 95, node_num 7, cost 1821.260000, nodes: 0(120000.00, 120000.00) 1074(83303.00, 120000.00) 527 562 784 915 0(26607.00, 26607.00)
route 96, node_num 8, cost 1669.934000, nodes: 0(120000.00, 120000.00) 498 437 424 980 710 1098(34176.00, 34176.00) 0(719.00, 719.00)
route 97, node_num 6, cost 1574.804000, nodes: 0(120000.00, 120000.00) 499 452 165 779 0(7514.00, 7514.00)
route 98, node_num 7, cost 1900.710000, nodes: 0(120000.00, 120000.00) 502 223 765 723 1181(42129.00, 57894.00) 0(0.00, 0.00)
route 99, node_num 8, cost 1778.784000, nodes: 0(120000.00, 120000.00) 506 362 26 1146(45861.00, 45861.00) 421 1013(2680.00, 9736.00) 0(0.00, 0.00)
route 100, node_num 7, cost 1285.046000, nodes: 0(120000.00, 120000.00) 521 862 681 152 40 0(28211.00, 28211.00)
route 101, node_num 7, cost 1407.238000, nodes: 0(120000.00, 120000.00) 537 366 755 853 391 0(19483.00, 19483.00)
route 102, node_num 5, cost 399.070000, nodes: 0(120000.00, 120000.00) 540 23 467 0(91495.00, 91495.00)
route 103, node_num 6, cost 1220.212000, nodes: 0(120000.00, 120000.00) 998 740 829 267 0(32842.00, 32842.00)
route 104, node_num 6, cost 1384.950000, nodes: 0(120000.00, 120000.00) 508 643 373 575 0(21075.00, 21075.00)
route 105, node_num 8, cost 1558.676000, nodes: 0(120000.00, 120000.00) 547 678 582 735 653 1113(18402.00, 18402.00) 0(8666.00, 8666.00)
route 106, node_num 7, cost 1835.386000, nodes: 0(120000.00, 120000.00) 623 770 427 870 1198(22358.00, 33457.00) 0(0.00, 0.00)
route 107, node_num 9, cost 1625.582000, nodes: 0(120000.00, 120000.00) 549 610 157 461 584 463 1091(10928.00, 10928.00) 0(3887.00, 3887.00)
route 108, node_num 7, cost 1542.436000, nodes: 0(120000.00, 120000.00) 1027(105564.00, 105564.00) 554 894 924 39 0(9826.00, 9826.00)
route 109, node_num 5, cost 1467.844000, nodes: 0(120000.00, 120000.00) 556 264 846 0(15154.00, 15154.00)
route 110, node_num 7, cost 1800.498000, nodes: 0(120000.00, 120000.00) 963 781 440 794 1192(37692.00, 46299.00) 0(0.00, 0.00)
route 111, node_num 8, cost 1560.342000, nodes: 0(120000.00, 120000.00) 561 335 851 144 802 1060(31266.00, 31266.00) 0(8547.00, 8547.00)
route 112, node_num 5, cost 872.382000, nodes: 0(120000.00, 120000.00) 565 827 205 0(57687.00, 57687.00)
route 113, node_num 9, cost 1870.820000, nodes: 0(120000.00, 120000.00) 570 657 586 1031(71771.00, 71771.00) 526 209 1005(40274.00, 53904.00) 0(0.00, 0.00)
route 114, node_num 5, cost 835.604000, nodes: 0(120000.00, 120000.00) 266 616 333 0(60314.00, 60314.00)
route 115, node_num 6, cost 1046.640000, nodes: 0(120000.00, 120000.00) 884 413 805 275 0(45240.00, 45240.00)
route 116, node_num 7, cost 1055.824000, nodes: 0(120000.00, 120000.00) 579 694 624 9 346 0(44584.00, 44584.00)
route 117, node_num 7, cost 1786.134000, nodes: 0(120000.00, 120000.00) 1121(99220.00, 106801.00) 583 305 856 517 0(0.00, 0.00)
route 118, node_num 4, cost 746.186000, nodes: 0(120000.00, 120000.00) 585 841 0(66701.00, 66701.00)
route 119, node_num 8, cost 1767.136000, nodes: 0(120000.00, 120000.00) 587 251 552 872 1149(48104.00, 54328.00) 35 0(0.00, 0.00)
route 120, node_num 3, cost 244.482000, nodes: 0(120000.00, 120000.00) 767 0(102537.00, 102537.00)
route 121, node_num 3, cost 210.042000, nodes: 0(120000.00, 120000.00) 216 0(104997.00, 104997.00)
route 122, node_num 7, cost 1622.474000, nodes: 0(120000.00, 120000.00) 429 591 955 395 1109(38986.00, 38986.00) 0(4109.00, 4109.00)
route 123, node_num 7, cost 1352.974000, nodes: 0(120000.00, 120000.00) 618 627 768 523 376 0(23359.00, 23359.00)
route 124, node_num 6, cost 1194.592000, nodes: 0(120000.00, 120000.00) 548 129 644 278 0(34672.00, 34672.00)
route 125, node_num 4, cost 550.802000, nodes: 0(120000.00, 120000.00) 153 93 0(80657.00, 80657.00)
route 126, node_num 7, cost 1819.104000, nodes: 0(120000.00, 120000.00) 1173(97835.00, 120000.00) 107 590 940 33 0(12229.00, 12229.00)
route 127, node_num 5, cost 1067.738000, nodes: 0(120000.00, 120000.00) 685 272 630 0(43733.00, 43733.00)
route 128, node_num 8, cost 1319.976000, nodes: 0(120000.00, 120000.00) 650 824 240 299 410 679 0(25716.00, 25716.00)
route 129, node_num 5, cost 280.420000, nodes: 0(120000.00, 120000.00) 651 57 201 0(99970.00, 99970.00)
route 130, node_num 5, cost 1519.392000, nodes: 0(120000.00, 120000.00) 921 655 992 0(11472.00, 11472.00)
route 131, node_num 7, cost 1804.404000, nodes: 0(120000.00, 120000.00) 186 460 355 1162(35699.00, 44585.00) 534 0(0.00, 0.00)
route 132, node_num 7, cost 1100.764000, nodes: 0(120000.00, 120000.00) 662 734 126 414 677 0(41374.00, 41374.00)
route 133, node_num 8, cost 714.168000, nodes: 0(120000.00, 120000.00) 664 453 568 123 858 42 0(68988.00, 68988.00)
route 134, node_num 5, cost 964.838000, nodes: 0(120000.00, 120000.00) 825 707 379 0(51083.00, 51083.00)
route 135, node_num 8, cost 676.578000, nodes: 0(120000.00, 120000.00) 675 906 359 175 864 221 0(71673.00, 71673.00)
route 136, node_num 7, cost 1182.244000, nodes: 0(120000.00, 120000.00) 676 731 390 715 666 0(35554.00, 35554.00)
route 137, node_num 7, cost 1163.932000, nodes: 0(120000.00, 120000.00) 683 564 507 712 486 0(36862.00, 36862.00)
route 138, node_num 4, cost 794.990000, nodes: 0(120000.00, 120000.00) 131 328 0(63215.00, 63215.00)
route 139, node_num 4, cost 1466.276000, nodes: 0(120000.00, 120000.00) 687 91 0(15266.00, 15266.00)
route 140, node_num 7, cost 799.428000, nodes: 0(120000.00, 120000.00) 493 695 602 701 531 0(62898.00, 62898.00)
route 141, node_num 6, cost 1122.968000, nodes: 0(120000.00, 120000.00) 218 773 668 693 0(39788.00, 39788.00)
route 142, node_num 6, cost 1213.856000, nodes: 0(120000.00, 120000.00) 696 6 71 986 0(33296.00, 33296.00)
route 143, node_num 7, cost 1223.908000, nodes: 0(120000.00, 120000.00) 702 392 256 188 364 0(32578.00, 32578.00)
route 144, node_num 4, cost 1274.770000, nodes: 0(120000.00, 120000.00) 705 442 0(28945.00, 28945.00)
route 145, node_num 5, cost 938.798000, nodes: 0(120000.00, 120000.00) 706 934 544 0(52943.00, 52943.00)
route 146, node_num 7, cost 803.432000, nodes: 0(120000.00, 120000.00) 423 604 699 457 636 0(62612.00, 62612.00)
route 147, node_num 7, cost 1022.406000, nodes: 0(120000.00, 120000.00) 719 812 459 354 297 0(46971.00, 46971.00)
route 148, node_num 7, cost 1168.692000, nodes: 0(120000.00, 120000.00) 733 195 25 253 146 0(36522.00, 36522.00)
route 149, node_num 8, cost 1611.596000, nodes: 0(120000.00, 120000.00) 1112(114641.00, 114641.00) 574 745 49 746 909 0(4886.00, 4886.00)
route 150, node_num 6, cost 1311.758000, nodes: 0(120000.00, 120000.00) 749 385 231 210 0(26303.00, 26303.00)
route 151, node_num 4, cost 1496.180000, nodes: 0(120000.00, 120000.00) 752 96 0(13130.00, 13130.00)
route 152, node_num 5, cost 1414.154000, nodes: 0(120000.00, 120000.00) 756 260 503 0(18989.00, 18989.00)
route 153, node_num 8, cost 2039.380000, nodes: 0(120000.00, 120000.00) 254 1164(86437.00, 112107.00) 907 874 426 922 0(0.00, 0.00)
route 154, node_num 4, cost 1467.690000, nodes: 0(120000.00, 120000.00) 760 673 0(15165.00, 15165.00)
route 155, node_num 8, cost 634.984000, nodes: 0(120000.00, 120000.00) 761 261 566 458 908 741 0(74644.00, 74644.00)
route 156, node_num 5, cost 206.360000, nodes: 0(120000.00, 120000.00) 315 455 509 0(105260.00, 105260.00)
route 157, node_num 7, cost 1153.572000, nodes: 0(120000.00, 120000.00) 910 443 823 573 363 0(37602.00, 37602.00)
route 158, node_num 7, cost 1589.574000, nodes: 0(120000.00, 120000.00) 960 833 78 704 1072(15167.00, 15167.00) 0(6459.00, 6459.00)
route 159, node_num 8, cost 1594.796000, nodes: 0(120000.00, 120000.00) 1130(107271.00, 119271.00) 775 145 519 588 592 0(18086.00, 18086.00)
route 160, node_num 4, cost 637.266000, nodes: 0(120000.00, 120000.00) 987 648 0(74481.00, 74481.00)
route 161, node_num 7, cost 1486.086000, nodes: 0(120000.00, 120000.00) 785 95 434 203 63 0(13851.00, 13851.00)
route 162, node_num 6, cost 1585.738000, nodes: 0(120000.00, 120000.00) 795 318 743 432 0(6733.00, 6733.00)
route 163, node_num 6, cost 858.550000, nodes: 0(120000.00, 120000.00) 797 88 37 130 0(58675.00, 58675.00)
route 164, node_num 7, cost 825.650000, nodes: 0(120000.00, 120000.00) 798 133 656 70 724 0(61025.00, 61025.00)
route 165, node_num 7, cost 1273.832000, nodes: 0(120000.00, 120000.00) 804 164 472 977 482 0(29012.00, 29012.00)
route 166, node_num 5, cost 692.958000, nodes: 0(120000.00, 120000.00) 808 314 667 0(70503.00, 70503.00)
route 167, node_num 3, cost 305.998000, nodes: 0(120000.00, 120000.00) 212 0(98143.00, 98143.00)
route 168, node_num 7, cost 1798.034000, nodes: 0(120000.00, 120000.00) 1091(110214.00, 120000.00) 321 516 466 690 0(1355.00, 1355.00)
route 169, node_num 7, cost 1627.710000, nodes: 0(120000.00, 120000.00) 820 446 806 412 810 0(3735.00, 3735.00)
route 170, node_num 6, cost 1299.928000, nodes: 0(120000.00, 120000.00) 273 172 638 116 0(27148.00, 27148.00)
route 171, node_num 6, cost 1226.750000, nodes: 0(120000.00, 120000.00) 831 595 867 930 0(32375.00, 32375.00)
route 172, node_num 7, cost 1133.776000, nodes: 0(120000.00, 120000.00) 832 658 53 227 119 0(39016.00, 39016.00)
route 173, node_num 7, cost 1144.528000, nodes: 0(120000.00, 120000.00) 834 939 127 44 380 0(38248.00, 38248.00)
route 174, node_num 8, cost 1745.632000, nodes: 0(120000.00, 120000.00) 837 966 703 356 483 1003(38330.00, 43018.00) 0(0.00, 0.00)
route 175, node_num 5, cost 743.176000, nodes: 0(120000.00, 120000.00) 838 174 82 0(66916.00, 66916.00)
route 176, node_num 8, cost 652.344000, nodes: 0(120000.00, 120000.00) 839 674 639 357 611 310 0(73404.00, 73404.00)
route 177, node_num 6, cost 1302.112000, nodes: 0(120000.00, 120000.00) 913 821 258 372 0(26992.00, 26992.00)
route 178, node_num 7, cost 1592.962000, nodes: 0(120000.00, 120000.00) 38 854 208 59 1175(45067.00, 45067.00) 0(6217.00, 6217.00)
route 179, node_num 5, cost 1307.810000, nodes: 0(120000.00, 120000.00) 866 27 74 0(26585.00, 26585.00)
route 180, node_num 3, cost 42.812000, nodes: 0(120000.00, 120000.00) 286 0(116942.00, 116942.00)
route 181, node_num 7, cost 1560.440000, nodes: 0(120000.00, 120000.00) 876 845 848 782 1164(28723.00, 28723.00) 0(8540.00, 8540.00)
route 182, node_num 8, cost 699.062000, nodes: 0(120000.00, 120000.00) 881 280 747 757 713 995 0(70067.00, 70067.00)
route 183, node_num 9, cost 1785.126000, nodes: 0(120000.00, 120000.00) 882 1131(83199.00, 83199.00) 520 202 291 1046(50689.00, 58198.00) 814 0(0.00, 0.00)
route 184, node_num 7, cost 1983.044000, nodes: 0(120000.00, 120000.00) 1073(97835.00, 120000.00) 577 378 822 248 0(519.00, 519.00)
route 185, node_num 5, cost 1124.858000, nodes: 0(120000.00, 120000.00) 61 629 465 0(39653.00, 39653.00)
route 186, node_num 4, cost 1449.084000, nodes: 0(120000.00, 120000.00) 886 185 0(16494.00, 16494.00)
route 187, node_num 8, cost 644.000000, nodes: 0(120000.00, 120000.00) 888 973 135 336 268 360 0(74000.00, 74000.00)
route 188, node_num 5, cost 1346.758000, nodes: 0(120000.00, 120000.00) 898 89 485 0(23803.00, 23803.00)
route 189, node_num 7, cost 1284.528000, nodes: 0(120000.00, 120000.00) 997 899 284 754 661 0(28248.00, 28248.00)
route 190, node_num 3, cost 241.808000, nodes: 0(120000.00, 120000.00) 569 0(102728.00, 102728.00)
route 191, node_num 7, cost 1185.632000, nodes: 0(120000.00, 120000.00) 766 893 4 813 633 0(35312.00, 35312.00)
route 192, node_num 7, cost 729.428000, nodes: 0(120000.00, 120000.00) 911 247 147 374 863 0(67898.00, 67898.00)
route 193, node_num 5, cost 930.734000, nodes: 0(120000.00, 120000.00) 136 816 942 0(53519.00, 53519.00)
route 194, node_num 6, cost 1091.510000, nodes: 0(120000.00, 120000.00) 3 237 688 949 0(42035.00, 42035.00)
route 195, node_num 7, cost 1610.266000, nodes: 0(120000.00, 120000.00) 665 961 905 826 1091(12022.00, 12022.00) 0(4981.00, 4981.00)
route 196, node_num 6, cost 1822.660000, nodes: 0(120000.00, 120000.00) 1072(109258.00, 119448.00) 944 292 543 0(0.00, 0.00)
route 197, node_num 7, cost 1506.400000, nodes: 0(120000.00, 120000.00) 167 647 971 791 1052(50820.00, 50820.00) 0(12400.00, 12400.00)
route 198, node_num 5, cost 1085.630000, nodes: 0(120000.00, 120000.00) 844 438 495 0(42455.00, 42455.00)
route 199, node_num 5, cost 1004.878000, nodes: 0(120000.00, 120000.00) 17 807 500 0(48223.00, 48223.00)
route 200, node_num 8, cost 1499.582000, nodes: 0(120000.00, 120000.00) 959 449 792 612 259 1196(42963.00, 42963.00) 0(12887.00, 12887.00)
route 201, node_num 7, cost 1514.254000, nodes: 0(120000.00, 120000.00) 1125(97482.00, 120000.00) 444 409 170 744 0(34357.00, 34357.00)
route 202, node_num 7, cost 1461.488000, nodes: 0(120000.00, 120000.00) 557 984 976 293 358 0(15608.00, 15608.00)
route 203, node_num 9, cost 1506.134000, nodes: 0(120000.00, 120000.00) 964 422 510 529 889 283 1055(29174.00, 29174.00) 0(12419.00, 12419.00)
route 204, node_num 5, cost 1511.006000, nodes: 0(120000.00, 120000.00) 969 289 166 0(12071.00, 12071.00)
route 205, node_num 3, cost 45.108000, nodes: 0(120000.00, 120000.00) 948 0(116778.00, 116778.00)
route 206, node_num 6, cost 788.564000, nodes: 0(120000.00, 120000.00) 603 777 178 441 0(63674.00, 63674.00)
route 207, node_num 9, cost 1367.030000, nodes: 0(120000.00, 120000.00) 994 484 914 952 325 48 1075(61205.00, 61205.00) 0(22355.00, 22355.00)
route 208, node_num 7, cost 1571.598000, nodes: 0(120000.00, 120000.00) 700 393 736 244 1090(43844.00, 43844.00) 0(7743.00, 7743.00)
route 209, node_num 7, cost 1766.114000, nodes: 0(120000.00, 120000.00) 1001(89828.00, 95979.00) 599 330 281 729 0(0.00, 0.00)
route 210, node_num 9, cost 1642.942000, nodes: 0(120000.00, 120000.00) 1004(114583.00, 120000.00) 887 494 945 199 717 1019(32814.00, 32814.00) 0(8064.00, 8064.00)
route 211, node_num 6, cost 1314.446000, nodes: 0(120000.00, 120000.00) 456 386 868 47 0(26111.00, 26111.00)
route 212, node_num 5, cost 914.032000, nodes: 0(120000.00, 120000.00) 923 382 77 0(54712.00, 54712.00)
route 213, node_num 3, cost 37.352000, nodes: 0(120000.00, 120000.00) 327 0(117332.00, 117332.00)
route 214, node_num 8, cost 1654.310000, nodes: 0(120000.00, 120000.00) 1012(114641.00, 114641.00) 415 371 836 235 988 0(1835.00, 1835.00)
route 215, node_num 7, cost 1899.072000, nodes: 0(120000.00, 120000.00) 1029(89163.00, 105163.00) 15 128 931 897 0(352.00, 352.00)
route 216, node_num 7, cost 1713.026000, nodes: 0(120000.00, 120000.00) 1030(107271.00, 120000.00) 614 54 873 214 0(10370.00, 10370.00)
route 217, node_num 8, cost 1596.546000, nodes: 0(120000.00, 120000.00) 716 879 470 920 492 1179(17788.00, 17788.00) 0(5961.00, 5961.00)
route 218, node_num 7, cost 1284.626000, nodes: 0(120000.00, 120000.00) 1033(110242.00, 120000.00) 168 593 381 384 0(37999.00, 37999.00)
route 219, node_num 3, cost 377.062000, nodes: 0(120000.00, 120000.00) 762 0(93067.00, 93067.00)
route 220, node_num 9, cost 1733.788000, nodes: 0(120000.00, 120000.00) 1035(84119.00, 84119.00) 709 842 742 1017(65475.00, 69317.00) 75 94 0(0.00, 0.00)
route 221, node_num 7, cost 1672.678000, nodes: 0(120000.00, 120000.00) 1174(83303.00, 120000.00) 718 553 571 454 0(37220.00, 37220.00)
route 222, node_num 7, cost 1792.378000, nodes: 0(120000.00, 120000.00) 875 238 576 114 1079(3800.00, 11827.00) 0(0.00, 0.00)
route 223, node_num 5, cost 1163.148000, nodes: 0(120000.00, 120000.00) 112 34 522 0(36918.00, 36918.00)
route 224, node_num 9, cost 1654.702000, nodes: 0(120000.00, 120000.00) 1054(97972.00, 97972.00) 541 514 350 182 671 1002(45550.00, 45550.00) 0(1807.00, 1807.00)
route 225, node_num 6, cost 1096.074000, nodes: 0(120000.00, 120000.00) 505 982 115 217 0(41709.00, 41709.00)
route 226, node_num 7, cost 1059.422000, nodes: 0(120000.00, 120000.00) 1086(112711.00, 120000.00) 196 351 121 405 0(51616.00, 51616.00)
route 227, node_num 7, cost 1250.396000, nodes: 0(120000.00, 120000.00) 226 652 497 400 809 0(30686.00, 30686.00)
route 228, node_num 8, cost 1415.386000, nodes: 0(120000.00, 120000.00) 1133(110242.00, 110242.00) 340 796 615 847 722 0(18901.00, 18901.00)
route 229, node_num 8, cost 1768.886000, nodes: 0(120000.00, 120000.00) 1101(89828.00, 96177.00) 536 550 474 329 927 0(0.00, 0.00)
route 230, node_num 8, cost 1625.610000, nodes: 0(120000.00, 120000.00) 1104(114583.00, 114583.00) 580 533 194 890 219 0(3885.00, 3885.00)
route 231, node_num 5, cost 771.050000, nodes: 0(120000.00, 120000.00) 621 19 481 0(64925.00, 64925.00)
route 232, node_num 9, cost 1693.958000, nodes: 0(120000.00, 120000.00) 883 490 43 92 118 938 1160(21722.00, 22719.00) 0(0.00, 0.00)
route 233, node_num 4, cost 1345.274000, nodes: 0(120000.00, 120000.00) 811 764 0(23909.00, 23909.00)
route 234, node_num 8, cost 1549.912000, nodes: 0(120000.00, 120000.00) 1128(112837.00, 120000.00) 518 538 324 97 239 0(16455.00, 16455.00)
route 235, node_num 7, cost 1258.740000, nodes: 0(120000.00, 120000.00) 11 720 367 479 878 0(30090.00, 30090.00)
route 236, node_num 5, cost 971.096000, nodes: 0(120000.00, 120000.00) 819 896 320 0(50636.00, 50636.00)
route 237, node_num 6, cost 1351.420000, nodes: 0(120000.00, 120000.00) 394 901 399 975 0(23470.00, 23470.00)
route 238, node_num 8, cost 1649.662000, nodes: 0(120000.00, 120000.00) 1136(104529.00, 104529.00) 563 296 489 141 477 0(2167.00, 2167.00)
route 239, node_num 7, cost 1605.170000, nodes: 0(120000.00, 120000.00) 425 276 198 13 1078(49611.00, 49611.00) 0(5345.00, 5345.00)
route 240, node_num 7, cost 1741.852000, nodes: 0(120000.00, 120000.00) 1154(97972.00, 102390.00) 680 32 525 200 0(0.00, 0.00)
route 241, node_num 5, cost 1033.914000, nodes: 0(120000.00, 120000.00) 345 50 473 0(46149.00, 46149.00)
route 242, node_num 9, cost 1779.358000, nodes: 0(120000.00, 120000.00) 1172(109258.00, 109258.00) 353 419 578 511 672 1062(37488.00, 44585.00) 0(0.00, 0.00)
route 243, node_num 7, cost 1574.552000, nodes: 0(120000.00, 120000.00) 1073(97835.00, 120000.00) 979 177 73 965 0(29697.00, 29697.00)
route 244, node_num 7, cost 1715.952000, nodes: 0(120000.00, 120000.00) 535 978 919 996 1105(51336.00, 53904.00) 0(0.00, 0.00)
route 245, node_num 7, cost 1646.316000, nodes: 0(120000.00, 120000.00) 1186(112711.00, 112711.00) 634 539 28 852 0(2406.00, 2406.00)
route 246, node_num 8, cost 1763.006000, nodes: 0(120000.00, 120000.00) 1187(84771.00, 84771.00) 99 546 134 725 1066(39026.00, 44955.00) 0(0.00, 0.00)
route 247, node_num 7, cost 1651.440000, nodes: 0(120000.00, 120000.00) 1197(109074.00, 109074.00) 990 559 101 184 0(2040.00, 2040.00)
vehicle (route) number: 248
Total cost: 389016.39
389016.39, 16215.89
