Details of the solution:
route 0, node_num 8, cost 1201.256000, nodes: 0(120000.00, 120000.00) 21 102 126 47 116 343(50713.00, 50713.00) 0(34196.00, 34196.00)
route 1, node_num 6, cost 1158.080000, nodes: 0(120000.00, 120000.00) 22 146 188 7 0(37280.00, 37280.00)
route 2, node_num 7, cost 1238.846000, nodes: 0(120000.00, 120000.00) 38 129 172 74 161 0(31511.00, 31511.00)
route 3, node_num 6, cost 1712.788000, nodes: 0(120000.00, 120000.00) 41 177 290(36956.00, 39298.00) 10 0(0.00, 0.00)
route 4, node_num 6, cost 1118.880000, nodes: 0(120000.00, 120000.00) 44 127 35 71 0(40080.00, 40080.00)
route 5, node_num 8, cost 1144.752000, nodes: 0(120000.00, 120000.00) 57 18 50 144 77 264(58415.00, 58415.00) 0(38232.00, 38232.00)
route 6, node_num 9, cost 1890.728000, nodes: 0(120000.00, 120000.00) 79 145 118 43 92 374(21722.00, 27038.00) 213(0.00, 9736.00) 0(0.00, 0.00)
route 7, node_num 7, cost 1480.276000, nodes: 0(120000.00, 120000.00) 81 160 84 52 209(49143.00, 49143.00) 0(14266.00, 14266.00)
route 8, node_num 7, cost 1832.236000, nodes: 0(120000.00, 120000.00) 83 176 32 45 243(5643.00, 16517.00) 0(0.00, 0.00)
route 9, node_num 6, cost 1180.368000, nodes: 0(120000.00, 120000.00) 87 4 6 171 0(35688.00, 35688.00)
route 10, node_num 6, cost 840.308000, nodes: 0(120000.00, 120000.00) 98 131 3 9 0(59978.00, 59978.00)
route 11, node_num 8, cost 1473.808000, nodes: 0(120000.00, 120000.00) 103 152 183 158 114 313(24464.00, 24464.00) 0(14728.00, 14728.00)
route 12, node_num 5, cost 1003.884000, nodes: 0(120000.00, 120000.00) 108 190 65 0(48294.00, 48294.00)
route 13, node_num 7, cost 592.214000, nodes: 0(120000.00, 120000.00) 111 109 175 117 123 0(77699.00, 77699.00)
route 14, node_num 6, cost 712.740000, nodes: 0(120000.00, 120000.00) 133 174 46 14 0(69090.00, 69090.00)
route 15, node_num 6, cost 1288.896000, nodes: 0(120000.00, 120000.00) 136 58 34 165 0(27936.00, 27936.00)
route 16, node_num 7, cost 842.310000, nodes: 0(120000.00, 120000.00) 138 23 72 156 70 0(59835.00, 59835.00)
route 17, node_num 7, cost 1090.110000, nodes: 0(120000.00, 120000.00) 142 399(89984.00, 89984.00) 19 166 122 0(42135.00, 42135.00)
route 18, node_num 6, cost 915.922000, nodes: 0(120000.00, 120000.00) 154 153 93 124 0(54577.00, 54577.00)
route 19, node_num 7, cost 874.790000, nodes: 0(120000.00, 120000.00) 178 196 88 37 355(74270.00, 74270.00) 0(57515.00, 57515.00)
route 20, node_num 7, cost 1561.756000, nodes: 0(120000.00, 120000.00) 180 141 68 40 248(39340.00, 39340.00) 0(8446.00, 8446.00)
route 21, node_num 7, cost 1777.314000, nodes: 0(120000.00, 120000.00) 186 99 5 182 214(37799.00, 44750.00) 0(0.00, 0.00)
route 22, node_num 7, cost 537.054000, nodes: 0(120000.00, 120000.00) 189 12 147 82 42 0(81639.00, 81639.00)
route 23, node_num 6, cost 1313.676000, nodes: 0(120000.00, 120000.00) 191 112 25 115 0(26166.00, 26166.00)
route 24, node_num 7, cost 1186.472000, nodes: 0(120000.00, 120000.00) 204(114583.00, 114583.00) 36 113 31 27 0(35252.00, 35252.00)
route 25, node_num 9, cost 1718.234000, nodes: 0(120000.00, 120000.00) 225(97482.00, 101482.00) 164 90 78 67 194 292(47568.00, 47568.00) 0(1269.00, 1269.00)
route 26, node_num 8, cost 1465.310000, nodes: 0(120000.00, 120000.00) 226(87936.00, 120000.00) 148 100 150 55 364(67582.00, 67582.00) 0(47399.00, 47399.00)
route 27, node_num 9, cost 856.702000, nodes: 0(120000.00, 120000.00) 228(112837.00, 120000.00) 61 140 53 187 119 130 0(65970.00, 65970.00)
route 28, node_num 9, cost 1833.986000, nodes: 0(120000.00, 120000.00) 229(89163.00, 89163.00) 128 162 26 29 33 318(40836.00, 51835.00) 0(0.00, 0.00)
route 29, node_num 9, cost 1532.538000, nodes: 0(120000.00, 120000.00) 230(107271.00, 120000.00) 120 151 85 198 48 275(62112.00, 62112.00) 0(23262.00, 23262.00)
route 30, node_num 8, cost 1610.336000, nodes: 0(120000.00, 120000.00) 231(83199.00, 83199.00) 91 96 134 13 378(49242.00, 49242.00) 0(4976.00, 4976.00)
route 31, node_num 8, cost 1171.688000, nodes: 0(120000.00, 120000.00) 233(110242.00, 120000.00) 168 64 20 39 63 0(46066.00, 46066.00)
route 32, node_num 8, cost 1765.652000, nodes: 0(120000.00, 120000.00) 235(84119.00, 92119.00) 125 149 197 80 262(46467.00, 46467.00) 0(1882.00, 1882.00)
route 33, node_num 8, cost 1535.534000, nodes: 0(120000.00, 120000.00) 245(94527.00, 94527.00) 179 15 54 104 375(49169.00, 49169.00) 0(10319.00, 10319.00)
route 34, node_num 6, cost 807.030000, nodes: 0(120000.00, 120000.00) 272(109258.00, 109258.00) 195 110 135 0(62355.00, 62355.00)
route 35, node_num 7, cost 1460.956000, nodes: 0(120000.00, 120000.00) 273(97835.00, 97835.00) 1 89 76 60 0(15646.00, 15646.00)
route 36, node_num 8, cost 1326.472000, nodes: 0(120000.00, 120000.00) 274(83303.00, 120000.00) 30 193 62 184 283(91560.00, 91560.00) 0(61949.00, 61949.00)
route 37, node_num 7, cost 1286.530000, nodes: 0(120000.00, 120000.00) 312(114641.00, 120000.00) 8 49 59 215(75552.00, 75552.00) 0(33464.00, 33464.00)
route 38, node_num 7, cost 1301.160000, nodes: 0(120000.00, 120000.00) 325(97482.00, 97482.00) 11 163 192 260(49779.00, 49779.00) 0(27060.00, 27060.00)
route 39, node_num 10, cost 1290.044000, nodes: 0(120000.00, 120000.00) 326(87936.00, 120000.00) 105 24 101 75 94 385(95177.00, 95177.00) 291(66959.00, 66959.00) 0(59918.00, 59918.00)
route 40, node_num 8, cost 970.130000, nodes: 0(120000.00, 120000.00) 328(112837.00, 120000.00) 137 95 121 173 255(74623.00, 74623.00) 0(57868.00, 57868.00)
route 41, node_num 7, cost 1533.280000, nodes: 0(120000.00, 120000.00) 329(89163.00, 89163.00) 16 132 69 97 0(10480.00, 10480.00)
route 42, node_num 6, cost 1622.614000, nodes: 0(120000.00, 120000.00) 330(107271.00, 107271.00) 185 181 170 0(4099.00, 4099.00)
route 43, node_num 7, cost 1620.822000, nodes: 0(120000.00, 120000.00) 331(83199.00, 120000.00) 107 143 106 314(85778.00, 85778.00) 0(41028.00, 41028.00)
route 44, node_num 7, cost 1412.740000, nodes: 0(120000.00, 120000.00) 332(86549.00, 86549.00) 167 51 66 268(60162.00, 60162.00) 0(19090.00, 19090.00)
route 45, node_num 9, cost 1403.612000, nodes: 0(120000.00, 120000.00) 333(110242.00, 110242.00) 139 2 56 28 199 219(44492.00, 44492.00) 0(19742.00, 19742.00)
route 46, node_num 7, cost 1491.616000, nodes: 0(120000.00, 120000.00) 335(84119.00, 120000.00) 157 155 73 200 0(49337.00, 49337.00)
route 47, node_num 8, cost 973.714000, nodes: 0(120000.00, 120000.00) 372(109258.00, 120000.00) 17 169 86 159 319(85941.00, 85941.00) 0(61191.00, 61191.00)
vehicle (route) number: 48
Total cost: 76360.16
76360.16, 1803.45
