Details of the solution:
route 0, node_num 7, cost 1485.792000, nodes: 0(120000.00, 120000.00) 8 128 82 186 292(36629.00, 36629.00) 0(13872.00, 13872.00)
route 1, node_num 8, cost 1580.460000, nodes: 0(120000.00, 120000.00) 9 194 151 311(59836.00, 59836.00) 28 50 0(7110.00, 7110.00)
route 2, node_num 8, cost 1942.360000, nodes: 0(120000.00, 120000.00) 10 1 6 107 172 325(5387.00, 24127.00) 0(0.00, 0.00)
route 3, node_num 9, cost 1695.540000, nodes: 0(120000.00, 120000.00) 14 159 183 112 23 284(39585.00, 39585.00) 361(30883.00, 31993.00) 0(0.00, 0.00)
route 4, node_num 7, cost 1043.700000, nodes: 0(120000.00, 120000.00) 34 121 136 95 91 0(45450.00, 45450.00)
route 5, node_num 5, cost 1296.092000, nodes: 0(120000.00, 120000.00) 38 31 78 0(27422.00, 27422.00)
route 6, node_num 8, cost 975.758000, nodes: 0(120000.00, 120000.00) 44 184 84 169 168 267(64981.00, 64981.00) 0(50303.00, 50303.00)
route 7, node_num 5, cost 250.474000, nodes: 0(120000.00, 120000.00) 46 111 124 0(102109.00, 102109.00)
route 8, node_num 7, cost 1299.158000, nodes: 0(120000.00, 120000.00) 51 63 92 155 367(41881.00, 41881.00) 0(27203.00, 27203.00)
route 9, node_num 7, cost 1052.352000, nodes: 0(120000.00, 120000.00) 57 101 12 30 193 0(44832.00, 44832.00)
route 10, node_num 8, cost 1529.374000, nodes: 0(120000.00, 120000.00) 70 138 162 253(68331.00, 68331.00) 43 145 0(10759.00, 10759.00)
route 11, node_num 6, cost 944.216000, nodes: 0(120000.00, 120000.00) 71 74 115 106 0(52556.00, 52556.00)
route 12, node_num 7, cost 896.294000, nodes: 0(120000.00, 120000.00) 75 41 191 373(79147.00, 79147.00) 134 0(55979.00, 55979.00)
route 13, node_num 6, cost 877.982000, nodes: 0(120000.00, 120000.00) 76 52 163 20 0(57287.00, 57287.00)
route 14, node_num 8, cost 1674.176000, nodes: 0(120000.00, 120000.00) 79 117 113 3 109 334(28731.00, 28731.00) 0(416.00, 416.00)
route 15, node_num 5, cost 915.852000, nodes: 0(120000.00, 120000.00) 83 25 170 0(54582.00, 54582.00)
route 16, node_num 6, cost 1026.144000, nodes: 0(120000.00, 120000.00) 87 197 35 118 0(46704.00, 46704.00)
route 17, node_num 9, cost 1181.446000, nodes: 0(120000.00, 120000.00) 89 21 178 198 32 47 308(49937.00, 49937.00) 0(35611.00, 35611.00)
route 18, node_num 5, cost 1240.876000, nodes: 0(120000.00, 120000.00) 98 56 42 0(31366.00, 31366.00)
route 19, node_num 6, cost 1215.116000, nodes: 0(120000.00, 120000.00) 103 19 5 188 0(33206.00, 33206.00)
route 20, node_num 5, cost 1644.286000, nodes: 0(120000.00, 120000.00) 108 200 114 0(2551.00, 2551.00)
route 21, node_num 6, cost 1374.982000, nodes: 0(120000.00, 120000.00) 127 152 171 4 0(21787.00, 21787.00)
route 22, node_num 6, cost 705.754000, nodes: 0(120000.00, 120000.00) 132 40 94 11 0(69589.00, 69589.00)
route 23, node_num 8, cost 1629.712000, nodes: 0(120000.00, 120000.00) 135 142 29 73 177 368(32829.00, 32829.00) 0(3592.00, 3592.00)
route 24, node_num 7, cost 1644.734000, nodes: 0(120000.00, 120000.00) 140 156 99 279(62496.00, 120000.00) 72 0(60023.00, 60023.00)
route 25, node_num 6, cost 842.912000, nodes: 0(120000.00, 120000.00) 146 182 130 36 0(59792.00, 59792.00)
route 26, node_num 6, cost 1572.396000, nodes: 0(120000.00, 120000.00) 149 18 144 116 0(7686.00, 7686.00)
route 27, node_num 7, cost 1311.506000, nodes: 0(120000.00, 120000.00) 150 45 174 64 60 0(26321.00, 26321.00)
route 28, node_num 8, cost 1857.016000, nodes: 0(120000.00, 120000.00) 153 85 53 141 125 225(11483.00, 24127.00) 0(0.00, 0.00)
route 29, node_num 5, cost 694.624000, nodes: 0(120000.00, 120000.00) 158 131 93 0(70384.00, 70384.00)
route 30, node_num 8, cost 1521.408000, nodes: 0(120000.00, 120000.00) 166 58 123 48 65 396(36813.00, 36813.00) 0(11328.00, 11328.00)
route 31, node_num 7, cost 703.948000, nodes: 0(120000.00, 120000.00) 167 120 62 218(91206.00, 91206.00) 2 0(69718.00, 69718.00)
route 32, node_num 7, cost 843.836000, nodes: 0(120000.00, 120000.00) 173 69 122 39 275(77251.00, 77251.00) 0(59726.00, 59726.00)
route 33, node_num 7, cost 1340.864000, nodes: 0(120000.00, 120000.00) 175 110 66 16 54 0(24224.00, 24224.00)
route 34, node_num 6, cost 1456.238000, nodes: 0(120000.00, 120000.00) 176 102 97 126 0(15983.00, 15983.00)
route 35, node_num 7, cost 1591.926000, nodes: 0(120000.00, 120000.00) 185 104 61 119 80 0(6291.00, 6291.00)
route 36, node_num 8, cost 1224.048000, nodes: 0(120000.00, 120000.00) 187 196 24 105 67 371(69117.00, 69117.00) 0(32568.00, 32568.00)
route 37, node_num 7, cost 1204.182000, nodes: 0(120000.00, 120000.00) 189 59 15 55 164 0(33987.00, 33987.00)
route 38, node_num 8, cost 781.508000, nodes: 0(120000.00, 120000.00) 190 219(94561.00, 120000.00) 90 137 147 375(107142.00, 107142.00) 0(89617.00, 89617.00)
route 39, node_num 7, cost 1315.720000, nodes: 0(120000.00, 120000.00) 192 27 165 100 13 0(26020.00, 26020.00)
route 40, node_num 7, cost 936.362000, nodes: 0(120000.00, 120000.00) 199 81 33 139 133 0(53117.00, 53117.00)
route 41, node_num 7, cost 719.768000, nodes: 0(120000.00, 120000.00) 251(106137.00, 120000.00) 86 179 195 37 0(82451.00, 82451.00)
route 42, node_num 8, cost 1618.680000, nodes: 0(120000.00, 120000.00) 312(72845.00, 72845.00) 88 129 49 143 161 0(4380.00, 4380.00)
route 43, node_num 6, cost 975.926000, nodes: 0(120000.00, 120000.00) 314(102551.00, 102551.00) 157 17 180 0(50291.00, 50291.00)
route 44, node_num 9, cost 1188.376000, nodes: 0(120000.00, 120000.00) 319(95324.00, 95324.00) 77 148 227(72544.00, 92544.00) 68 7 181 0(55116.00, 55116.00)
route 45, node_num 8, cost 1156.750000, nodes: 0(120000.00, 120000.00) 322(95598.00, 120000.00) 160 96 26 22 154 0(61777.00, 61777.00)
vehicle (route) number: 46
Total cost: 69780.62
69780.62, 1801.04
