Details of the solution:
route 0, node_num 8, cost 1137.024000, nodes: 0(120000.00, 120000.00) 7 25 112 179 165 203(47899.00, 47899.00) 0(38784.00, 38784.00)
route 1, node_num 5, cost 565.432000, nodes: 0(120000.00, 120000.00) 21 93 153 0(79612.00, 79612.00)
route 2, node_num 8, cost 919.240000, nodes: 0(120000.00, 120000.00) 24 23 109 12 70 14 0(54340.00, 54340.00)
route 3, node_num 7, cost 1384.502000, nodes: 0(120000.00, 120000.00) 38 31 177 43 114 0(21107.00, 21107.00)
route 4, node_num 9, cost 1150.408000, nodes: 0(120000.00, 120000.00) 44 27 94 62 30 10 328(70832.00, 70832.00) 0(37828.00, 37828.00)
route 5, node_num 5, cost 970.102000, nodes: 0(120000.00, 120000.00) 55 144 3 0(50707.00, 50707.00)
route 6, node_num 8, cost 1715.924000, nodes: 0(120000.00, 120000.00) 56 69 181 125 83 261(1920.00, 4486.00) 0(0.00, 0.00)
route 7, node_num 6, cost 1339.128000, nodes: 0(120000.00, 120000.00) 57 199 49 76 0(24348.00, 24348.00)
route 8, node_num 6, cost 1073.520000, nodes: 0(120000.00, 120000.00) 68 40 103 122 0(43320.00, 43320.00)
route 9, node_num 8, cost 1464.106000, nodes: 0(120000.00, 120000.00) 89 91 15 151 34 303(24536.00, 24536.00) 0(15421.00, 15421.00)
route 10, node_num 8, cost 1551.858000, nodes: 0(120000.00, 120000.00) 90 158 194 155 73 228(42157.00, 42157.00) 0(9153.00, 9153.00)
route 11, node_num 7, cost 1676.962000, nodes: 0(120000.00, 120000.00) 100 41 92 118 356(23595.00, 23595.00) 0(217.00, 217.00)
route 12, node_num 6, cost 1292.718000, nodes: 0(120000.00, 120000.00) 101 193 172 170 0(27663.00, 27663.00)
route 13, node_num 8, cost 1130.514000, nodes: 0(120000.00, 120000.00) 102 87 127 97 191 395(53479.00, 53479.00) 0(39249.00, 39249.00)
route 14, node_num 6, cost 691.628000, nodes: 0(120000.00, 120000.00) 119 46 82 189 0(70598.00, 70598.00)
route 15, node_num 7, cost 1468.922000, nodes: 0(120000.00, 120000.00) 120 85 60 159 323(19591.00, 19591.00) 0(15077.00, 15077.00)
route 16, node_num 8, cost 826.294000, nodes: 0(120000.00, 120000.00) 123 196 187 37 130 53 0(60979.00, 60979.00)
route 17, node_num 3, cost 168.826000, nodes: 0(120000.00, 120000.00) 124 0(107941.00, 107941.00)
route 18, node_num 6, cost 1328.600000, nodes: 0(120000.00, 120000.00) 126 80 197 185 0(25100.00, 25100.00)
route 19, node_num 7, cost 1450.624000, nodes: 0(120000.00, 120000.00) 131 52 143 13 182 0(16384.00, 16384.00)
route 20, node_num 9, cost 1028.244000, nodes: 0(120000.00, 120000.00) 133 168 137 121 20 95 318(55521.00, 55521.00) 0(46554.00, 46554.00)
route 21, node_num 6, cost 923.678000, nodes: 0(120000.00, 120000.00) 135 86 22 117 0(54023.00, 54023.00)
route 22, node_num 6, cost 921.480000, nodes: 0(120000.00, 120000.00) 136 116 81 65 0(54180.00, 54180.00)
route 23, node_num 9, cost 1351.742000, nodes: 0(120000.00, 120000.00) 146 320(75143.00, 75143.00) 1 106 104 48 59 0(23447.00, 23447.00)
route 24, node_num 5, cost 758.800000, nodes: 0(120000.00, 120000.00) 147 188 169 0(65800.00, 65800.00)
route 25, node_num 6, cost 1219.652000, nodes: 0(120000.00, 120000.00) 150 304(78708.00, 120000.00) 200 157 0(74174.00, 74174.00)
route 26, node_num 7, cost 1468.586000, nodes: 0(120000.00, 120000.00) 166 167 51 66 223(19615.00, 19615.00) 0(15101.00, 15101.00)
route 27, node_num 7, cost 933.128000, nodes: 0(120000.00, 120000.00) 171 161 190 74 98 0(53348.00, 53348.00)
route 28, node_num 7, cost 724.416000, nodes: 0(120000.00, 120000.00) 174 140 156 72 61 0(68256.00, 68256.00)
route 29, node_num 7, cost 1677.956000, nodes: 0(120000.00, 120000.00) 175 58 96 54 28 0(146.00, 146.00)
route 30, node_num 6, cost 915.054000, nodes: 0(120000.00, 120000.00) 178 139 2 9 0(54639.00, 54639.00)
route 31, node_num 6, cost 957.866000, nodes: 0(120000.00, 120000.00) 195 17 110 111 0(51581.00, 51581.00)
route 32, node_num 8, cost 1532.062000, nodes: 0(120000.00, 120000.00) 207(76524.00, 104524.00) 183 163 11 152 192 0(38567.00, 38567.00)
route 33, node_num 8, cost 1630.650000, nodes: 0(120000.00, 120000.00) 221(81946.00, 81946.00) 141 67 78 184 105 0(3525.00, 3525.00)
route 34, node_num 7, cost 1526.546000, nodes: 0(120000.00, 120000.00) 224(78004.00, 120000.00) 198 5 129 113 0(52957.00, 52957.00)
route 35, node_num 7, cost 846.468000, nodes: 0(120000.00, 120000.00) 226(109219.00, 120000.00) 154 18 36 138 0(70319.00, 70319.00)
route 36, node_num 8, cost 1501.668000, nodes: 0(120000.00, 120000.00) 230(107152.00, 120000.00) 16 132 186 134 107 0(25586.00, 25586.00)
route 37, node_num 8, cost 1822.240000, nodes: 0(120000.00, 120000.00) 245(99812.00, 105486.00) 26 162 180 50 361(0.00, 4486.00) 0(0.00, 0.00)
route 38, node_num 9, cost 1741.222000, nodes: 0(120000.00, 120000.00) 277(102343.00, 120000.00) 84 145 33 32 45 256(36662.00, 36662.00) 0(13284.00, 13284.00)
route 39, node_num 8, cost 1575.252000, nodes: 0(120000.00, 120000.00) 292(100649.00, 100649.00) 160 99 79 148 75 0(7482.00, 7482.00)
route 40, node_num 8, cost 980.042000, nodes: 0(120000.00, 120000.00) 326(109219.00, 120000.00) 142 19 108 77 164 0(60778.00, 60778.00)
route 41, node_num 6, cost 999.082000, nodes: 0(120000.00, 120000.00) 330(107152.00, 120000.00) 8 39 88 0(61485.00, 61485.00)
route 42, node_num 8, cost 1816.136000, nodes: 0(120000.00, 120000.00) 345(99812.00, 115812.00) 149 128 29 176 315(37817.00, 37817.00) 0(6276.00, 6276.00)
route 43, node_num 8, cost 1112.440000, nodes: 0(120000.00, 120000.00) 372(108415.00, 108415.00) 173 64 63 115 42 0(40540.00, 40540.00)
route 44, node_num 9, cost 1039.878000, nodes: 0(120000.00, 120000.00) 377(102343.00, 102343.00) 6 4 35 47 71 267(67136.00, 67136.00) 0(45723.00, 45723.00)
vehicle (route) number: 45
Total cost: 67810.62
67810.62, 1800.20
