Details of the solution:
route 0, node_num 7, cost 1515.122000, nodes: 0(120000.00, 120000.00) 3 22 49 8 337(30609.00, 30609.00) 0(11777.00, 11777.00)
route 1, node_num 6, cost 1217.902000, nodes: 0(120000.00, 120000.00) 6 112 58 35 0(33007.00, 33007.00)
route 2, node_num 7, cost 1282.554000, nodes: 0(120000.00, 120000.00) 12 140 46 174 111 0(28389.00, 28389.00)
route 3, node_num 8, cost 1698.802000, nodes: 0(120000.00, 120000.00) 16 91 85 13 198 387(17149.00, 18492.00) 0(0.00, 0.00)
route 4, node_num 6, cost 871.374000, nodes: 0(120000.00, 120000.00) 18 4 71 126 0(57759.00, 57759.00)
route 5, node_num 6, cost 1271.284000, nodes: 0(120000.00, 120000.00) 21 101 100 193 0(29194.00, 29194.00)
route 6, node_num 7, cost 1070.286000, nodes: 0(120000.00, 120000.00) 24 133 189 42 135 0(43551.00, 43551.00)
route 7, node_num 8, cost 1710.128000, nodes: 0(120000.00, 120000.00) 34 89 76 106 1 274(32413.00, 34565.00) 0(0.00, 0.00)
route 8, node_num 5, cost 1172.388000, nodes: 0(120000.00, 120000.00) 40 66 167 0(36258.00, 36258.00)
route 9, node_num 8, cost 1087.128000, nodes: 0(120000.00, 120000.00) 47 127 81 172 129 366(73144.00, 73144.00) 0(42348.00, 42348.00)
route 10, node_num 6, cost 1673.588000, nodes: 0(120000.00, 120000.00) 64 173 72 289(35441.00, 35441.00) 0(458.00, 458.00)
route 11, node_num 8, cost 975.604000, nodes: 0(120000.00, 120000.00) 65 25 98 136 9 38 0(50314.00, 50314.00)
route 12, node_num 7, cost 1430.702000, nodes: 0(120000.00, 120000.00) 80 160 197 69 266(48603.00, 48603.00) 0(17807.00, 17807.00)
route 13, node_num 9, cost 1751.428000, nodes: 0(120000.00, 120000.00) 84 182 143 134 132 258(37093.00, 37093.00) 377(23662.00, 28764.00) 0(0.00, 0.00)
route 14, node_num 8, cost 1896.846000, nodes: 0(120000.00, 120000.00) 90 73 45 5 202(41654.00, 57143.00) 186 0(0.00, 0.00)
route 15, node_num 5, cost 1628.802000, nodes: 0(120000.00, 120000.00) 99 107 277(32421.00, 32421.00) 0(3657.00, 3657.00)
route 16, node_num 6, cost 1058.512000, nodes: 0(120000.00, 120000.00) 105 62 10 150 0(44392.00, 44392.00)
route 17, node_num 8, cost 786.436000, nodes: 0(120000.00, 120000.00) 108 190 161 102 77 256(73253.00, 73253.00) 0(63826.00, 63826.00)
route 18, node_num 6, cost 1075.102000, nodes: 0(120000.00, 120000.00) 109 7 117 123 0(43207.00, 43207.00)
route 19, node_num 6, cost 990.836000, nodes: 0(120000.00, 120000.00) 113 184 27 44 0(49226.00, 49226.00)
route 20, node_num 7, cost 1263.850000, nodes: 0(120000.00, 120000.00) 114 158 183 141 163 0(29725.00, 29725.00)
route 21, node_num 9, cost 1750.168000, nodes: 0(120000.00, 120000.00) 118 41 29 176 32 362(46980.00, 46980.00) 352(6134.00, 11146.00) 0(0.00, 0.00)
route 22, node_num 7, cost 736.456000, nodes: 0(120000.00, 120000.00) 122 103 68 152 166 0(67396.00, 67396.00)
route 23, node_num 6, cost 1189.678000, nodes: 0(120000.00, 120000.00) 131 56 17 169 0(35023.00, 35023.00)
route 24, node_num 7, cost 1067.108000, nodes: 0(120000.00, 120000.00) 142 220(88719.00, 88719.00) 70 14 138 0(43778.00, 43778.00)
route 25, node_num 9, cost 1013.362000, nodes: 0(120000.00, 120000.00) 144 249(85546.00, 85546.00) 30 75 94 31 74 0(47617.00, 47617.00)
route 26, node_num 8, cost 1805.398000, nodes: 0(120000.00, 120000.00) 146 86 28 59 199 237(9875.00, 18832.00) 0(0.00, 0.00)
route 27, node_num 5, cost 740.866000, nodes: 0(120000.00, 120000.00) 153 93 124 0(67081.00, 67081.00)
route 28, node_num 6, cost 546.728000, nodes: 0(120000.00, 120000.00) 154 36 192 19 0(80948.00, 80948.00)
route 29, node_num 7, cost 1428.938000, nodes: 0(120000.00, 120000.00) 157 177 43 200 155 0(17933.00, 17933.00)
route 30, node_num 6, cost 820.260000, nodes: 0(120000.00, 120000.00) 164 55 50 11 0(61410.00, 61410.00)
route 31, node_num 6, cost 1216.404000, nodes: 0(120000.00, 120000.00) 165 191 2 139 0(33114.00, 33114.00)
route 32, node_num 6, cost 1650.782000, nodes: 0(120000.00, 120000.00) 170 151 60 243(36298.00, 36298.00) 0(2087.00, 2087.00)
route 33, node_num 8, cost 1734.068000, nodes: 0(120000.00, 120000.00) 171 48 104 54 15 375(17754.00, 21616.00) 0(0.00, 0.00)
route 34, node_num 7, cost 1296.554000, nodes: 0(120000.00, 120000.00) 175 147 63 88 196 0(27389.00, 27389.00)
route 35, node_num 7, cost 1245.314000, nodes: 0(120000.00, 120000.00) 178 195 110 115 82 0(31049.00, 31049.00)
route 36, node_num 7, cost 1632.148000, nodes: 0(120000.00, 120000.00) 180 78 92 226(49799.00, 49799.00) 148 0(3418.00, 3418.00)
route 37, node_num 7, cost 1534.022000, nodes: 0(120000.00, 120000.00) 181 79 97 87 116 0(10427.00, 10427.00)
route 38, node_num 9, cost 1625.722000, nodes: 0(120000.00, 120000.00) 185 33 149 125 145 380(21061.00, 21061.00) 252(15023.00, 15023.00) 0(3877.00, 3877.00)
route 39, node_num 6, cost 1518.818000, nodes: 0(120000.00, 120000.00) 187 37 53 39 0(11513.00, 11513.00)
route 40, node_num 7, cost 1619.338000, nodes: 0(120000.00, 120000.00) 188 121 130 119 235(35861.00, 35861.00) 0(4333.00, 4333.00)
route 41, node_num 6, cost 1318.716000, nodes: 0(120000.00, 120000.00) 194 67 51 240(47893.00, 47893.00) 0(25806.00, 25806.00)
route 42, node_num 8, cost 1389.668000, nodes: 0(120000.00, 120000.00) 201(84560.00, 84560.00) 179 96 120 52 275(42354.00, 42354.00) 0(20738.00, 20738.00)
route 43, node_num 8, cost 1723.596000, nodes: 0(120000.00, 120000.00) 311(72171.00, 75285.00) 159 137 95 20 168 0(0.00, 0.00)
route 44, node_num 7, cost 1291.892000, nodes: 0(120000.00, 120000.00) 320(89016.00, 89016.00) 156 61 23 57 0(27722.00, 27722.00)
route 45, node_num 8, cost 1684.970000, nodes: 0(120000.00, 120000.00) 349(86720.00, 86720.00) 83 162 128 26 280(18309.00, 18664.00) 0(0.00, 0.00)
vehicle (route) number: 46
Total cost: 74809.65
74809.65, 1800.90
