Details of the solution:
route 0, node_num 6, cost 1495.970000, nodes: 0(120000.00, 120000.00) 10 31 78 241 0(13145.00, 13145.00)
route 1, node_num 8, cost 1788.556000, nodes: 0(120000.00, 120000.00) 14 159 579(52677.00, 52677.00) 99 479(52223.00, 120000.00) 72 0(60023.00, 60023.00)
route 2, node_num 7, cost 1299.158000, nodes: 0(120000.00, 120000.00) 51 63 92 155 567(41881.00, 41881.00) 0(27203.00, 27203.00)
route 3, node_num 6, cost 561.260000, nodes: 0(120000.00, 120000.00) 52 44 321 111 0(79910.00, 79910.00)
route 4, node_num 6, cost 924.868000, nodes: 0(120000.00, 120000.00) 57 148 299 122 0(53938.00, 53938.00)
route 5, node_num 7, cost 1179.234000, nodes: 0(120000.00, 120000.00) 70 380 162 68 7 0(35769.00, 35769.00)
route 6, node_num 7, cost 878.584000, nodes: 0(120000.00, 120000.00) 75 41 350 342 216 0(57244.00, 57244.00)
route 7, node_num 7, cost 1181.754000, nodes: 0(120000.00, 120000.00) 76 270 328 66 323 0(35589.00, 35589.00)
route 8, node_num 9, cost 1344.378000, nodes: 0(120000.00, 120000.00) 77 108 43 145 253 274 419(47687.00, 47687.00) 0(23973.00, 23973.00)
route 9, node_num 7, cost 1571.346000, nodes: 0(120000.00, 120000.00) 79 117 8 144 205 0(7761.00, 7761.00)
route 10, node_num 6, cost 894.544000, nodes: 0(120000.00, 120000.00) 83 197 268 254 0(56104.00, 56104.00)
route 11, node_num 7, cost 1071.658000, nodes: 0(120000.00, 120000.00) 89 248 56 42 288 0(43453.00, 43453.00)
route 12, node_num 7, cost 1493.646000, nodes: 0(120000.00, 120000.00) 127 309 377 387 237 0(13311.00, 13311.00)
route 13, node_num 5, cost 666.582000, nodes: 0(120000.00, 120000.00) 132 314 180 0(72387.00, 72387.00)
route 14, node_num 7, cost 990.892000, nodes: 0(120000.00, 120000.00) 135 365 30 119 80 0(49222.00, 49222.00)
route 15, node_num 7, cost 838.558000, nodes: 0(120000.00, 120000.00) 146 182 298 39 147 0(60103.00, 60103.00)
route 16, node_num 8, cost 1630.524000, nodes: 0(120000.00, 120000.00) 149 200 113 3 109 534(31849.00, 31849.00) 0(3534.00, 3534.00)
route 17, node_num 9, cost 1493.898000, nodes: 0(120000.00, 120000.00) 150 165 151 511(65810.00, 109810.00) 28 398 547(98030.00, 98030.00) 0(57293.00, 57293.00)
route 18, node_num 8, cost 1323.126000, nodes: 0(120000.00, 120000.00) 153 307 55 393 13 381 0(25491.00, 25491.00)
route 19, node_num 6, cost 1186.612000, nodes: 0(120000.00, 120000.00) 157 25 38 171 0(35242.00, 35242.00)
route 20, node_num 6, cost 734.412000, nodes: 0(120000.00, 120000.00) 158 131 93 220 0(67542.00, 67542.00)
route 21, node_num 9, cost 1564.276000, nodes: 0(120000.00, 120000.00) 166 245 339 302 367 65 596(33751.00, 33751.00) 0(8266.00, 8266.00)
route 22, node_num 7, cost 479.934000, nodes: 0(120000.00, 120000.00) 167 362 204 40 331 0(85719.00, 85719.00)
route 23, node_num 7, cost 796.474000, nodes: 0(120000.00, 120000.00) 173 90 217 169 382 0(63109.00, 63109.00)
route 24, node_num 7, cost 1239.798000, nodes: 0(120000.00, 120000.00) 174 45 105 24 294 0(31443.00, 31443.00)
route 25, node_num 8, cost 692.874000, nodes: 0(120000.00, 120000.00) 179 344 136 239 32 47 0(70509.00, 70509.00)
route 26, node_num 7, cost 1590.666000, nodes: 0(120000.00, 120000.00) 185 104 194 67 60 0(6381.00, 6381.00)
route 27, node_num 6, cost 914.872000, nodes: 0(120000.00, 120000.00) 187 196 191 188 0(54652.00, 54652.00)
route 28, node_num 6, cost 1030.750000, nodes: 0(120000.00, 120000.00) 189 375 59 292 0(46375.00, 46375.00)
route 29, node_num 8, cost 1058.498000, nodes: 0(120000.00, 120000.00) 192 273 345 12 324 340 0(44393.00, 44393.00)
route 30, node_num 6, cost 955.948000, nodes: 0(120000.00, 120000.00) 201 81 33 54 0(51718.00, 51718.00)
route 31, node_num 9, cost 1837.360000, nodes: 0(120000.00, 120000.00) 212 142 542(59370.00, 59370.00) 53 141 125 494(21156.00, 32396.00) 0(0.00, 0.00)
route 32, node_num 6, cost 731.416000, nodes: 0(120000.00, 120000.00) 222 209 121 341 0(67756.00, 67756.00)
route 33, node_num 6, cost 1306.732000, nodes: 0(120000.00, 120000.00) 225 98 295 297 0(26662.00, 26662.00)
route 34, node_num 6, cost 623.084000, nodes: 0(120000.00, 120000.00) 229 46 94 11 0(75494.00, 75494.00)
route 35, node_num 6, cost 791.336000, nodes: 0(120000.00, 120000.00) 230 160 284 325 0(63476.00, 63476.00)
route 36, node_num 6, cost 1412.096000, nodes: 0(120000.00, 120000.00) 231 251 218 318 0(19136.00, 19136.00)
route 37, node_num 6, cost 981.540000, nodes: 0(120000.00, 120000.00) 233 262 17 170 0(49890.00, 49890.00)
route 38, node_num 8, cost 866.068000, nodes: 0(120000.00, 120000.00) 235 280 96 26 95 91 0(58138.00, 58138.00)
route 39, node_num 6, cost 156.772000, nodes: 0(120000.00, 120000.00) 242 372 124 226 0(108802.00, 108802.00)
route 40, node_num 9, cost 1546.300000, nodes: 0(120000.00, 120000.00) 244 110 332 319 202 123 425(33677.00, 33677.00) 0(9550.00, 9550.00)
route 41, node_num 7, cost 910.070000, nodes: 0(120000.00, 120000.00) 249 87 175 234 329 0(54995.00, 54995.00)
route 42, node_num 6, cost 680.806000, nodes: 0(120000.00, 120000.00) 250 71 258 282 0(71371.00, 71371.00)
route 43, node_num 6, cost 1411.032000, nodes: 0(120000.00, 120000.00) 255 102 126 316 0(19212.00, 19212.00)
route 44, node_num 7, cost 1618.806000, nodes: 0(120000.00, 120000.00) 257 266 264 385 154 0(4371.00, 4371.00)
route 45, node_num 6, cost 1567.132000, nodes: 0(120000.00, 120000.00) 259 300 277 114 0(8062.00, 8062.00)
route 46, node_num 7, cost 1387.036000, nodes: 0(120000.00, 120000.00) 261 359 5 232 181 0(20926.00, 20926.00)
route 47, node_num 7, cost 1033.242000, nodes: 0(120000.00, 120000.00) 263 176 347 275 215 0(46197.00, 46197.00)
route 48, node_num 5, cost 331.422000, nodes: 0(120000.00, 120000.00) 265 279 333 0(96327.00, 96327.00)
route 49, node_num 7, cost 1512.588000, nodes: 0(120000.00, 120000.00) 271 156 97 116 143 0(11958.00, 11958.00)
route 50, node_num 6, cost 1585.920000, nodes: 0(120000.00, 120000.00) 272 386 334 370 0(6720.00, 6720.00)
route 51, node_num 7, cost 1090.726000, nodes: 0(120000.00, 120000.00) 278 210 313 16 290 0(42091.00, 42091.00)
route 52, node_num 7, cost 1309.056000, nodes: 0(120000.00, 120000.00) 285 152 227 348 118 0(26496.00, 26496.00)
route 53, node_num 6, cost 1048.362000, nodes: 0(120000.00, 120000.00) 289 19 379 193 0(45117.00, 45117.00)
route 54, node_num 7, cost 1631.574000, nodes: 0(120000.00, 120000.00) 303 260 183 112 219 0(3459.00, 3459.00)
route 55, node_num 7, cost 1316.700000, nodes: 0(120000.00, 120000.00) 304 138 301 353 343 0(25950.00, 25950.00)
route 56, node_num 7, cost 1132.348000, nodes: 0(120000.00, 120000.00) 306 364 296 228 4 0(39118.00, 39118.00)
route 57, node_num 8, cost 874.496000, nodes: 0(120000.00, 120000.00) 310 69 208 223 198 352 0(57536.00, 57536.00)
route 58, node_num 8, cost 827.036000, nodes: 0(120000.00, 120000.00) 311 400 337 130 36 338 0(60926.00, 60926.00)
route 59, node_num 7, cost 889.168000, nodes: 0(120000.00, 120000.00) 315 322 101 115 106 0(56488.00, 56488.00)
route 60, node_num 7, cost 664.776000, nodes: 0(120000.00, 120000.00) 320 291 312 211 349 0(72516.00, 72516.00)
route 61, node_num 6, cost 910.868000, nodes: 0(120000.00, 120000.00) 326 163 221 20 0(54938.00, 54938.00)
route 62, node_num 8, cost 1662.360000, nodes: 0(120000.00, 120000.00) 327 58 61 85 172 594(33656.00, 33656.00) 0(1260.00, 1260.00)
route 63, node_num 8, cost 1099.196000, nodes: 0(120000.00, 120000.00) 330 27 15 354 164 50 0(41486.00, 41486.00)
route 64, node_num 8, cost 1633.030000, nodes: 0(120000.00, 120000.00) 346 128 29 207 177 525(27482.00, 27482.00) 0(3355.00, 3355.00)
route 65, node_num 8, cost 1846.642000, nodes: 0(120000.00, 120000.00) 351 1 6 107 490(43372.00, 55275.00) 308 0(0.00, 0.00)
route 66, node_num 7, cost 710.976000, nodes: 0(120000.00, 120000.00) 355 394 286 238 396 0(69216.00, 69216.00)
route 67, node_num 6, cost 959.140000, nodes: 0(120000.00, 120000.00) 356 335 22 374 0(51490.00, 51490.00)
route 68, node_num 8, cost 771.638000, nodes: 0(120000.00, 120000.00) 357 388 305 139 133 369 0(64883.00, 64883.00)
route 69, node_num 8, cost 1323.028000, nodes: 0(120000.00, 120000.00) 360 103 243 82 186 492(48255.00, 48255.00) 0(25498.00, 25498.00)
route 70, node_num 7, cost 1675.282000, nodes: 0(120000.00, 120000.00) 361 88 129 269 161 0(337.00, 337.00)
route 71, node_num 7, cost 1495.858000, nodes: 0(120000.00, 120000.00) 363 247 23 49 384 0(13153.00, 13153.00)
route 72, node_num 6, cost 701.064000, nodes: 0(120000.00, 120000.00) 366 35 276 336 0(69924.00, 69924.00)
route 73, node_num 7, cost 1488.060000, nodes: 0(120000.00, 120000.00) 368 140 18 358 252 0(13710.00, 13710.00)
route 74, node_num 7, cost 623.616000, nodes: 0(120000.00, 120000.00) 373 397 190 317 195 0(75456.00, 75456.00)
route 75, node_num 6, cost 563.752000, nodes: 0(120000.00, 120000.00) 376 214 287 395 0(79732.00, 79732.00)
route 76, node_num 8, cost 1771.490000, nodes: 0(120000.00, 120000.00) 378 240 442(56861.00, 63396.00) 213 73 267 0(0.00, 0.00)
route 77, node_num 8, cost 1305.906000, nodes: 0(120000.00, 120000.00) 383 9 224 100 64 203 0(26721.00, 26721.00)
route 78, node_num 6, cost 705.572000, nodes: 0(120000.00, 120000.00) 389 120 62 293 0(69602.00, 69602.00)
route 79, node_num 7, cost 671.118000, nodes: 0(120000.00, 120000.00) 390 199 74 134 2 0(72063.00, 72063.00)
route 80, node_num 8, cost 796.362000, nodes: 0(120000.00, 120000.00) 391 283 21 256 178 371 0(63117.00, 63117.00)
route 81, node_num 9, cost 945.938000, nodes: 0(120000.00, 120000.00) 399 184 84 206 137 168 467(67111.00, 67111.00) 0(52433.00, 52433.00)
route 82, node_num 7, cost 573.244000, nodes: 0(120000.00, 120000.00) 451(106137.00, 120000.00) 86 34 246 37 0(92917.00, 92917.00)
route 83, node_num 8, cost 1462.510000, nodes: 0(120000.00, 120000.00) 499(84505.00, 120000.00) 236 392 281 48 568(80267.00, 80267.00) 0(51030.00, 51030.00)
vehicle (route) number: 84
Total cost: 118845.30
118845.30, 5404.86
