Details of the solution:
route 0, node_num 8, cost 1858.290000, nodes: 0(120000.00, 120000.00) 7 26 162 291 209 447(36463.00, 49198.00) 0(0.00, 0.00)
route 1, node_num 7, cost 1582.854000, nodes: 0(120000.00, 120000.00) 16 85 236 134 165 0(6939.00, 6939.00)
route 2, node_num 5, cost 747.390000, nodes: 0(120000.00, 120000.00) 24 196 203 0(66615.00, 66615.00)
route 3, node_num 7, cost 990.416000, nodes: 0(120000.00, 120000.00) 27 272 184 379 361 0(49256.00, 49256.00)
route 4, node_num 7, cost 1424.318000, nodes: 0(120000.00, 120000.00) 38 348 186 369 107 0(18263.00, 18263.00)
route 5, node_num 6, cost 1330.770000, nodes: 0(120000.00, 120000.00) 40 352 152 192 0(24945.00, 24945.00)
route 6, node_num 7, cost 1008.756000, nodes: 0(120000.00, 120000.00) 44 31 304 397 113 0(47946.00, 47946.00)
route 7, node_num 6, cost 1339.492000, nodes: 0(120000.00, 120000.00) 52 252 373 191 0(24322.00, 24322.00)
route 8, node_num 8, cost 1778.980000, nodes: 0(120000.00, 120000.00) 55 132 5 233 32 438(33449.00, 40519.00) 0(0.00, 0.00)
route 9, node_num 6, cost 326.466000, nodes: 0(120000.00, 120000.00) 57 398 311 201 0(96681.00, 96681.00)
route 10, node_num 5, cost 840.350000, nodes: 0(120000.00, 120000.00) 64 168 88 0(59975.00, 59975.00)
route 11, node_num 8, cost 1474.914000, nodes: 0(120000.00, 120000.00) 68 235 163 11 180 423(19163.00, 19163.00) 0(14649.00, 14649.00)
route 12, node_num 7, cost 1593.102000, nodes: 0(120000.00, 120000.00) 90 158 92 43 157 0(6207.00, 6207.00)
route 13, node_num 8, cost 1772.274000, nodes: 0(120000.00, 120000.00) 100 281 181 128 378 515(24950.00, 31541.00) 0(0.00, 0.00)
route 14, node_num 7, cost 1647.520000, nodes: 0(120000.00, 120000.00) 101 330 41 118 365 0(2320.00, 2320.00)
route 15, node_num 6, cost 944.916000, nodes: 0(120000.00, 120000.00) 102 116 87 35 0(52506.00, 52506.00)
route 16, node_num 5, cost 312.312000, nodes: 0(120000.00, 120000.00) 109 327 286 0(97692.00, 97692.00)
route 17, node_num 5, cost 608.622000, nodes: 0(120000.00, 120000.00) 119 130 140 0(76527.00, 76527.00)
route 18, node_num 8, cost 1464.246000, nodes: 0(120000.00, 120000.00) 120 513(70604.00, 86604.00) 91 325 208 59 0(31411.00, 31411.00)
route 19, node_num 7, cost 1212.610000, nodes: 0(120000.00, 120000.00) 123 137 339 251 227 0(33385.00, 33385.00)
route 20, node_num 4, cost 471.282000, nodes: 0(120000.00, 120000.00) 124 374 0(86337.00, 86337.00)
route 21, node_num 7, cost 1622.222000, nodes: 0(120000.00, 120000.00) 126 80 125 33 30 0(4127.00, 4127.00)
route 22, node_num 5, cost 1252.622000, nodes: 0(120000.00, 120000.00) 131 318 69 0(30527.00, 30527.00)
route 23, node_num 7, cost 923.930000, nodes: 0(120000.00, 120000.00) 133 39 364 188 271 0(54005.00, 54005.00)
route 24, node_num 9, cost 1170.498000, nodes: 0(120000.00, 120000.00) 135 400 283 323 20 95 518(45360.00, 45360.00) 0(36393.00, 36393.00)
route 25, node_num 8, cost 1645.196000, nodes: 0(120000.00, 120000.00) 136 1 13 215 45 561(6972.00, 6972.00) 0(2486.00, 2486.00)
route 26, node_num 7, cost 1106.434000, nodes: 0(120000.00, 120000.00) 146 321 256 159 187 0(40969.00, 40969.00)
route 27, node_num 6, cost 680.008000, nodes: 0(120000.00, 120000.00) 147 217 384 117 0(71428.00, 71428.00)
route 28, node_num 8, cost 1112.776000, nodes: 0(120000.00, 120000.00) 154 282 19 240 275 464(59850.00, 59850.00) 0(40516.00, 40516.00)
route 29, node_num 8, cost 1476.986000, nodes: 0(120000.00, 120000.00) 166 220 319 219 50 461(18987.00, 18987.00) 0(14501.00, 14501.00)
route 30, node_num 6, cost 1508.948000, nodes: 0(120000.00, 120000.00) 171 350 276 182 0(12218.00, 12218.00)
route 31, node_num 6, cost 1551.536000, nodes: 0(120000.00, 120000.00) 173 259 226 76 0(9176.00, 9176.00)
route 32, node_num 8, cost 908.964000, nodes: 0(120000.00, 120000.00) 174 340 63 375 37 53 0(55074.00, 55074.00)
route 33, node_num 7, cost 1059.058000, nodes: 0(120000.00, 120000.00) 175 8 298 262 253 0(44353.00, 44353.00)
route 34, node_num 7, cost 1249.780000, nodes: 0(120000.00, 120000.00) 178 86 28 349 370 0(30730.00, 30730.00)
route 35, node_num 7, cost 1247.638000, nodes: 0(120000.00, 120000.00) 195 239 389 129 75 0(30883.00, 30883.00)
route 36, node_num 7, cost 1608.026000, nodes: 0(120000.00, 120000.00) 198 143 273 269 415(36682.00, 36682.00) 0(5141.00, 5141.00)
route 37, node_num 7, cost 1553.118000, nodes: 0(120000.00, 120000.00) 204 305 121 70 381 0(9063.00, 9063.00)
route 38, node_num 5, cost 897.498000, nodes: 0(120000.00, 120000.00) 213 17 169 0(55893.00, 55893.00)
route 39, node_num 5, cost 686.476000, nodes: 0(120000.00, 120000.00) 218 3 65 0(70966.00, 70966.00)
route 40, node_num 8, cost 1362.438000, nodes: 0(120000.00, 120000.00) 222 214 179 279 34 503(31798.00, 31798.00) 0(22683.00, 22683.00)
route 41, node_num 6, cost 856.562000, nodes: 0(120000.00, 120000.00) 228 391 25 301 0(58817.00, 58817.00)
route 42, node_num 6, cost 1260.602000, nodes: 0(120000.00, 120000.00) 231 60 390 98 0(29957.00, 29957.00)
route 43, node_num 5, cost 1116.500000, nodes: 0(120000.00, 120000.00) 250 150 345 0(40250.00, 40250.00)
route 44, node_num 6, cost 959.700000, nodes: 0(120000.00, 120000.00) 255 4 299 346 0(51450.00, 51450.00)
route 45, node_num 8, cost 505.918000, nodes: 0(120000.00, 120000.00) 261 290 249 343 241 306 0(83863.00, 83863.00)
route 46, node_num 6, cost 1026.088000, nodes: 0(120000.00, 120000.00) 266 394 211 595(60938.00, 60938.00) 0(46708.00, 46708.00)
route 47, node_num 7, cost 1086.484000, nodes: 0(120000.00, 120000.00) 267 371 103 36 138 0(42394.00, 42394.00)
route 48, node_num 7, cost 873.236000, nodes: 0(120000.00, 120000.00) 268 246 351 115 42 0(57626.00, 57626.00)
route 49, node_num 6, cost 422.772000, nodes: 0(120000.00, 120000.00) 280 324 189 12 0(89802.00, 89802.00)
route 50, node_num 8, cost 1529.458000, nodes: 0(120000.00, 120000.00) 284 377 200 274 10 428(43757.00, 43757.00) 0(10753.00, 10753.00)
route 51, node_num 6, cost 1503.866000, nodes: 0(120000.00, 120000.00) 285 197 185 47 0(12581.00, 12581.00)
route 52, node_num 6, cost 839.244000, nodes: 0(120000.00, 120000.00) 288 335 108 359 0(60054.00, 60054.00)
route 53, node_num 8, cost 1567.468000, nodes: 0(120000.00, 120000.00) 289 293 167 155 456(31705.00, 31705.00) 205 0(8038.00, 8038.00)
route 54, node_num 6, cost 1274.336000, nodes: 0(120000.00, 120000.00) 294 358 307 122 0(28976.00, 28976.00)
route 55, node_num 7, cost 895.412000, nodes: 0(120000.00, 120000.00) 296 142 93 153 312 0(56042.00, 56042.00)
route 56, node_num 7, cost 711.032000, nodes: 0(120000.00, 120000.00) 297 270 156 72 14 0(69212.00, 69212.00)
route 57, node_num 7, cost 1433.348000, nodes: 0(120000.00, 120000.00) 302 199 49 392 363 0(17618.00, 17618.00)
route 58, node_num 7, cost 1533.588000, nodes: 0(120000.00, 120000.00) 303 308 151 48 545(33261.00, 33261.00) 0(10458.00, 10458.00)
route 59, node_num 6, cost 1414.812000, nodes: 0(120000.00, 120000.00) 322 78 74 234 0(18942.00, 18942.00)
route 60, node_num 8, cost 768.978000, nodes: 0(120000.00, 120000.00) 326 46 295 314 354 61 0(65073.00, 65073.00)
route 61, node_num 7, cost 986.370000, nodes: 0(120000.00, 120000.00) 328 344 81 110 111 0(49545.00, 49545.00)
route 62, node_num 7, cost 1229.116000, nodes: 0(120000.00, 120000.00) 331 337 385 71 467(53619.00, 53619.00) 0(32206.00, 32206.00)
route 63, node_num 6, cost 1034.012000, nodes: 0(120000.00, 120000.00) 333 56 58 207 0(46142.00, 46142.00)
route 64, node_num 6, cost 382.004000, nodes: 0(120000.00, 120000.00) 338 221 310 216 0(92714.00, 92714.00)
route 65, node_num 6, cost 854.014000, nodes: 0(120000.00, 120000.00) 341 313 317 576(89132.00, 89132.00) 0(58999.00, 58999.00)
route 66, node_num 7, cost 557.718000, nodes: 0(120000.00, 120000.00) 347 247 82 206 342 0(80163.00, 80163.00)
route 67, node_num 5, cost 925.764000, nodes: 0(120000.00, 120000.00) 353 18 254 0(53874.00, 53874.00)
route 68, node_num 6, cost 449.904000, nodes: 0(120000.00, 120000.00) 357 23 212 277 0(87864.00, 87864.00)
route 69, node_num 5, cost 430.290000, nodes: 0(120000.00, 120000.00) 360 336 300 0(89265.00, 89265.00)
route 70, node_num 5, cost 1204.518000, nodes: 0(120000.00, 120000.00) 362 193 94 0(33963.00, 33963.00)
route 71, node_num 8, cost 1612.422000, nodes: 0(120000.00, 120000.00) 367 144 224 51 66 523(9341.00, 9341.00) 0(4827.00, 4827.00)
route 72, node_num 7, cost 967.540000, nodes: 0(120000.00, 120000.00) 382 190 161 237 320 0(50890.00, 50890.00)
route 73, node_num 7, cost 1103.970000, nodes: 0(120000.00, 120000.00) 387 257 22 225 263 0(41145.00, 41145.00)
route 74, node_num 6, cost 1106.280000, nodes: 0(120000.00, 120000.00) 388 332 62 105 0(40980.00, 40980.00)
route 75, node_num 9, cost 1893.668000, nodes: 0(120000.00, 120000.00) 403(111689.00, 119689.00) 84 238 145 176 83 528(25742.00, 33004.00) 0(0.00, 0.00)
route 76, node_num 7, cost 1516.522000, nodes: 0(120000.00, 120000.00) 417(97837.00, 97837.00) 395 99 148 170 0(11677.00, 11677.00)
route 77, node_num 6, cost 1731.506000, nodes: 0(120000.00, 120000.00) 419(75699.00, 79378.00) 356 292 309 0(0.00, 0.00)
route 78, node_num 7, cost 1483.706000, nodes: 0(120000.00, 120000.00) 421(81946.00, 113946.00) 245 287 396 376 0(46021.00, 46021.00)
route 79, node_num 8, cost 1430.338000, nodes: 0(120000.00, 120000.00) 426(109219.00, 109219.00) 21 372 258 243 265 0(17833.00, 17833.00)
route 80, node_num 7, cost 1799.616000, nodes: 0(120000.00, 120000.00) 430(107152.00, 115696.00) 355 29 202 315 0(0.00, 0.00)
route 81, node_num 6, cost 872.186000, nodes: 0(120000.00, 120000.00) 445(99812.00, 120000.00) 210 2 9 0(77889.00, 77889.00)
route 82, node_num 7, cost 1101.282000, nodes: 0(120000.00, 120000.00) 448(89308.00, 89308.00) 386 172 127 97 0(41337.00, 41337.00)
route 83, node_num 8, cost 1334.928000, nodes: 0(120000.00, 120000.00) 450(76684.00, 76684.00) 183 232 366 77 164 0(24648.00, 24648.00)
route 84, node_num 7, cost 1239.378000, nodes: 0(120000.00, 120000.00) 492(100649.00, 100649.00) 6 89 264 106 0(31473.00, 31473.00)
route 85, node_num 6, cost 1536.220000, nodes: 0(120000.00, 120000.00) 507(76524.00, 76524.00) 141 334 242 0(10270.00, 10270.00)
route 86, node_num 8, cost 1544.088000, nodes: 0(120000.00, 120000.00) 517(97837.00, 97837.00) 139 383 104 54 592(31899.00, 31899.00) 0(9708.00, 9708.00)
route 87, node_num 7, cost 1425.984000, nodes: 0(120000.00, 120000.00) 521(81946.00, 113946.00) 230 67 194 114 0(50144.00, 50144.00)
route 88, node_num 8, cost 1500.730000, nodes: 0(120000.00, 120000.00) 522(83916.00, 120000.00) 393 177 244 73 564(68223.00, 68223.00) 0(48889.00, 48889.00)
route 89, node_num 9, cost 1628.004000, nodes: 0(120000.00, 120000.00) 524(78004.00, 78004.00) 586(74448.00, 74448.00) 229 15 112 399 278 0(3714.00, 3714.00)
route 90, node_num 8, cost 1735.328000, nodes: 0(120000.00, 120000.00) 530(107152.00, 107152.00) 223 368 96 380 556(19426.00, 23378.00) 0(0.00, 0.00)
route 91, node_num 7, cost 1659.952000, nodes: 0(120000.00, 120000.00) 542(82476.00, 82476.00) 149 329 79 248 0(1432.00, 1432.00)
route 92, node_num 6, cost 1629.698000, nodes: 0(120000.00, 120000.00) 577(102343.00, 102343.00) 160 316 260 0(3593.00, 3593.00)
vehicle (route) number: 93
Total cost: 138740.49
138740.49, 5403.54
