Details of the solution:
route 0, node_num 8, cost 805.588000, nodes: 0(120000.00, 120000.00) 4 377 198 379 235 438(79577.00, 79577.00) 0(62458.00, 62458.00)
route 1, node_num 8, cost 1060.696000, nodes: 0(120000.00, 120000.00) 8 59 21 229 252 517(65965.00, 65965.00) 0(44236.00, 44236.00)
route 2, node_num 7, cost 836.626000, nodes: 0(120000.00, 120000.00) 17 68 208 106 289 0(60241.00, 60241.00)
route 3, node_num 8, cost 918.442000, nodes: 0(120000.00, 120000.00) 18 397 383 15 254 558(72436.00, 72436.00) 0(54397.00, 54397.00)
route 4, node_num 7, cost 792.848000, nodes: 0(120000.00, 120000.00) 20 298 26 191 100 0(63368.00, 63368.00)
route 5, node_num 7, cost 1765.974000, nodes: 0(120000.00, 120000.00) 27 264 111 275 436(27110.00, 33251.00) 0(0.00, 0.00)
route 6, node_num 5, cost 418.180000, nodes: 0(120000.00, 120000.00) 31 364 134 0(90130.00, 90130.00)
route 7, node_num 6, cost 576.996000, nodes: 0(120000.00, 120000.00) 35 51 142 393 0(78786.00, 78786.00)
route 8, node_num 6, cost 1041.908000, nodes: 0(120000.00, 120000.00) 38 140 301 310 0(45578.00, 45578.00)
route 9, node_num 6, cost 1378.440000, nodes: 0(120000.00, 120000.00) 52 270 213 406(57778.00, 57778.00) 0(21540.00, 21540.00)
route 10, node_num 6, cost 984.592000, nodes: 0(120000.00, 120000.00) 55 189 400 57 0(49672.00, 49672.00)
route 11, node_num 6, cost 904.862000, nodes: 0(120000.00, 120000.00) 58 322 300 10 0(55367.00, 55367.00)
route 12, node_num 6, cost 1306.802000, nodes: 0(120000.00, 120000.00) 62 143 61 121 0(26657.00, 26657.00)
route 13, node_num 7, cost 963.102000, nodes: 0(120000.00, 120000.00) 64 356 313 110 481(74319.00, 74319.00) 0(51207.00, 51207.00)
route 14, node_num 8, cost 537.152000, nodes: 0(120000.00, 120000.00) 65 92 150 7 119 32 0(81632.00, 81632.00)
route 15, node_num 7, cost 1448.118000, nodes: 0(120000.00, 120000.00) 71 40 87 278 478(44824.00, 44824.00) 0(16563.00, 16563.00)
route 16, node_num 7, cost 860.132000, nodes: 0(120000.00, 120000.00) 79 237 349 273 153 0(58562.00, 58562.00)
route 17, node_num 7, cost 1350.118000, nodes: 0(120000.00, 120000.00) 86 80 172 327 426(61747.00, 61747.00) 0(23563.00, 23563.00)
route 18, node_num 6, cost 340.732000, nodes: 0(120000.00, 120000.00) 89 23 279 359 0(95662.00, 95662.00)
route 19, node_num 6, cost 740.964000, nodes: 0(120000.00, 120000.00) 97 83 388 161 0(67074.00, 67074.00)
route 20, node_num 8, cost 981.666000, nodes: 0(120000.00, 120000.00) 102 234 328 91 375 538(67000.00, 67000.00) 0(49881.00, 49881.00)
route 21, node_num 7, cost 1484.756000, nodes: 0(120000.00, 120000.00) 104 14 286 344 446(43739.00, 43739.00) 0(13946.00, 13946.00)
route 22, node_num 6, cost 623.826000, nodes: 0(120000.00, 120000.00) 124 44 130 200 0(75441.00, 75441.00)
route 23, node_num 5, cost 506.044000, nodes: 0(120000.00, 120000.00) 129 283 513(94943.00, 94943.00) 0(83854.00, 83854.00)
route 24, node_num 6, cost 1152.410000, nodes: 0(120000.00, 120000.00) 133 253 239 28 0(37685.00, 37685.00)
route 25, node_num 8, cost 1189.020000, nodes: 0(120000.00, 120000.00) 138 366 267 85 353 593(49160.00, 49160.00) 0(35070.00, 35070.00)
route 26, node_num 5, cost 866.376000, nodes: 0(120000.00, 120000.00) 147 98 120 0(58116.00, 58116.00)
route 27, node_num 7, cost 1105.342000, nodes: 0(120000.00, 120000.00) 149 151 25 41 370 0(41047.00, 41047.00)
route 28, node_num 6, cost 800.254000, nodes: 0(120000.00, 120000.00) 158 206 351 365 0(62839.00, 62839.00)
route 29, node_num 5, cost 1554.938000, nodes: 0(120000.00, 120000.00) 168 318 425(51023.00, 51023.00) 0(8933.00, 8933.00)
route 30, node_num 7, cost 1513.722000, nodes: 0(120000.00, 120000.00) 169 188 392 45 421(51104.00, 51104.00) 0(11877.00, 11877.00)
route 31, node_num 6, cost 1180.172000, nodes: 0(120000.00, 120000.00) 174 154 82 2 0(35702.00, 35702.00)
route 32, node_num 6, cost 1471.064000, nodes: 0(120000.00, 120000.00) 177 376 179 316 0(14924.00, 14924.00)
route 33, node_num 7, cost 549.654000, nodes: 0(120000.00, 120000.00) 181 309 74 334 398 0(80739.00, 80739.00)
route 34, node_num 8, cost 679.784000, nodes: 0(120000.00, 120000.00) 185 288 72 323 384 126 0(71444.00, 71444.00)
route 35, node_num 6, cost 1220.128000, nodes: 0(120000.00, 120000.00) 190 139 163 378 0(32848.00, 32848.00)
route 36, node_num 7, cost 1365.364000, nodes: 0(120000.00, 120000.00) 192 76 380 232 452(56313.00, 56313.00) 0(22474.00, 22474.00)
route 37, node_num 5, cost 1280.496000, nodes: 0(120000.00, 120000.00) 193 113 156 0(28536.00, 28536.00)
route 38, node_num 8, cost 1822.814000, nodes: 0(120000.00, 120000.00) 199 360 207 128 308 572(32716.00, 42917.00) 0(0.00, 0.00)
route 39, node_num 7, cost 891.814000, nodes: 0(120000.00, 120000.00) 205 268 24 135 433(69237.00, 69237.00) 0(56299.00, 56299.00)
route 40, node_num 5, cost 540.064000, nodes: 0(120000.00, 120000.00) 219 203 337 0(81424.00, 81424.00)
route 41, node_num 6, cost 424.228000, nodes: 0(120000.00, 120000.00) 220 95 183 47 0(89698.00, 89698.00)
route 42, node_num 8, cost 1067.024000, nodes: 0(120000.00, 120000.00) 225 335 108 152 30 582(56700.00, 56700.00) 0(43784.00, 43784.00)
route 43, node_num 5, cost 221.844000, nodes: 0(120000.00, 120000.00) 226 293 240 0(104154.00, 104154.00)
route 44, node_num 6, cost 901.978000, nodes: 0(120000.00, 120000.00) 227 368 166 145 0(55573.00, 55573.00)
route 45, node_num 6, cost 560.868000, nodes: 0(120000.00, 120000.00) 228 256 348 164 0(79938.00, 79938.00)
route 46, node_num 7, cost 1801.492000, nodes: 0(120000.00, 120000.00) 230 307 141 233 435(37094.00, 45772.00) 0(0.00, 0.00)
route 47, node_num 7, cost 1434.034000, nodes: 0(120000.00, 120000.00) 236 211 202 381 545(43471.00, 43471.00) 0(17569.00, 17569.00)
route 48, node_num 6, cost 1085.350000, nodes: 0(120000.00, 120000.00) 247 274 257 258 0(42475.00, 42475.00)
route 49, node_num 6, cost 1269.366000, nodes: 0(120000.00, 120000.00) 259 99 340 463(51610.00, 51610.00) 0(29331.00, 29331.00)
route 50, node_num 7, cost 1203.440000, nodes: 0(120000.00, 120000.00) 260 265 385 243 180 0(34040.00, 34040.00)
route 51, node_num 6, cost 572.656000, nodes: 0(120000.00, 120000.00) 262 215 242 396 0(79096.00, 79096.00)
route 52, node_num 8, cost 977.704000, nodes: 0(120000.00, 120000.00) 269 210 387 107 271 503(72363.00, 72363.00) 0(50164.00, 50164.00)
route 53, node_num 8, cost 1390.984000, nodes: 0(120000.00, 120000.00) 285 9 73 214 194 514(58260.00, 58260.00) 0(20644.00, 20644.00)
route 54, node_num 7, cost 1445.066000, nodes: 0(120000.00, 120000.00) 290 12 277 217 502(40908.00, 40908.00) 0(16781.00, 16781.00)
route 55, node_num 8, cost 501.844000, nodes: 0(120000.00, 120000.00) 291 317 204 96 361 311 0(84154.00, 84154.00)
route 56, node_num 7, cost 449.792000, nodes: 0(120000.00, 120000.00) 294 88 367 48 39 0(87872.00, 87872.00)
route 57, node_num 6, cost 1041.012000, nodes: 0(120000.00, 120000.00) 303 146 319 209 0(45642.00, 45642.00)
route 58, node_num 7, cost 1180.606000, nodes: 0(120000.00, 120000.00) 305 6 355 175 63 0(35671.00, 35671.00)
route 59, node_num 8, cost 1175.860000, nodes: 0(120000.00, 120000.00) 321 77 137 37 221 448(60707.00, 60707.00) 0(36010.00, 36010.00)
route 60, node_num 7, cost 1362.760000, nodes: 0(120000.00, 120000.00) 332 1 296 184 101 0(22660.00, 22660.00)
route 61, node_num 9, cost 578.032000, nodes: 0(120000.00, 120000.00) 333 144 165 93 231 195 81 0(78712.00, 78712.00)
route 62, node_num 6, cost 1087.044000, nodes: 0(120000.00, 120000.00) 338 159 329 67 0(42354.00, 42354.00)
route 63, node_num 7, cost 1506.540000, nodes: 0(120000.00, 120000.00) 339 66 75 109 84 0(12390.00, 12390.00)
route 64, node_num 6, cost 1122.828000, nodes: 0(120000.00, 120000.00) 341 320 295 29 0(39798.00, 39798.00)
route 65, node_num 7, cost 1891.414000, nodes: 0(120000.00, 120000.00) 350 187 22 49 536(18150.00, 33251.00) 0(0.00, 0.00)
route 66, node_num 6, cost 1423.450000, nodes: 0(120000.00, 120000.00) 354 103 53 182 0(18325.00, 18325.00)
route 67, node_num 8, cost 1691.298000, nodes: 0(120000.00, 120000.00) 357 280 302 118 60 472(42110.00, 42917.00) 0(0.00, 0.00)
route 68, node_num 7, cost 1189.804000, nodes: 0(120000.00, 120000.00) 362 218 43 136 563(57293.00, 57293.00) 0(35014.00, 35014.00)
route 69, node_num 5, cost 1034.670000, nodes: 0(120000.00, 120000.00) 363 131 345 0(46095.00, 46095.00)
route 70, node_num 8, cost 962.262000, nodes: 0(120000.00, 120000.00) 372 114 178 244 299 411(74439.00, 74439.00) 0(51267.00, 51267.00)
route 71, node_num 7, cost 1714.888000, nodes: 0(120000.00, 120000.00) 373 16 201 90 477(39984.00, 42476.00) 0(0.00, 0.00)
route 72, node_num 8, cost 1067.304000, nodes: 0(120000.00, 120000.00) 374 284 394 324 34 347 0(43764.00, 43764.00)
route 73, node_num 9, cost 1080.478000, nodes: 0(120000.00, 120000.00) 386 216 162 251 170 266 533(55761.00, 55761.00) 0(42823.00, 42823.00)
route 74, node_num 7, cost 1833.916000, nodes: 0(120000.00, 120000.00) 399 196 248 346 454(31964.00, 42958.00) 0(0.00, 0.00)
route 75, node_num 7, cost 1597.022000, nodes: 0(120000.00, 120000.00) 416(95738.00, 120000.00) 70 116 343 488(66420.00, 66420.00) 0(30189.00, 30189.00)
route 76, node_num 7, cost 1396.052000, nodes: 0(120000.00, 120000.00) 417(94066.00, 120000.00) 314 125 155 506(82454.00, 82454.00) 0(46216.00, 46216.00)
route 77, node_num 8, cost 1551.172000, nodes: 0(120000.00, 120000.00) 418(84742.00, 100742.00) 122 19 331 212 464(31563.00, 31563.00) 0(25202.00, 25202.00)
route 78, node_num 7, cost 1627.150000, nodes: 0(120000.00, 120000.00) 443(90980.00, 90980.00) 330 352 250 550(53406.00, 53406.00) 0(3775.00, 3775.00)
route 79, node_num 7, cost 1457.246000, nodes: 0(120000.00, 120000.00) 444(106638.00, 106638.00) 371 369 389 526(54095.00, 54095.00) 0(15911.00, 15911.00)
route 80, node_num 6, cost 1755.754000, nodes: 0(120000.00, 120000.00) 453(84325.00, 89736.00) 326 117 272 0(0.00, 0.00)
route 81, node_num 8, cost 1478.050000, nodes: 0(120000.00, 120000.00) 457(94699.00, 94699.00) 78 282 69 245 510(57622.00, 57622.00) 0(14425.00, 14425.00)
route 82, node_num 6, cost 1140.832000, nodes: 0(120000.00, 120000.00) 474(107295.00, 107295.00) 312 263 42 0(38512.00, 38512.00)
route 83, node_num 7, cost 1294.230000, nodes: 0(120000.00, 120000.00) 476(90536.00, 120000.00) 315 132 292 554(99977.00, 99977.00) 0(57019.00, 57019.00)
route 84, node_num 6, cost 1419.586000, nodes: 0(120000.00, 120000.00) 485(97648.00, 97648.00) 246 157 306 0(18601.00, 18601.00)
route 85, node_num 8, cost 1574.958000, nodes: 0(120000.00, 120000.00) 490(82075.00, 82075.00) 36 46 390 382 535(53275.00, 53275.00) 0(7503.00, 7503.00)
route 86, node_num 7, cost 1362.578000, nodes: 0(120000.00, 120000.00) 509(82478.00, 118478.00) 238 33 325 484(98038.00, 98038.00) 0(58673.00, 58673.00)
route 87, node_num 6, cost 1184.120000, nodes: 0(120000.00, 120000.00) 511(93324.00, 93324.00) 197 127 5 0(35420.00, 35420.00)
route 88, node_num 9, cost 1637.370000, nodes: 0(120000.00, 120000.00) 516(95738.00, 119738.00) 336 287 276 249 11 445(52947.00, 52947.00) 0(27045.00, 27045.00)
route 89, node_num 7, cost 1546.860000, nodes: 0(120000.00, 120000.00) 543(90980.00, 90980.00) 176 261 54 588(45741.00, 45741.00) 0(9510.00, 9510.00)
route 90, node_num 6, cost 1402.660000, nodes: 0(120000.00, 120000.00) 544(106638.00, 106638.00) 223 281 520(64420.00, 64420.00) 0(19810.00, 19810.00)
route 91, node_num 8, cost 1657.936000, nodes: 0(120000.00, 120000.00) 553(84325.00, 84325.00) 148 304 241 222 402(25703.00, 25703.00) 0(1576.00, 1576.00)
route 92, node_num 9, cost 1605.254000, nodes: 0(120000.00, 120000.00) 557(94699.00, 120000.00) 395 56 167 112 342 532(64607.00, 64607.00) 0(30640.00, 30640.00)
route 93, node_num 9, cost 931.014000, nodes: 0(120000.00, 120000.00) 564(110411.00, 120000.00) 123 224 297 13 171 493(77178.00, 77178.00) 0(63088.00, 63088.00)
route 94, node_num 7, cost 1457.820000, nodes: 0(120000.00, 120000.00) 569(79763.00, 79763.00) 255 173 115 548(40567.00, 40567.00) 0(15870.00, 15870.00)
route 95, node_num 8, cost 1615.726000, nodes: 0(120000.00, 120000.00) 585(97648.00, 120000.00) 105 50 358 94 575(64760.00, 64760.00) 0(26943.00, 26943.00)
route 96, node_num 8, cost 1921.066000, nodes: 0(120000.00, 120000.00) 590(82075.00, 82075.00) 186 160 3 391 576(9232.00, 26451.00) 0(0.00, 0.00)
vehicle (route) number: 97
Total cost: 141778.27
141778.27, 5404.05
