Details of the solution:
route 0, node_num 8, cost 828.464000, nodes: 0(120000.00, 120000.00) 3 234 328 38 9 218 0(60824.00, 60824.00)
route 1, node_num 5, cost 958.566000, nodes: 0(120000.00, 120000.00) 4 127 87 0(51531.00, 51531.00)
route 2, node_num 7, cost 837.858000, nodes: 0(120000.00, 120000.00) 12 189 277 315 311 0(60153.00, 60153.00)
route 3, node_num 6, cost 1631.420000, nodes: 0(120000.00, 120000.00) 16 91 85 575(25086.00, 25086.00) 0(3470.00, 3470.00)
route 4, node_num 6, cost 699.146000, nodes: 0(120000.00, 120000.00) 18 306 241 343 0(70061.00, 70061.00)
route 5, node_num 7, cost 1236.634000, nodes: 0(120000.00, 120000.00) 21 101 248 200 150 0(31669.00, 31669.00)
route 6, node_num 5, cost 716.114000, nodes: 0(120000.00, 120000.00) 24 138 201 0(68849.00, 68849.00)
route 7, node_num 8, cost 1643.334000, nodes: 0(120000.00, 120000.00) 34 89 264 308 106 474(37184.00, 37184.00) 0(2619.00, 2619.00)
route 8, node_num 7, cost 1052.310000, nodes: 0(120000.00, 120000.00) 36 242 393 73 163 0(44835.00, 44835.00)
route 9, node_num 6, cost 832.188000, nodes: 0(120000.00, 120000.00) 40 152 352 220 0(60558.00, 60558.00)
route 10, node_num 7, cost 1650.684000, nodes: 0(120000.00, 120000.00) 41 292 92 330 274 0(2094.00, 2094.00)
route 11, node_num 6, cost 971.810000, nodes: 0(120000.00, 120000.00) 47 239 385 126 0(50585.00, 50585.00)
route 12, node_num 7, cost 1604.036000, nodes: 0(120000.00, 120000.00) 64 227 173 37 53 0(5426.00, 5426.00)
route 13, node_num 5, cost 774.704000, nodes: 0(120000.00, 120000.00) 65 359 268 0(64664.00, 64664.00)
route 14, node_num 6, cost 1343.608000, nodes: 0(120000.00, 120000.00) 80 160 129 269 0(24028.00, 24028.00)
route 15, node_num 6, cost 1255.618000, nodes: 0(120000.00, 120000.00) 84 260 337 331 0(30313.00, 30313.00)
route 16, node_num 7, cost 1389.094000, nodes: 0(120000.00, 120000.00) 90 177 43 172 463(40969.00, 40969.00) 0(20779.00, 20779.00)
route 17, node_num 5, cost 778.764000, nodes: 0(120000.00, 120000.00) 103 319 287 0(64374.00, 64374.00)
route 18, node_num 7, cost 1037.610000, nodes: 0(120000.00, 120000.00) 105 332 30 62 31 0(45885.00, 45885.00)
route 19, node_num 6, cost 919.464000, nodes: 0(120000.00, 120000.00) 113 272 397 399 0(54324.00, 54324.00)
route 20, node_num 7, cost 1521.436000, nodes: 0(120000.00, 120000.00) 114 67 244 309 155 0(11326.00, 11326.00)
route 21, node_num 8, cost 1718.570000, nodes: 0(120000.00, 120000.00) 118 281 285 197 395 577(26009.00, 28764.00) 0(0.00, 0.00)
route 22, node_num 6, cost 892.136000, nodes: 0(120000.00, 120000.00) 122 183 232 334 0(56276.00, 56276.00)
route 23, node_num 7, cost 985.040000, nodes: 0(120000.00, 120000.00) 131 98 117 123 336 0(49640.00, 49640.00)
route 24, node_num 8, cost 1177.484000, nodes: 0(120000.00, 120000.00) 133 140 206 280 324 583(66532.00, 66532.00) 0(35894.00, 35894.00)
route 25, node_num 7, cost 1169.686000, nodes: 0(120000.00, 120000.00) 142 61 70 212 57 0(36451.00, 36451.00)
route 26, node_num 7, cost 859.446000, nodes: 0(120000.00, 120000.00) 144 366 68 396 376 0(58611.00, 58611.00)
route 27, node_num 9, cost 1778.364000, nodes: 0(120000.00, 120000.00) 146 441(51470.00, 51470.00) 48 104 54 15 487(11466.00, 18492.00) 0(0.00, 0.00)
route 28, node_num 4, cost 89.222000, nodes: 0(120000.00, 120000.00) 153 93 0(113627.00, 113627.00)
route 29, node_num 5, cost 140.588000, nodes: 0(120000.00, 120000.00) 154 312 296 0(109958.00, 109958.00)
route 30, node_num 5, cost 1075.634000, nodes: 0(120000.00, 120000.00) 157 250 288 0(43169.00, 43169.00)
route 31, node_num 5, cost 712.614000, nodes: 0(120000.00, 120000.00) 161 237 108 0(69099.00, 69099.00)
route 32, node_num 6, cost 1290.716000, nodes: 0(120000.00, 120000.00) 165 191 390 263 0(27806.00, 27806.00)
route 33, node_num 7, cost 1119.356000, nodes: 0(120000.00, 120000.00) 170 193 75 94 304 0(40046.00, 40046.00)
route 34, node_num 5, cost 612.122000, nodes: 0(120000.00, 120000.00) 171 353 254 0(76277.00, 76277.00)
route 35, node_num 5, cost 918.848000, nodes: 0(120000.00, 120000.00) 175 147 301 0(54368.00, 54368.00)
route 36, node_num 7, cost 1092.378000, nodes: 0(120000.00, 120000.00) 178 217 115 384 341 0(41973.00, 41973.00)
route 37, node_num 5, cost 1371.874000, nodes: 0(120000.00, 120000.00) 179 214 52 0(22009.00, 22009.00)
route 38, node_num 6, cost 1009.960000, nodes: 0(120000.00, 120000.00) 180 235 158 11 0(47860.00, 47860.00)
route 39, node_num 9, cost 1623.440000, nodes: 0(120000.00, 120000.00) 181 33 149 176 125 329 472(28057.00, 28057.00) 0(4040.00, 4040.00)
route 40, node_num 8, cost 1569.414000, nodes: 0(120000.00, 120000.00) 182 143 134 132 458(48744.00, 48744.00) 552(19045.00, 19045.00) 0(7899.00, 7899.00)
route 41, node_num 7, cost 1390.466000, nodes: 0(120000.00, 120000.00) 185 318 362 10 74 0(20681.00, 20681.00)
route 42, node_num 6, cost 1391.180000, nodes: 0(120000.00, 120000.00) 187 271 130 82 0(20630.00, 20630.00)
route 43, node_num 7, cost 1648.892000, nodes: 0(120000.00, 120000.00) 188 364 259 302 35 0(2222.00, 2222.00)
route 44, node_num 5, cost 774.480000, nodes: 0(120000.00, 120000.00) 192 50 267 0(64680.00, 64680.00)
route 45, node_num 6, cost 1253.196000, nodes: 0(120000.00, 120000.00) 194 66 219 166 0(30486.00, 30486.00)
route 46, node_num 7, cost 939.960000, nodes: 0(120000.00, 120000.00) 205 299 2 139 391 0(52860.00, 52860.00)
route 47, node_num 8, cost 1650.796000, nodes: 0(120000.00, 120000.00) 207 363 400 199 226 512(28704.00, 28704.00) 0(2086.00, 2086.00)
route 48, node_num 6, cost 1152.060000, nodes: 0(120000.00, 120000.00) 210 56 213 225 0(37710.00, 37710.00)
route 49, node_num 8, cost 1836.548000, nodes: 0(120000.00, 120000.00) 238 162 378 128 355 466(19614.00, 30796.00) 0(0.00, 0.00)
route 50, node_num 6, cost 1212.050000, nodes: 0(120000.00, 120000.00) 245 230 141 284 0(33425.00, 33425.00)
route 51, node_num 7, cost 1377.950000, nodes: 0(120000.00, 120000.00) 246 351 63 375 88 0(21575.00, 21575.00)
route 52, node_num 8, cost 1660.078000, nodes: 0(120000.00, 120000.00) 253 222 96 303 1 574(35988.00, 35988.00) 0(1423.00, 1423.00)
route 53, node_num 6, cost 1242.542000, nodes: 0(120000.00, 120000.00) 257 22 17 169 0(31247.00, 31247.00)
route 54, node_num 7, cost 926.324000, nodes: 0(120000.00, 120000.00) 266 25 333 228 361 0(53834.00, 53834.00)
route 55, node_num 7, cost 1378.048000, nodes: 0(120000.00, 120000.00) 270 156 72 297 589(56551.00, 56551.00) 0(21568.00, 21568.00)
route 56, node_num 6, cost 1442.700000, nodes: 0(120000.00, 120000.00) 273 107 348 252 0(16950.00, 16950.00)
route 57, node_num 6, cost 819.980000, nodes: 0(120000.00, 120000.00) 278 344 27 102 0(61430.00, 61430.00)
route 58, node_num 7, cost 510.440000, nodes: 0(120000.00, 120000.00) 282 164 55 19 240 0(83540.00, 83540.00)
route 59, node_num 7, cost 1662.430000, nodes: 0(120000.00, 120000.00) 283 323 137 20 196 0(1255.00, 1255.00)
route 60, node_num 4, cost 657.664000, nodes: 0(120000.00, 120000.00) 286 327 0(73024.00, 73024.00)
route 61, node_num 7, cost 1175.356000, nodes: 0(120000.00, 120000.00) 295 314 338 216 111 0(36046.00, 36046.00)
route 62, node_num 6, cost 1387.400000, nodes: 0(120000.00, 120000.00) 298 262 58 275 0(20900.00, 20900.00)
route 63, node_num 7, cost 1882.230000, nodes: 0(120000.00, 120000.00) 305 339 95 119 435(17083.00, 31528.00) 0(0.00, 0.00)
route 64, node_num 7, cost 972.090000, nodes: 0(120000.00, 120000.00) 307 358 289 293 167 0(50565.00, 50565.00)
route 65, node_num 8, cost 1284.710000, nodes: 0(120000.00, 120000.00) 310 221 46 326 174 483(58873.00, 58873.00) 0(28235.00, 28235.00)
route 66, node_num 6, cost 874.188000, nodes: 0(120000.00, 120000.00) 313 6 317 44 0(57558.00, 57558.00)
route 67, node_num 9, cost 1715.336000, nodes: 0(120000.00, 120000.00) 320 184 100 223 32 462(49800.00, 49800.00) 572(21493.00, 24017.00) 0(0.00, 0.00)
route 68, node_num 5, cost 1187.522000, nodes: 0(120000.00, 120000.00) 322 78 377 0(35177.00, 35177.00)
route 69, node_num 7, cost 1337.140000, nodes: 0(120000.00, 120000.00) 335 371 51 224 294 0(24490.00, 24490.00)
route 70, node_num 6, cost 1584.352000, nodes: 0(120000.00, 120000.00) 340 121 39 203 0(6832.00, 6832.00)
route 71, node_num 7, cost 1303.190000, nodes: 0(120000.00, 120000.00) 342 354 23 357 381 0(26915.00, 26915.00)
route 72, node_num 7, cost 869.820000, nodes: 0(120000.00, 120000.00) 345 190 388 367 77 0(57870.00, 57870.00)
route 73, node_num 5, cost 1031.870000, nodes: 0(120000.00, 120000.00) 360 300 124 0(46295.00, 46295.00)
route 74, node_num 8, cost 1652.336000, nodes: 0(120000.00, 120000.00) 365 83 209 356 145 452(13122.00, 13122.00) 0(1976.00, 1976.00)
route 75, node_num 7, cost 1898.162000, nodes: 0(120000.00, 120000.00) 370 208 325 350 587(2909.00, 18492.00) 0(0.00, 0.00)
route 76, node_num 6, cost 1170.344000, nodes: 0(120000.00, 120000.00) 374 247 42 14 0(36404.00, 36404.00)
route 77, node_num 6, cost 1209.502000, nodes: 0(120000.00, 120000.00) 379 231 373 279 0(33607.00, 33607.00)
route 78, node_num 6, cost 846.986000, nodes: 0(120000.00, 120000.00) 380 71 81 255 0(59501.00, 59501.00)
route 79, node_num 8, cost 1645.168000, nodes: 0(120000.00, 120000.00) 382 276 229 13 198 475(24104.00, 24104.00) 0(2488.00, 2488.00)
route 80, node_num 7, cost 1539.440000, nodes: 0(120000.00, 120000.00) 386 151 120 265 501(45230.00, 45230.00) 0(10040.00, 10040.00)
route 81, node_num 7, cost 1038.324000, nodes: 0(120000.00, 120000.00) 387 195 110 136 346 0(45834.00, 45834.00)
route 82, node_num 6, cost 1192.660000, nodes: 0(120000.00, 120000.00) 394 211 112 389 0(34810.00, 34810.00)
route 83, node_num 6, cost 839.566000, nodes: 0(120000.00, 120000.00) 398 7 109 135 0(60031.00, 60031.00)
route 84, node_num 7, cost 745.724000, nodes: 0(120000.00, 120000.00) 405(97590.00, 120000.00) 261 249 290 347 0(89144.00, 89144.00)
route 85, node_num 8, cost 1518.846000, nodes: 0(120000.00, 120000.00) 421(81163.00, 81163.00) 372 76 60 258 543(45722.00, 45722.00) 0(11511.00, 11511.00)
route 86, node_num 8, cost 1608.656000, nodes: 0(120000.00, 120000.00) 449(86720.00, 86720.00) 368 215 45 69 566(35892.00, 35892.00) 0(5096.00, 5096.00)
route 87, node_num 7, cost 1477.042000, nodes: 0(120000.00, 120000.00) 479(88484.00, 88484.00) 256 243 97 116 0(14497.00, 14497.00)
route 88, node_num 9, cost 1694.518000, nodes: 0(120000.00, 120000.00) 493(91327.00, 111327.00) 369 236 5 402(74518.00, 74518.00) 186 477(47727.00, 47727.00) 0(18963.00, 18963.00)
route 89, node_num 9, cost 1610.672000, nodes: 0(120000.00, 120000.00) 521(81163.00, 117163.00) 86 321 28 383 8 437(59784.00, 59784.00) 0(40952.00, 40952.00)
route 90, node_num 8, cost 1738.380000, nodes: 0(120000.00, 120000.00) 537(100788.00, 108788.00) 349 49 392 59 412(30448.00, 30448.00) 0(3830.00, 3830.00)
route 91, node_num 7, cost 1606.920000, nodes: 0(120000.00, 120000.00) 549(86720.00, 86720.00) 99 233 202 148 0(5220.00, 5220.00)
route 92, node_num 7, cost 1792.644000, nodes: 0(120000.00, 120000.00) 579(88484.00, 120000.00) 159 251 204 168 0(23470.00, 23470.00)
route 93, node_num 8, cost 1630.664000, nodes: 0(120000.00, 120000.00) 600(87861.00, 87861.00) 79 29 26 291 316 0(3524.00, 3524.00)
vehicle (route) number: 94
Total cost: 143079.30
143079.30, 5402.40
