Details of the solution:
route 0, node_num 7, cost 1531.908000, nodes: 0(120000.00, 120000.00) 10 493 387 66 323 0(10578.00, 10578.00)
route 1, node_num 8, cost 1670.312000, nodes: 0(120000.00, 120000.00) 14 159 518 112 653(40079.00, 40079.00) 161 0(692.00, 692.00)
route 2, node_num 7, cost 1429.918000, nodes: 0(120000.00, 120000.00) 51 92 63 43 145 0(17863.00, 17863.00)
route 3, node_num 6, cost 1110.956000, nodes: 0(120000.00, 120000.00) 57 591 547 20 0(40646.00, 40646.00)
route 4, node_num 8, cost 1418.214000, nodes: 0(120000.00, 120000.00) 70 102 277 505 477 205 0(18699.00, 18699.00)
route 5, node_num 6, cost 704.662000, nodes: 0(120000.00, 120000.00) 71 501 490 426 0(69667.00, 69667.00)
route 6, node_num 7, cost 885.262000, nodes: 0(120000.00, 120000.00) 75 41 191 196 216 0(56767.00, 56767.00)
route 7, node_num 5, cost 439.684000, nodes: 0(120000.00, 120000.00) 76 566 282 0(88594.00, 88594.00)
route 8, node_num 7, cost 1337.000000, nodes: 0(120000.00, 120000.00) 77 108 253 295 137 0(24500.00, 24500.00)
route 9, node_num 6, cost 1401.806000, nodes: 0(120000.00, 120000.00) 79 117 370 215 0(19871.00, 19871.00)
route 10, node_num 6, cost 729.652000, nodes: 0(120000.00, 120000.00) 83 486 557 93 0(67882.00, 67882.00)
route 11, node_num 7, cost 932.582000, nodes: 0(120000.00, 120000.00) 87 81 327 175 234 0(53387.00, 53387.00)
route 12, node_num 8, cost 1148.448000, nodes: 0(120000.00, 120000.00) 89 248 56 585 274 474 0(37968.00, 37968.00)
route 13, node_num 6, cost 1236.242000, nodes: 0(120000.00, 120000.00) 98 515 42 297 0(31697.00, 31697.00)
route 14, node_num 6, cost 583.772000, nodes: 0(120000.00, 120000.00) 132 314 415 396 0(78302.00, 78302.00)
route 15, node_num 6, cost 1372.420000, nodes: 0(120000.00, 120000.00) 135 392 580 494 0(21970.00, 21970.00)
route 16, node_num 7, cost 1640.506000, nodes: 0(120000.00, 120000.00) 138 567 269 457 719(26535.00, 26535.00) 0(2821.00, 2821.00)
route 17, node_num 8, cost 904.274000, nodes: 0(120000.00, 120000.00) 146 182 119 324 164 50 0(55409.00, 55409.00)
route 18, node_num 6, cost 1353.072000, nodes: 0(120000.00, 120000.00) 149 266 407 155 0(23352.00, 23352.00)
route 19, node_num 7, cost 1341.368000, nodes: 0(120000.00, 120000.00) 150 483 127 471 78 0(24188.00, 24188.00)
route 20, node_num 6, cost 1333.360000, nodes: 0(120000.00, 120000.00) 153 307 48 367 0(24760.00, 24760.00)
route 21, node_num 6, cost 958.748000, nodes: 0(120000.00, 120000.00) 157 170 593 4 0(51518.00, 51518.00)
route 22, node_num 6, cost 606.466000, nodes: 0(120000.00, 120000.00) 158 532 94 11 0(76681.00, 76681.00)
route 23, node_num 8, cost 1478.470000, nodes: 0(120000.00, 120000.00) 166 245 455 302 534 267 0(14395.00, 14395.00)
route 24, node_num 5, cost 395.346000, nodes: 0(120000.00, 120000.00) 167 204 2 0(91761.00, 91761.00)
route 25, node_num 7, cost 841.106000, nodes: 0(120000.00, 120000.00) 173 399 184 169 168 0(59921.00, 59921.00)
route 26, node_num 9, cost 1758.848000, nodes: 0(120000.00, 120000.00) 174 45 332 543 107 125 625(18495.00, 24127.00) 0(0.00, 0.00)
route 27, node_num 7, cost 1515.290000, nodes: 0(120000.00, 120000.00) 185 104 499 24 294 0(11765.00, 11765.00)
route 28, node_num 6, cost 907.172000, nodes: 0(120000.00, 120000.00) 187 569 520 188 0(55202.00, 55202.00)
route 29, node_num 9, cost 1516.424000, nodes: 0(120000.00, 120000.00) 189 292 466 123 467 571 696(37169.00, 37169.00) 0(11684.00, 11684.00)
route 30, node_num 8, cost 1285.564000, nodes: 0(120000.00, 120000.00) 190 574 299 114 476 619(51888.00, 51888.00) 0(28174.00, 28174.00)
route 31, node_num 7, cost 1336.636000, nodes: 0(120000.00, 120000.00) 192 236 583 55 572 0(24526.00, 24526.00)
route 32, node_num 6, cost 847.154000, nodes: 0(120000.00, 120000.00) 201 465 101 420 0(59489.00, 59489.00)
route 33, node_num 6, cost 594.468000, nodes: 0(120000.00, 120000.00) 222 484 508 395 0(77538.00, 77538.00)
route 34, node_num 7, cost 1141.322000, nodes: 0(120000.00, 120000.00) 225 406 178 579 371 0(38477.00, 38477.00)
route 35, node_num 8, cost 702.758000, nodes: 0(120000.00, 120000.00) 229 131 503 180 511 714(88039.00, 88039.00) 0(69803.00, 69803.00)
route 36, node_num 8, cost 771.820000, nodes: 0(120000.00, 120000.00) 230 283 209 246 37 589 0(64870.00, 64870.00)
route 37, node_num 6, cost 917.182000, nodes: 0(120000.00, 120000.00) 231 262 40 544 0(54487.00, 54487.00)
route 38, node_num 6, cost 628.474000, nodes: 0(120000.00, 120000.00) 235 199 513 449 0(75109.00, 75109.00)
route 39, node_num 7, cost 194.768000, nodes: 0(120000.00, 120000.00) 242 265 372 333 111 0(106088.00, 106088.00)
route 40, node_num 8, cost 1522.626000, nodes: 0(120000.00, 120000.00) 244 105 424 595 398 747(51978.00, 51978.00) 0(11241.00, 11241.00)
route 41, node_num 8, cost 705.656000, nodes: 0(120000.00, 120000.00) 249 270 556 217 539 575 0(69596.00, 69596.00)
route 42, node_num 9, cost 1180.200000, nodes: 0(120000.00, 120000.00) 250 438 379 5 448 536 745(60762.00, 60762.00) 0(35700.00, 35700.00)
route 43, node_num 7, cost 1492.442000, nodes: 0(120000.00, 120000.00) 251 377 440 16 54 0(13397.00, 13397.00)
route 44, node_num 8, cost 1433.488000, nodes: 0(120000.00, 120000.00) 255 461 97 116 560 143 0(17608.00, 17608.00)
route 45, node_num 8, cost 1616.188000, nodes: 0(120000.00, 120000.00) 257 200 113 3 109 734(32873.00, 32873.00) 0(4558.00, 4558.00)
route 46, node_num 7, cost 1120.840000, nodes: 0(120000.00, 120000.00) 259 84 221 30 193 0(39940.00, 39940.00)
route 47, node_num 4, cost 1219.106000, nodes: 0(120000.00, 120000.00) 261 359 0(32921.00, 32921.00)
route 48, node_num 6, cost 1347.444000, nodes: 0(120000.00, 120000.00) 271 140 18 68 0(23754.00, 23754.00)
route 49, node_num 7, cost 1270.220000, nodes: 0(120000.00, 120000.00) 285 596 152 506 590 0(29270.00, 29270.00)
route 50, node_num 6, cost 933.450000, nodes: 0(120000.00, 120000.00) 289 588 163 148 0(53325.00, 53325.00)
route 51, node_num 8, cost 1263.038000, nodes: 0(120000.00, 120000.00) 296 446 31 227 437 469 0(29783.00, 29783.00)
route 52, node_num 6, cost 1264.802000, nodes: 0(120000.00, 120000.00) 304 243 49 384 0(29657.00, 29657.00)
route 53, node_num 6, cost 1111.656000, nodes: 0(120000.00, 120000.00) 306 364 228 329 0(40596.00, 40596.00)
route 54, node_num 8, cost 920.388000, nodes: 0(120000.00, 120000.00) 310 434 433 587 22 238 0(54258.00, 54258.00)
route 55, node_num 7, cost 847.042000, nodes: 0(120000.00, 120000.00) 311 400 350 74 459 0(59497.00, 59497.00)
route 56, node_num 7, cost 766.808000, nodes: 0(120000.00, 120000.00) 315 322 115 80 338 0(65228.00, 65228.00)
route 57, node_num 5, cost 379.036000, nodes: 0(120000.00, 120000.00) 321 86 417 0(92926.00, 92926.00)
route 58, node_num 7, cost 922.964000, nodes: 0(120000.00, 120000.00) 326 416 337 130 36 0(54074.00, 54074.00)
route 59, node_num 8, cost 1508.486000, nodes: 0(120000.00, 120000.00) 328 521 498 537 348 241 0(12251.00, 12251.00)
route 60, node_num 8, cost 1620.570000, nodes: 0(120000.00, 120000.00) 346 82 8 144 509 640(26860.00, 26860.00) 0(4245.00, 4245.00)
route 61, node_num 6, cost 1631.560000, nodes: 0(120000.00, 120000.00) 351 1 439 553 0(3460.00, 3460.00)
route 62, node_num 6, cost 625.436000, nodes: 0(120000.00, 120000.00) 355 291 52 464 0(75326.00, 75326.00)
route 63, node_num 6, cost 693.826000, nodes: 0(120000.00, 120000.00) 357 120 62 293 0(70441.00, 70441.00)
route 64, node_num 8, cost 1483.328000, nodes: 0(120000.00, 120000.00) 360 562 316 128 564 207 0(14048.00, 14048.00)
route 65, node_num 7, cost 1562.736000, nodes: 0(120000.00, 120000.00) 361 473 358 576 288 0(8376.00, 8376.00)
route 66, node_num 7, cost 1456.700000, nodes: 0(120000.00, 120000.00) 363 247 126 423 219 0(15950.00, 15950.00)
route 67, node_num 6, cost 757.330000, nodes: 0(120000.00, 120000.00) 366 546 35 254 0(65905.00, 65905.00)
route 68, node_num 6, cost 1398.992000, nodes: 0(120000.00, 120000.00) 368 303 456 577 0(20072.00, 20072.00)
route 69, node_num 9, cost 794.150000, nodes: 0(120000.00, 120000.00) 373 397 312 211 223 198 352 0(63275.00, 63275.00)
route 70, node_num 6, cost 801.206000, nodes: 0(120000.00, 120000.00) 376 272 26 552 0(62771.00, 62771.00)
route 71, node_num 7, cost 1617.126000, nodes: 0(120000.00, 120000.00) 378 240 527 65 340 0(4491.00, 4491.00)
route 72, node_num 6, cost 1274.854000, nodes: 0(120000.00, 120000.00) 380 300 334 162 0(28939.00, 28939.00)
route 73, node_num 8, cost 1099.322000, nodes: 0(120000.00, 120000.00) 383 375 59 523 491 428 0(41477.00, 41477.00)
route 74, node_num 7, cost 758.366000, nodes: 0(120000.00, 120000.00) 389 388 305 425 336 0(65831.00, 65831.00)
route 75, node_num 6, cost 747.726000, nodes: 0(120000.00, 120000.00) 390 90 147 349 0(66591.00, 66591.00)
route 76, node_num 7, cost 676.900000, nodes: 0(120000.00, 120000.00) 391 21 286 256 341 0(71650.00, 71650.00)
route 77, node_num 7, cost 1275.582000, nodes: 0(120000.00, 120000.00) 409 548 237 573 519 0(28887.00, 28887.00)
route 78, node_num 5, cost 699.664000, nodes: 0(120000.00, 120000.00) 411 280 386 0(70024.00, 70024.00)
route 79, node_num 6, cost 904.162000, nodes: 0(120000.00, 120000.00) 412 545 25 454 0(55417.00, 55417.00)
route 80, node_num 7, cost 762.272000, nodes: 0(120000.00, 120000.00) 427 496 197 418 331 0(65552.00, 65552.00)
route 81, node_num 7, cost 1108.450000, nodes: 0(120000.00, 120000.00) 430 27 408 13 381 0(40825.00, 40825.00)
route 82, node_num 8, cost 670.726000, nodes: 0(120000.00, 120000.00) 431 34 136 470 550 720(92471.00, 92471.00) 0(72091.00, 72091.00)
route 83, node_num 8, cost 1820.182000, nodes: 0(120000.00, 120000.00) 432 339 213 6 790(45262.00, 55275.00) 308 0(0.00, 0.00)
route 84, node_num 8, cost 1662.304000, nodes: 0(120000.00, 120000.00) 441 61 85 495 393 718(23688.00, 23688.00) 0(1264.00, 1264.00)
route 85, node_num 8, cost 1242.136000, nodes: 0(120000.00, 120000.00) 442 530 301 600 7 462 0(31276.00, 31276.00)
route 86, node_num 7, cost 1253.210000, nodes: 0(120000.00, 120000.00) 450 110 581 67 60 0(30485.00, 30485.00)
route 87, node_num 7, cost 862.274000, nodes: 0(120000.00, 120000.00) 460 401 541 106 134 0(58409.00, 58409.00)
route 88, node_num 9, cost 1546.902000, nodes: 0(120000.00, 120000.00) 468 58 478 463 202 172 725(33634.00, 33634.00) 0(9507.00, 9507.00)
route 89, node_num 9, cost 1690.094000, nodes: 0(120000.00, 120000.00) 472 156 99 679(60755.00, 61476.00) 414 598 72 0(0.00, 0.00)
route 90, node_num 6, cost 1056.818000, nodes: 0(120000.00, 120000.00) 475 565 206 122 0(44513.00, 44513.00)
route 91, node_num 4, cost 211.918000, nodes: 0(120000.00, 120000.00) 479 46 0(104863.00, 104863.00)
route 92, node_num 5, cost 709.394000, nodes: 0(120000.00, 120000.00) 480 69 447 0(69329.00, 69329.00)
route 93, node_num 6, cost 521.962000, nodes: 0(120000.00, 120000.00) 481 362 570 559 0(82717.00, 82717.00)
route 94, node_num 8, cost 1351.588000, nodes: 0(120000.00, 120000.00) 487 9 165 100 64 203 0(23458.00, 23458.00)
route 95, node_num 8, cost 937.076000, nodes: 0(120000.00, 120000.00) 489 320 121 239 47 32 0(53066.00, 53066.00)
route 96, node_num 6, cost 1034.516000, nodes: 0(120000.00, 120000.00) 492 210 313 171 0(46106.00, 46106.00)
route 97, node_num 8, cost 845.908000, nodes: 0(120000.00, 120000.00) 497 531 33 139 133 369 0(59578.00, 59578.00)
route 98, node_num 7, cost 799.008000, nodes: 0(120000.00, 120000.00) 502 482 287 124 226 0(62928.00, 62928.00)
route 99, node_num 6, cost 970.914000, nodes: 0(120000.00, 120000.00) 504 176 578 510 0(50649.00, 50649.00)
route 100, node_num 7, cost 1026.382000, nodes: 0(120000.00, 120000.00) 512 278 522 38 268 0(46687.00, 46687.00)
route 101, node_num 6, cost 485.870000, nodes: 0(120000.00, 120000.00) 514 44 317 195 0(85295.00, 85295.00)
route 102, node_num 8, cost 1525.384000, nodes: 0(120000.00, 120000.00) 516 582 151 28 413 452 0(11044.00, 11044.00)
route 103, node_num 7, cost 349.188000, nodes: 0(120000.00, 120000.00) 525 279 558 485 500 0(95058.00, 95058.00)
route 104, node_num 8, cost 1120.770000, nodes: 0(120000.00, 120000.00) 526 347 507 275 353 343 0(39945.00, 39945.00)
route 105, node_num 6, cost 944.020000, nodes: 0(120000.00, 120000.00) 528 394 524 154 0(52570.00, 52570.00)
route 106, node_num 6, cost 1111.390000, nodes: 0(120000.00, 120000.00) 529 365 19 103 0(40615.00, 40615.00)
route 107, node_num 7, cost 1663.354000, nodes: 0(120000.00, 120000.00) 533 129 405 404 186 0(1189.00, 1189.00)
route 108, node_num 7, cost 1615.656000, nodes: 0(120000.00, 120000.00) 535 88 451 410 419 0(4596.00, 4596.00)
route 109, node_num 6, cost 762.328000, nodes: 0(120000.00, 120000.00) 542 551 298 39 0(65548.00, 65548.00)
route 110, node_num 8, cost 1399.090000, nodes: 0(120000.00, 120000.00) 549 309 421 402 354 435 0(20065.00, 20065.00)
route 111, node_num 8, cost 715.568000, nodes: 0(120000.00, 120000.00) 554 263 488 276 458 118 0(68888.00, 68888.00)
route 112, node_num 7, cost 278.530000, nodes: 0(120000.00, 120000.00) 555 179 344 325 584 0(100105.00, 100105.00)
route 113, node_num 7, cost 1066.170000, nodes: 0(120000.00, 120000.00) 563 330 15 218 318 0(43845.00, 43845.00)
route 114, node_num 9, cost 904.540000, nodes: 0(120000.00, 120000.00) 568 540 258 342 561 232 181 0(55390.00, 55390.00)
route 115, node_num 8, cost 1864.002000, nodes: 0(120000.00, 120000.00) 586 670(48508.00, 61651.00) 260 436 183 23 0(0.00, 0.00)
route 116, node_num 8, cost 1481.466000, nodes: 0(120000.00, 120000.00) 592 429 224 194 319 290 0(14181.00, 14181.00)
route 117, node_num 7, cost 1040.914000, nodes: 0(120000.00, 120000.00) 594 208 538 445 382 0(45649.00, 45649.00)
route 118, node_num 6, cost 877.828000, nodes: 0(120000.00, 120000.00) 599 284 335 374 0(57298.00, 57298.00)
route 119, node_num 7, cost 924.994000, nodes: 0(120000.00, 120000.00) 638(97899.00, 109899.00) 233 17 220 403 0(65929.00, 65929.00)
route 120, node_num 8, cost 1576.932000, nodes: 0(120000.00, 120000.00) 651(106137.00, 110137.00) 356 453 385 264 252 0(11362.00, 11362.00)
route 121, node_num 7, cost 1802.808000, nodes: 0(120000.00, 120000.00) 660(66386.00, 114386.00) 597 53 141 517 0(39228.00, 39228.00)
route 122, node_num 9, cost 1632.302000, nodes: 0(120000.00, 120000.00) 668(95394.00, 95394.00) 142 29 73 281 177 796(28892.00, 28892.00) 0(3407.00, 3407.00)
route 123, node_num 9, cost 925.400000, nodes: 0(120000.00, 120000.00) 722(95598.00, 95598.00) 214 160 96 422 95 91 0(53900.00, 53900.00)
route 124, node_num 9, cost 937.958000, nodes: 0(120000.00, 120000.00) 768(95394.00, 95394.00) 212 273 345 444 12 443 0(53003.00, 53003.00)
vehicle (route) number: 125
Total cost: 174199.35
174199.35, 9010.03
