Details of the solution:
route 0, node_num 6, cost 847.070000, nodes: 0(120000.00, 120000.00) 4 8 26 546 0(59495.00, 59495.00)
route 1, node_num 8, cost 978.348000, nodes: 0(120000.00, 120000.00) 18 17 490 553 110 30 0(50118.00, 50118.00)
route 2, node_num 5, cost 609.336000, nodes: 0(120000.00, 120000.00) 20 298 348 0(76476.00, 76476.00)
route 3, node_num 7, cost 1560.076000, nodes: 0(120000.00, 120000.00) 27 261 54 275 688(44797.00, 44797.00) 0(8566.00, 8566.00)
route 4, node_num 6, cost 448.252000, nodes: 0(120000.00, 120000.00) 31 288 293 240 0(87982.00, 87982.00)
route 5, node_num 8, cost 1213.996000, nodes: 0(120000.00, 120000.00) 35 320 295 267 85 353 0(33286.00, 33286.00)
route 6, node_num 7, cost 1643.670000, nodes: 0(120000.00, 120000.00) 36 583 561 292 754(45553.00, 45553.00) 0(2595.00, 2595.00)
route 7, node_num 7, cost 1435.182000, nodes: 0(120000.00, 120000.00) 38 12 463 539 684(56852.00, 56852.00) 0(17487.00, 17487.00)
route 8, node_num 6, cost 1237.656000, nodes: 0(120000.00, 120000.00) 44 599 402 145 0(31596.00, 31596.00)
route 9, node_num 7, cost 1565.438000, nodes: 0(120000.00, 120000.00) 52 579 476 155 706(44421.00, 44421.00) 0(8183.00, 8183.00)
route 10, node_num 6, cost 990.178000, nodes: 0(120000.00, 120000.00) 55 303 146 569 0(49273.00, 49273.00)
route 11, node_num 6, cost 922.600000, nodes: 0(120000.00, 120000.00) 58 59 544 273 0(54100.00, 54100.00)
route 12, node_num 6, cost 1138.550000, nodes: 0(120000.00, 120000.00) 62 265 15 254 0(38675.00, 38675.00)
route 13, node_num 6, cost 1106.000000, nodes: 0(120000.00, 120000.00) 64 335 594 387 0(41000.00, 41000.00)
route 14, node_num 6, cost 326.648000, nodes: 0(120000.00, 120000.00) 65 92 95 442 0(96668.00, 96668.00)
route 15, node_num 6, cost 1498.378000, nodes: 0(120000.00, 120000.00) 70 125 497 606(49211.00, 49211.00) 0(12973.00, 12973.00)
route 16, node_num 6, cost 1366.708000, nodes: 0(120000.00, 120000.00) 77 354 87 37 0(22378.00, 22378.00)
route 17, node_num 7, cost 798.112000, nodes: 0(120000.00, 120000.00) 79 237 365 351 121 0(62992.00, 62992.00)
route 18, node_num 8, cost 841.414000, nodes: 0(120000.00, 120000.00) 83 284 385 347 403 57 0(59899.00, 59899.00)
route 19, node_num 5, cost 384.874000, nodes: 0(120000.00, 120000.00) 88 367 39 0(92509.00, 92509.00)
route 20, node_num 6, cost 308.322000, nodes: 0(120000.00, 120000.00) 89 23 425 489 0(97977.00, 97977.00)
route 21, node_num 6, cost 684.880000, nodes: 0(120000.00, 120000.00) 97 540 491 7 0(71080.00, 71080.00)
route 22, node_num 6, cost 1177.428000, nodes: 0(120000.00, 120000.00) 102 520 136 379 0(35898.00, 35898.00)
route 23, node_num 7, cost 1423.058000, nodes: 0(120000.00, 120000.00) 105 173 115 555 748(43050.00, 43050.00) 0(18353.00, 18353.00)
route 24, node_num 6, cost 1321.642000, nodes: 0(120000.00, 120000.00) 113 577 517 433 0(25597.00, 25597.00)
route 25, node_num 8, cost 1607.662000, nodes: 0(120000.00, 120000.00) 122 485 19 331 416 664(11528.00, 11528.00) 0(5167.00, 5167.00)
route 26, node_num 7, cost 1196.804000, nodes: 0(120000.00, 120000.00) 123 224 297 597 171 0(34514.00, 34514.00)
route 27, node_num 6, cost 1032.360000, nodes: 0(120000.00, 120000.00) 124 341 552 29 0(46260.00, 46260.00)
route 28, node_num 6, cost 1455.020000, nodes: 0(120000.00, 120000.00) 133 590 33 325 0(16070.00, 16070.00)
route 29, node_num 7, cost 1791.902000, nodes: 0(120000.00, 120000.00) 138 559 214 194 714(29623.00, 37616.00) 0(0.00, 0.00)
route 30, node_num 7, cost 1366.204000, nodes: 0(120000.00, 120000.00) 143 66 75 170 316 0(22414.00, 22414.00)
route 31, node_num 6, cost 1242.010000, nodes: 0(120000.00, 120000.00) 149 82 184 252 0(31285.00, 31285.00)
route 32, node_num 6, cost 979.454000, nodes: 0(120000.00, 120000.00) 158 114 244 536 0(50039.00, 50039.00)
route 33, node_num 6, cost 1596.966000, nodes: 0(120000.00, 120000.00) 168 444 381 611(29103.00, 29103.00) 0(5931.00, 5931.00)
route 34, node_num 8, cost 1804.586000, nodes: 0(120000.00, 120000.00) 174 154 538 453 527 777(33577.00, 42476.00) 0(0.00, 0.00)
route 35, node_num 7, cost 560.686000, nodes: 0(120000.00, 120000.00) 181 459 142 51 393 0(79951.00, 79951.00)
route 36, node_num 7, cost 1170.554000, nodes: 0(120000.00, 120000.00) 185 140 355 175 221 0(36389.00, 36389.00)
route 37, node_num 7, cost 1191.148000, nodes: 0(120000.00, 120000.00) 190 139 5 378 545 0(34918.00, 34918.00)
route 38, node_num 7, cost 1792.196000, nodes: 0(120000.00, 120000.00) 192 76 207 11 676(18437.00, 26451.00) 0(0.00, 0.00)
route 39, node_num 7, cost 1355.368000, nodes: 0(120000.00, 120000.00) 193 80 86 344 84 0(23188.00, 23188.00)
route 40, node_num 6, cost 1297.464000, nodes: 0(120000.00, 120000.00) 197 127 340 198 0(27324.00, 27324.00)
route 41, node_num 7, cost 921.634000, nodes: 0(120000.00, 120000.00) 199 360 107 191 32 0(54169.00, 54169.00)
route 42, node_num 7, cost 452.774000, nodes: 0(120000.00, 120000.00) 204 465 361 311 408 0(87659.00, 87659.00)
route 43, node_num 8, cost 672.308000, nodes: 0(120000.00, 120000.00) 205 130 309 74 334 398 0(71978.00, 71978.00)
route 44, node_num 8, cost 999.488000, nodes: 0(120000.00, 120000.00) 206 397 574 323 384 126 0(48608.00, 48608.00)
route 45, node_num 6, cost 890.932000, nodes: 0(120000.00, 120000.00) 219 394 396 570 0(56362.00, 56362.00)
route 46, node_num 6, cost 376.992000, nodes: 0(120000.00, 120000.00) 220 516 183 47 0(93072.00, 93072.00)
route 47, node_num 7, cost 1653.568000, nodes: 0(120000.00, 120000.00) 223 588 521 245 710(45085.00, 45085.00) 0(1888.00, 1888.00)
route 48, node_num 8, cost 1026.928000, nodes: 0(120000.00, 120000.00) 225 550 383 424 271 633(59586.00, 59586.00) 0(46648.00, 46648.00)
route 49, node_num 7, cost 384.426000, nodes: 0(120000.00, 120000.00) 226 585 364 479 200 0(92541.00, 92541.00)
route 50, node_num 7, cost 923.748000, nodes: 0(120000.00, 120000.00) 227 368 166 91 375 0(54018.00, 54018.00)
route 51, node_num 7, cost 884.842000, nodes: 0(120000.00, 120000.00) 228 283 24 543 507 0(56797.00, 56797.00)
route 52, node_num 7, cost 1712.270000, nodes: 0(120000.00, 120000.00) 230 423 421 60 772(40612.00, 42917.00) 0(0.00, 0.00)
route 53, node_num 7, cost 1615.964000, nodes: 0(120000.00, 120000.00) 246 157 211 217 711(27746.00, 27746.00) 0(4574.00, 4574.00)
route 54, node_num 6, cost 1098.762000, nodes: 0(120000.00, 120000.00) 247 274 21 345 0(41517.00, 41517.00)
route 55, node_num 6, cost 1637.580000, nodes: 0(120000.00, 120000.00) 255 357 467 654(45988.00, 45988.00) 0(3030.00, 3030.00)
route 56, node_num 5, cost 501.032000, nodes: 0(120000.00, 120000.00) 256 129 164 0(84212.00, 84212.00)
route 57, node_num 8, cost 1848.560000, nodes: 0(120000.00, 120000.00) 259 196 302 248 118 695(42771.00, 54811.00) 0(0.00, 0.00)
route 58, node_num 8, cost 1566.530000, nodes: 0(120000.00, 120000.00) 260 578 549 69 575 698(49349.00, 49349.00) 0(8105.00, 8105.00)
route 59, node_num 7, cost 493.248000, nodes: 0(120000.00, 120000.00) 262 573 337 566 487 0(84768.00, 84768.00)
route 60, node_num 7, cost 857.584000, nodes: 0(120000.00, 120000.00) 268 147 120 209 258 0(58744.00, 58744.00)
route 61, node_num 6, cost 968.744000, nodes: 0(120000.00, 120000.00) 269 210 560 587 0(50804.00, 50804.00)
route 62, node_num 6, cost 1619.422000, nodes: 0(120000.00, 120000.00) 281 596 441 720(48937.00, 48937.00) 0(4327.00, 4327.00)
route 63, node_num 7, cost 1704.192000, nodes: 0(120000.00, 120000.00) 290 793(99861.00, 101589.00) 326 422 514 0(0.00, 0.00)
route 64, node_num 5, cost 469.182000, nodes: 0(120000.00, 120000.00) 294 443 472 0(86487.00, 86487.00)
route 65, node_num 7, cost 1567.342000, nodes: 0(120000.00, 120000.00) 305 43 103 212 764(14408.00, 14408.00) 0(8047.00, 8047.00)
route 66, node_num 7, cost 1602.482000, nodes: 0(120000.00, 120000.00) 315 277 141 475 680(40465.00, 40465.00) 0(5537.00, 5537.00)
route 67, node_num 7, cost 407.078000, nodes: 0(120000.00, 120000.00) 317 96 522 501 48 0(90923.00, 90923.00)
route 68, node_num 7, cost 1256.542000, nodes: 0(120000.00, 120000.00) 321 6 137 278 508 0(30247.00, 30247.00)
route 69, node_num 7, cost 1776.306000, nodes: 0(120000.00, 120000.00) 322 300 307 346 672(36038.00, 42917.00) 0(0.00, 0.00)
route 70, node_num 7, cost 1471.036000, nodes: 0(120000.00, 120000.00) 328 447 176 202 639(59458.00, 59458.00) 0(14926.00, 14926.00)
route 71, node_num 7, cost 1580.936000, nodes: 0(120000.00, 120000.00) 332 595 392 45 621(46303.00, 46303.00) 0(7076.00, 7076.00)
route 72, node_num 9, cost 1469.622000, nodes: 0(120000.00, 120000.00) 333 165 9 73 112 435 779(53460.00, 53460.00) 0(15027.00, 15027.00)
route 73, node_num 8, cost 1687.420000, nodes: 0(120000.00, 120000.00) 336 287 276 505 410 635(45242.00, 45772.00) 0(0.00, 0.00)
route 74, node_num 7, cost 2005.346000, nodes: 0(120000.00, 120000.00) 338 426 504 432 745(2663.00, 25902.00) 0(0.00, 0.00)
route 75, node_num 5, cost 989.086000, nodes: 0(120000.00, 120000.00) 350 10 182 0(49351.00, 49351.00)
route 76, node_num 7, cost 1366.834000, nodes: 0(120000.00, 120000.00) 362 218 458 53 178 0(22369.00, 22369.00)
route 77, node_num 8, cost 1251.712000, nodes: 0(120000.00, 120000.00) 363 169 188 466 232 652(64431.00, 64431.00) 0(30592.00, 30592.00)
route 78, node_num 7, cost 1071.056000, nodes: 0(120000.00, 120000.00) 372 454 564 234 529 0(43496.00, 43496.00)
route 79, node_num 6, cost 1612.982000, nodes: 0(120000.00, 120000.00) 373 16 201 721(44014.00, 44014.00) 0(4787.00, 4787.00)
route 80, node_num 7, cost 882.014000, nodes: 0(120000.00, 120000.00) 374 104 557 556 532 0(56999.00, 56999.00)
route 81, node_num 6, cost 905.786000, nodes: 0(120000.00, 120000.00) 377 299 310 67 0(55301.00, 55301.00)
route 82, node_num 7, cost 1134.868000, nodes: 0(120000.00, 120000.00) 386 216 162 152 135 0(38938.00, 38938.00)
route 83, node_num 7, cost 2018.618000, nodes: 0(120000.00, 120000.00) 395 455 318 389 725(17903.00, 42090.00) 0(0.00, 0.00)
route 84, node_num 7, cost 1564.612000, nodes: 0(120000.00, 120000.00) 399 132 46 526 761(51260.00, 51260.00) 0(8242.00, 8242.00)
route 85, node_num 7, cost 1632.190000, nodes: 0(120000.00, 120000.00) 405 280 358 94 675(41232.00, 41232.00) 0(3415.00, 3415.00)
route 86, node_num 5, cost 1072.134000, nodes: 0(120000.00, 120000.00) 412 159 301 0(43419.00, 43419.00)
route 87, node_num 7, cost 1602.356000, nodes: 0(120000.00, 120000.00) 413 330 390 482 775(43363.00, 43363.00) 0(5546.00, 5546.00)
route 88, node_num 6, cost 1566.096000, nodes: 0(120000.00, 120000.00) 415 14 380 101 0(8136.00, 8136.00)
route 89, node_num 8, cost 1513.932000, nodes: 0(120000.00, 120000.00) 419 502 61 440 342 632(45829.00, 45829.00) 0(11862.00, 11862.00)
route 90, node_num 7, cost 1266.076000, nodes: 0(120000.00, 120000.00) 420 1 296 512 431 0(29566.00, 29566.00)
route 91, node_num 7, cost 2001.020000, nodes: 0(120000.00, 120000.00) 427 456 563 496 776(3521.00, 26451.00) 0(0.00, 0.00)
route 92, node_num 6, cost 1143.870000, nodes: 0(120000.00, 120000.00) 428 189 400 156 0(38295.00, 38295.00)
route 93, node_num 7, cost 1558.340000, nodes: 0(120000.00, 120000.00) 429 446 382 503 735(54462.00, 54462.00) 0(8690.00, 8690.00)
route 94, node_num 7, cost 692.916000, nodes: 0(120000.00, 120000.00) 430 488 208 434 289 0(70506.00, 70506.00)
route 95, node_num 6, cost 1012.480000, nodes: 0(120000.00, 120000.00) 439 571 591 593 0(47680.00, 47680.00)
route 96, node_num 8, cost 1759.100000, nodes: 0(120000.00, 120000.00) 445 148 481 90 500 609(29431.00, 35081.00) 0(0.00, 0.00)
route 97, node_num 6, cost 1460.704000, nodes: 0(120000.00, 120000.00) 448 177 554 243 0(15664.00, 15664.00)
route 98, node_num 7, cost 1574.300000, nodes: 0(120000.00, 120000.00) 449 282 56 167 679(45983.00, 45983.00) 0(7550.00, 7550.00)
route 99, node_num 6, cost 372.876000, nodes: 0(120000.00, 120000.00) 461 150 203 495 0(93366.00, 93366.00)
route 100, node_num 6, cost 1545.460000, nodes: 0(120000.00, 120000.00) 464 314 437 180 0(9610.00, 9610.00)
route 101, node_num 5, cost 407.596000, nodes: 0(120000.00, 120000.00) 468 558 388 0(90886.00, 90886.00)
route 102, node_num 6, cost 1085.490000, nodes: 0(120000.00, 120000.00) 469 285 572 324 0(42465.00, 42465.00)
route 103, node_num 6, cost 776.958000, nodes: 0(120000.00, 120000.00) 471 418 68 106 0(64503.00, 64503.00)
route 104, node_num 9, cost 560.406000, nodes: 0(120000.00, 120000.00) 473 460 291 93 231 195 81 0(79971.00, 79971.00)
route 105, node_num 8, cost 551.292000, nodes: 0(120000.00, 120000.00) 477 144 451 215 242 161 0(80622.00, 80622.00)
route 106, node_num 6, cost 895.986000, nodes: 0(120000.00, 120000.00) 478 98 319 417 0(56001.00, 56001.00)
route 107, node_num 7, cost 1846.278000, nodes: 0(120000.00, 120000.00) 486 525 160 548 736(21374.00, 33251.00) 0(0.00, 0.00)
route 108, node_num 7, cost 645.008000, nodes: 0(120000.00, 120000.00) 498 551 119 515 100 0(73928.00, 73928.00)
route 109, node_num 7, cost 992.334000, nodes: 0(120000.00, 120000.00) 499 349 576 329 235 0(49119.00, 49119.00)
route 110, node_num 7, cost 1928.486000, nodes: 0(120000.00, 120000.00) 509 187 519 391 645(8153.00, 25902.00) 0(0.00, 0.00)
route 111, node_num 6, cost 1173.536000, nodes: 0(120000.00, 120000.00) 510 253 239 229 0(36176.00, 36176.00)
route 112, node_num 5, cost 1102.262000, nodes: 0(120000.00, 120000.00) 511 366 528 0(41267.00, 41267.00)
route 113, node_num 8, cost 1065.274000, nodes: 0(120000.00, 120000.00) 513 151 25 41 370 474 0(43909.00, 43909.00)
route 114, node_num 8, cost 1404.284000, nodes: 0(120000.00, 120000.00) 530 339 462 251 541 266 0(19694.00, 19694.00)
route 115, node_num 8, cost 1028.412000, nodes: 0(120000.00, 120000.00) 535 436 236 492 13 598 0(46542.00, 46542.00)
route 116, node_num 7, cost 1577.464000, nodes: 0(120000.00, 120000.00) 542 713(102361.00, 102361.00) 270 524 581 0(7324.00, 7324.00)
route 117, node_num 6, cost 1549.072000, nodes: 0(120000.00, 120000.00) 565 523 531 163 0(9352.00, 9352.00)
route 118, node_num 6, cost 1098.944000, nodes: 0(120000.00, 120000.00) 567 131 2 28 0(41504.00, 41504.00)
route 119, node_num 5, cost 187.236000, nodes: 0(120000.00, 120000.00) 580 279 359 0(106626.00, 106626.00)
route 120, node_num 7, cost 1959.468000, nodes: 0(120000.00, 120000.00) 584 22 406 49 636(13289.00, 33251.00) 0(0.00, 0.00)
route 121, node_num 7, cost 586.348000, nodes: 0(120000.00, 120000.00) 586 533 72 153 134 0(78118.00, 78118.00)
route 122, node_num 7, cost 1045.212000, nodes: 0(120000.00, 120000.00) 589 108 356 313 409 0(45342.00, 45342.00)
route 123, node_num 7, cost 1448.832000, nodes: 0(120000.00, 120000.00) 600 40 71 562 450 0(16512.00, 16512.00)
route 124, node_num 6, cost 1809.276000, nodes: 0(120000.00, 120000.00) 616(95738.00, 104972.00) 404 117 272 0(0.00, 0.00)
route 125, node_num 7, cost 1718.304000, nodes: 0(120000.00, 120000.00) 643(90980.00, 93716.00) 568 304 241 414 0(0.00, 0.00)
route 126, node_num 7, cost 1683.108000, nodes: 0(120000.00, 120000.00) 653(84325.00, 84547.00) 582 264 111 222 0(0.00, 0.00)
route 127, node_num 8, cost 1533.952000, nodes: 0(120000.00, 120000.00) 657(94699.00, 94699.00) 78 376 179 109 733(23370.00, 23370.00) 0(10432.00, 10432.00)
route 128, node_num 8, cost 1175.860000, nodes: 0(120000.00, 120000.00) 674(107295.00, 107295.00) 312 263 42 534 63 0(36010.00, 36010.00)
route 129, node_num 7, cost 1700.314000, nodes: 0(120000.00, 120000.00) 685(97648.00, 120000.00) 547 286 34 656(40779.00, 40779.00) 0(20901.00, 20901.00)
route 130, node_num 7, cost 1746.010000, nodes: 0(120000.00, 120000.00) 692(87550.00, 92265.00) 480 407 213 457 0(0.00, 0.00)
route 131, node_num 9, cost 1778.168000, nodes: 0(120000.00, 120000.00) 716(95738.00, 95738.00) 506 3 308 483 233 780(27916.00, 34928.00) 0(0.00, 0.00)
route 132, node_num 7, cost 1631.294000, nodes: 0(120000.00, 120000.00) 722(85679.00, 117679.00) 494 411 99 470 0(35479.00, 35479.00)
route 133, node_num 7, cost 1606.780000, nodes: 0(120000.00, 120000.00) 743(90980.00, 90980.00) 238 352 250 401 0(5230.00, 5230.00)
route 134, node_num 7, cost 1428.980000, nodes: 0(120000.00, 120000.00) 744(106638.00, 106638.00) 371 369 493 732(51897.00, 51897.00) 0(17930.00, 17930.00)
route 135, node_num 7, cost 1627.696000, nodes: 0(120000.00, 120000.00) 753(84325.00, 120000.00) 484 116 343 257 0(39411.00, 39411.00)
route 136, node_num 7, cost 1531.950000, nodes: 0(120000.00, 120000.00) 757(94699.00, 94699.00) 518 452 172 327 0(10575.00, 10575.00)
route 137, node_num 7, cost 1572.564000, nodes: 0(120000.00, 120000.00) 785(97648.00, 97648.00) 537 438 50 306 0(7674.00, 7674.00)
route 138, node_num 7, cost 2108.890000, nodes: 0(120000.00, 120000.00) 790(82075.00, 112710.00) 186 592 128 249 0(0.00, 0.00)
vehicle (route) number: 139
Total cost: 213213.76
213213.76, 9003.70
