Details of the solution:
route 0, node_num 8, cost 938.798000, nodes: 0(120000.00, 120000.00) 7 217 351 505 203 577 0(52943.00, 52943.00)
route 1, node_num 6, cost 1329.720000, nodes: 0(120000.00, 120000.00) 8 383 243 401 0(25020.00, 25020.00)
route 2, node_num 7, cost 1515.178000, nodes: 0(120000.00, 120000.00) 16 85 276 325 59 0(11773.00, 11773.00)
route 3, node_num 7, cost 644.364000, nodes: 0(120000.00, 120000.00) 21 93 153 327 286 0(73974.00, 73974.00)
route 4, node_num 9, cost 1266.440000, nodes: 0(120000.00, 120000.00) 24 64 340 121 283 159 674(58111.00, 58111.00) 0(29540.00, 29540.00)
route 5, node_num 6, cost 953.736000, nodes: 0(120000.00, 120000.00) 31 184 74 234 0(51876.00, 51876.00)
route 6, node_num 7, cost 1068.830000, nodes: 0(120000.00, 120000.00) 38 394 127 548 399 0(43655.00, 43655.00)
route 7, node_num 8, cost 1762.180000, nodes: 0(120000.00, 120000.00) 44 631(86489.00, 92359.00) 418 41 209 365 0(0.00, 0.00)
route 8, node_num 6, cost 1094.912000, nodes: 0(120000.00, 120000.00) 52 87 117 12 0(41792.00, 41792.00)
route 9, node_num 6, cost 1431.458000, nodes: 0(120000.00, 120000.00) 55 132 252 211 0(17753.00, 17753.00)
route 10, node_num 7, cost 943.166000, nodes: 0(120000.00, 120000.00) 57 196 246 434 271 0(52631.00, 52631.00)
route 11, node_num 7, cost 1191.946000, nodes: 0(120000.00, 120000.00) 68 396 287 371 77 0(34861.00, 34861.00)
route 12, node_num 6, cost 1444.422000, nodes: 0(120000.00, 120000.00) 80 285 525 191 0(16827.00, 16827.00)
route 13, node_num 6, cost 1406.062000, nodes: 0(120000.00, 120000.00) 84 337 273 385 0(19567.00, 19567.00)
route 14, node_num 8, cost 1540.350000, nodes: 0(120000.00, 120000.00) 90 158 194 11 493 703(19090.00, 19090.00) 0(9975.00, 9975.00)
route 15, node_num 6, cost 1449.938000, nodes: 0(120000.00, 120000.00) 100 534 560 278 0(16433.00, 16433.00)
route 16, node_num 8, cost 1774.416000, nodes: 0(120000.00, 120000.00) 101 431 215 233 32 638(33775.00, 40519.00) 0(0.00, 0.00)
route 17, node_num 8, cost 1547.882000, nodes: 0(120000.00, 120000.00) 102 238 145 155 73 628(42441.00, 42441.00) 0(9437.00, 9437.00)
route 18, node_num 6, cost 719.208000, nodes: 0(120000.00, 120000.00) 119 130 37 53 0(68628.00, 68628.00)
route 19, node_num 8, cost 1739.920000, nodes: 0(120000.00, 120000.00) 120 143 5 460 45 761(206.00, 4486.00) 0(0.00, 0.00)
route 20, node_num 7, cost 1503.222000, nodes: 0(120000.00, 120000.00) 123 585 507 251 95 0(12627.00, 12627.00)
route 21, node_num 8, cost 1573.040000, nodes: 0(120000.00, 120000.00) 126 546 435 264 530 684(47750.00, 47750.00) 0(7640.00, 7640.00)
route 22, node_num 7, cost 1498.966000, nodes: 0(120000.00, 120000.00) 131 318 185 369 107 0(12931.00, 12931.00)
route 23, node_num 8, cost 1129.408000, nodes: 0(120000.00, 120000.00) 133 596 349 302 363 207 0(39328.00, 39328.00)
route 24, node_num 7, cost 981.596000, nodes: 0(120000.00, 120000.00) 135 400 517 49 464 0(49886.00, 49886.00)
route 25, node_num 7, cost 950.698000, nodes: 0(120000.00, 120000.00) 136 6 522 538 410 0(52093.00, 52093.00)
route 26, node_num 7, cost 1182.286000, nodes: 0(120000.00, 120000.00) 142 446 421 508 559 0(35551.00, 35551.00)
route 27, node_num 6, cost 1284.654000, nodes: 0(120000.00, 120000.00) 146 89 308 76 0(28239.00, 28239.00)
route 28, node_num 7, cost 979.188000, nodes: 0(120000.00, 120000.00) 147 168 443 39 590 0(50058.00, 50058.00)
route 29, node_num 7, cost 1066.254000, nodes: 0(120000.00, 120000.00) 154 472 423 18 404 0(43839.00, 43839.00)
route 30, node_num 6, cost 1183.812000, nodes: 0(120000.00, 120000.00) 161 331 69 379 0(35442.00, 35442.00)
route 31, node_num 8, cost 1360.884000, nodes: 0(120000.00, 120000.00) 166 352 592 484 219 307 0(22794.00, 22794.00)
route 32, node_num 6, cost 956.326000, nodes: 0(120000.00, 120000.00) 171 116 81 499 0(51691.00, 51691.00)
route 33, node_num 7, cost 879.326000, nodes: 0(120000.00, 120000.00) 174 173 63 375 187 0(57191.00, 57191.00)
route 34, node_num 8, cost 1684.424000, nodes: 0(120000.00, 120000.00) 175 60 208 786(71564.00, 71880.00) 494 562 0(0.00, 0.00)
route 35, node_num 8, cost 1403.962000, nodes: 0(120000.00, 120000.00) 178 86 28 96 540 676(49850.00, 49850.00) 0(19717.00, 19717.00)
route 36, node_num 8, cost 1818.726000, nodes: 0(120000.00, 120000.00) 204 199 549 392 256 795(4321.00, 14230.00) 0(0.00, 0.00)
route 37, node_num 7, cost 1069.446000, nodes: 0(120000.00, 120000.00) 213 591 22 225 253 0(43611.00, 43611.00)
route 38, node_num 4, cost 158.228000, nodes: 0(120000.00, 120000.00) 216 189 0(108698.00, 108698.00)
route 39, node_num 6, cost 804.356000, nodes: 0(120000.00, 120000.00) 218 524 108 413 0(62546.00, 62546.00)
route 40, node_num 6, cost 1386.966000, nodes: 0(120000.00, 120000.00) 220 554 436 572 0(20931.00, 20931.00)
route 41, node_num 7, cost 1593.718000, nodes: 0(120000.00, 120000.00) 222 492 439 13 661(10649.00, 10649.00) 0(6163.00, 6163.00)
route 42, node_num 7, cost 996.114000, nodes: 0(120000.00, 120000.00) 228 430 414 317 776(78982.00, 78982.00) 0(48849.00, 48849.00)
route 43, node_num 5, cost 1138.200000, nodes: 0(120000.00, 120000.00) 231 579 35 0(38700.00, 38700.00)
route 44, node_num 7, cost 1256.766000, nodes: 0(120000.00, 120000.00) 232 444 103 36 138 0(30231.00, 30231.00)
route 45, node_num 7, cost 1426.026000, nodes: 0(120000.00, 120000.00) 235 163 518 457 275 0(18141.00, 18141.00)
route 46, node_num 7, cost 530.068000, nodes: 0(120000.00, 120000.00) 247 502 82 384 300 0(82138.00, 82138.00)
route 47, node_num 8, cost 1298.780000, nodes: 0(120000.00, 120000.00) 250 150 274 200 10 728(60234.00, 60234.00) 0(27230.00, 27230.00)
route 48, node_num 6, cost 960.120000, nodes: 0(120000.00, 120000.00) 255 4 520 599 0(51420.00, 51420.00)
route 49, node_num 8, cost 496.300000, nodes: 0(120000.00, 120000.00) 261 290 451 343 241 306 0(84550.00, 84550.00)
route 50, node_num 7, cost 850.640000, nodes: 0(120000.00, 120000.00) 266 535 313 380 205 0(59240.00, 59240.00)
route 51, node_num 5, cost 1018.318000, nodes: 0(120000.00, 120000.00) 267 409 144 0(47263.00, 47263.00)
route 52, node_num 6, cost 489.496000, nodes: 0(120000.00, 120000.00) 268 545 359 578 0(85036.00, 85036.00)
route 53, node_num 7, cost 479.668000, nodes: 0(120000.00, 120000.00) 280 206 342 140 310 0(85738.00, 85738.00)
route 54, node_num 7, cost 1696.534000, nodes: 0(120000.00, 120000.00) 284 463 477 66 623(3333.00, 4514.00) 0(0.00, 0.00)
route 55, node_num 5, cost 897.344000, nodes: 0(120000.00, 120000.00) 288 335 3 0(55904.00, 55904.00)
route 56, node_num 8, cost 1663.480000, nodes: 0(120000.00, 120000.00) 289 470 224 180 50 664(20514.00, 20514.00) 0(1180.00, 1180.00)
route 57, node_num 9, cost 1532.300000, nodes: 0(120000.00, 120000.00) 294 729(70836.00, 70836.00) 293 167 584 51 757(12907.00, 12907.00) 0(10550.00, 10550.00)
route 58, node_num 6, cost 606.788000, nodes: 0(120000.00, 120000.00) 295 61 354 381 0(76658.00, 76658.00)
route 59, node_num 4, cost 652.946000, nodes: 0(120000.00, 120000.00) 296 312 0(73361.00, 73361.00)
route 60, node_num 7, cost 1398.348000, nodes: 0(120000.00, 120000.00) 303 1 106 151 34 0(20118.00, 20118.00)
route 61, node_num 6, cost 1412.796000, nodes: 0(120000.00, 120000.00) 321 259 226 370 0(19086.00, 19086.00)
route 62, node_num 7, cost 646.072000, nodes: 0(120000.00, 120000.00) 326 46 514 459 324 0(73852.00, 73852.00)
route 63, node_num 6, cost 918.456000, nodes: 0(120000.00, 120000.00) 328 299 115 42 0(54396.00, 54396.00)
route 64, node_num 7, cost 1098.804000, nodes: 0(120000.00, 120000.00) 333 528 516 552 390 0(41514.00, 41514.00)
route 65, node_num 4, cost 284.788000, nodes: 0(120000.00, 120000.00) 338 561 0(99658.00, 99658.00)
route 66, node_num 6, cost 785.652000, nodes: 0(120000.00, 120000.00) 341 195 387 301 0(63882.00, 63882.00)
route 67, node_num 4, cost 203.168000, nodes: 0(120000.00, 120000.00) 347 498 0(105488.00, 105488.00)
route 68, node_num 6, cost 1438.710000, nodes: 0(120000.00, 120000.00) 348 432 373 263 0(17235.00, 17235.00)
route 69, node_num 5, cost 506.968000, nodes: 0(120000.00, 120000.00) 357 23 221 0(83788.00, 83788.00)
route 70, node_num 6, cost 1229.186000, nodes: 0(120000.00, 120000.00) 362 193 586 97 0(32201.00, 32201.00)
route 71, node_num 7, cost 1248.422000, nodes: 0(120000.00, 120000.00) 367 332 94 269 47 0(30827.00, 30827.00)
route 72, node_num 7, cost 985.362000, nodes: 0(120000.00, 120000.00) 382 495 19 240 254 0(49617.00, 49617.00)
route 73, node_num 7, cost 1117.354000, nodes: 0(120000.00, 120000.00) 388 468 447 62 487 0(40189.00, 40189.00)
route 74, node_num 7, cost 927.472000, nodes: 0(120000.00, 120000.00) 391 2 490 110 111 0(53752.00, 53752.00)
route 75, node_num 6, cost 1192.044000, nodes: 0(120000.00, 120000.00) 393 515 547 366 0(34854.00, 34854.00)
route 76, node_num 7, cost 1639.022000, nodes: 0(120000.00, 120000.00) 402 330 292 244 603(12042.00, 12042.00) 0(2927.00, 2927.00)
route 77, node_num 5, cost 574.336000, nodes: 0(120000.00, 120000.00) 403 441 314 0(78976.00, 78976.00)
route 78, node_num 7, cost 1382.304000, nodes: 0(120000.00, 120000.00) 411 438 20 405 227 0(21264.00, 21264.00)
route 79, node_num 7, cost 943.264000, nodes: 0(120000.00, 120000.00) 415 190 345 597 164 0(52624.00, 52624.00)
route 80, node_num 7, cost 1043.182000, nodes: 0(120000.00, 120000.00) 422 298 262 58 98 0(45487.00, 45487.00)
route 81, node_num 7, cost 1959.006000, nodes: 0(120000.00, 120000.00) 424 512 291 378 677(94.00, 20023.00) 0(0.00, 0.00)
route 82, node_num 6, cost 1602.482000, nodes: 0(120000.00, 120000.00) 442 186 526 466 0(5537.00, 5537.00)
route 83, node_num 8, cost 701.750000, nodes: 0(120000.00, 120000.00) 445 297 270 156 72 212 0(69875.00, 69875.00)
route 84, node_num 6, cost 1565.200000, nodes: 0(120000.00, 120000.00) 449 104 54 265 0(8200.00, 8200.00)
route 85, node_num 5, cost 222.642000, nodes: 0(120000.00, 120000.00) 450 249 124 0(104097.00, 104097.00)
route 86, node_num 7, cost 1176.490000, nodes: 0(120000.00, 120000.00) 453 372 258 600 416 0(35965.00, 35965.00)
route 87, node_num 6, cost 1357.748000, nodes: 0(120000.00, 120000.00) 454 481 319 376 0(23018.00, 23018.00)
route 88, node_num 3, cost 78.400000, nodes: 0(120000.00, 120000.00) 455 0(114400.00, 114400.00)
route 89, node_num 6, cost 923.160000, nodes: 0(120000.00, 120000.00) 465 257 169 360 0(54060.00, 54060.00)
route 90, node_num 6, cost 432.334000, nodes: 0(120000.00, 120000.00) 467 458 70 14 0(89119.00, 89119.00)
route 91, node_num 6, cost 644.938000, nodes: 0(120000.00, 120000.00) 473 65 109 462 0(73933.00, 73933.00)
route 92, node_num 7, cost 907.452000, nodes: 0(120000.00, 120000.00) 475 210 56 471 573 0(55182.00, 55182.00)
route 93, node_num 5, cost 1544.284000, nodes: 0(120000.00, 120000.00) 478 461 157 0(9694.00, 9694.00)
route 94, node_num 6, cost 1342.530000, nodes: 0(120000.00, 120000.00) 480 555 148 320 0(24105.00, 24105.00)
route 95, node_num 8, cost 1857.884000, nodes: 0(120000.00, 120000.00) 485 687(40581.00, 53287.00) 322 78 570 531 0(0.00, 0.00)
route 96, node_num 5, cost 941.094000, nodes: 0(120000.00, 120000.00) 496 27 448 0(52779.00, 52779.00)
route 97, node_num 5, cost 961.422000, nodes: 0(120000.00, 120000.00) 497 588 237 0(51327.00, 51327.00)
route 98, node_num 7, cost 1547.392000, nodes: 0(120000.00, 120000.00) 513 43 92 118 75 0(9472.00, 9472.00)
route 99, node_num 7, cost 1118.124000, nodes: 0(120000.00, 120000.00) 532 282 406 486 192 0(40134.00, 40134.00)
route 100, node_num 8, cost 1683.780000, nodes: 0(120000.00, 120000.00) 533 482 358 412 428 764(19064.00, 19334.00) 0(0.00, 0.00)
route 101, node_num 6, cost 1030.946000, nodes: 0(120000.00, 120000.00) 536 272 304 397 0(46361.00, 46361.00)
route 102, node_num 6, cost 1210.594000, nodes: 0(120000.00, 120000.00) 537 323 506 740(66675.00, 66675.00) 0(33529.00, 33529.00)
route 103, node_num 8, cost 1523.298000, nodes: 0(120000.00, 120000.00) 539 183 519 433 529 704(55590.00, 55590.00) 0(11193.00, 11193.00)
route 104, node_num 8, cost 1151.010000, nodes: 0(120000.00, 120000.00) 541 386 567 172 129 113 0(37785.00, 37785.00)
route 105, node_num 7, cost 995.246000, nodes: 0(120000.00, 120000.00) 543 239 389 71 361 0(48911.00, 48911.00)
route 106, node_num 6, cost 616.686000, nodes: 0(120000.00, 120000.00) 544 557 88 501 0(75951.00, 75951.00)
route 107, node_num 6, cost 804.566000, nodes: 0(120000.00, 120000.00) 551 419 353 374 0(62531.00, 62531.00)
route 108, node_num 6, cost 1248.954000, nodes: 0(120000.00, 120000.00) 553 510 489 580 0(30789.00, 30789.00)
route 109, node_num 4, cost 146.636000, nodes: 0(120000.00, 120000.00) 556 277 0(109526.00, 109526.00)
route 110, node_num 8, cost 850.500000, nodes: 0(120000.00, 120000.00) 558 25 581 563 417 346 0(59250.00, 59250.00)
route 111, node_num 7, cost 1659.840000, nodes: 0(120000.00, 120000.00) 564 99 79 248 30 0(1440.00, 1440.00)
route 112, node_num 6, cost 1099.728000, nodes: 0(120000.00, 120000.00) 565 17 188 364 0(41448.00, 41448.00)
route 113, node_num 6, cost 1548.778000, nodes: 0(120000.00, 120000.00) 566 395 527 260 0(9373.00, 9373.00)
route 114, node_num 5, cost 420.042000, nodes: 0(120000.00, 120000.00) 568 469 336 0(89997.00, 89997.00)
route 115, node_num 5, cost 976.346000, nodes: 0(120000.00, 120000.00) 569 40 122 0(50261.00, 50261.00)
route 116, node_num 5, cost 1449.196000, nodes: 0(120000.00, 120000.00) 571 427 177 0(16486.00, 16486.00)
route 117, node_num 7, cost 1577.912000, nodes: 0(120000.00, 120000.00) 582 91 476 134 503 0(7292.00, 7292.00)
route 118, node_num 6, cost 295.050000, nodes: 0(120000.00, 120000.00) 583 398 311 201 0(98925.00, 98925.00)
route 119, node_num 5, cost 1205.036000, nodes: 0(120000.00, 120000.00) 587 315 170 0(33926.00, 33926.00)
route 120, node_num 6, cost 1446.662000, nodes: 0(120000.00, 120000.00) 594 574 440 309 0(16667.00, 16667.00)
route 121, node_num 8, cost 1696.520000, nodes: 0(120000.00, 120000.00) 595 149 33 125 83 723(3334.00, 4514.00) 0(0.00, 0.00)
route 122, node_num 6, cost 853.692000, nodes: 0(120000.00, 120000.00) 598 344 509 9 0(59022.00, 59022.00)
route 123, node_num 6, cost 1659.000000, nodes: 0(120000.00, 120000.00) 607(76524.00, 76524.00) 230 437 242 0(1500.00, 1500.00)
route 124, node_num 6, cost 1599.836000, nodes: 0(120000.00, 120000.00) 617(97837.00, 120000.00) 198 504 182 0(27889.00, 27889.00)
route 125, node_num 7, cost 1631.448000, nodes: 0(120000.00, 120000.00) 619(75699.00, 75699.00) 356 316 181 456 0(3468.00, 3468.00)
route 126, node_num 7, cost 1406.034000, nodes: 0(120000.00, 120000.00) 621(81946.00, 113946.00) 245 67 420 114 0(51569.00, 51569.00)
route 127, node_num 6, cost 1566.110000, nodes: 0(120000.00, 120000.00) 624(78004.00, 120000.00) 350 483 425 0(50131.00, 50131.00)
route 128, node_num 7, cost 1741.754000, nodes: 0(120000.00, 120000.00) 630(107152.00, 111563.00) 368 223 429 236 0(0.00, 0.00)
route 129, node_num 8, cost 1554.238000, nodes: 0(120000.00, 120000.00) 645(99812.00, 99812.00) 139 112 575 48 692(31174.00, 31174.00) 0(8983.00, 8983.00)
route 130, node_num 9, cost 1569.680000, nodes: 0(120000.00, 120000.00) 650(76684.00, 76684.00) 141 377 542 523 589 781(45129.00, 45129.00) 0(7880.00, 7880.00)
route 131, node_num 9, cost 1491.210000, nodes: 0(120000.00, 120000.00) 698(102863.00, 102863.00) 576 137 179 279 165 792(35676.00, 35676.00) 0(13485.00, 13485.00)
route 132, node_num 6, cost 1757.182000, nodes: 0(120000.00, 120000.00) 699(70721.00, 76234.00) 26 162 128 0(0.00, 0.00)
route 133, node_num 9, cost 1332.198000, nodes: 0(120000.00, 120000.00) 721(81946.00, 81946.00) 593 334 407 550 152 657(27200.00, 27200.00) 0(24843.00, 24843.00)
route 134, node_num 8, cost 1683.486000, nodes: 0(120000.00, 120000.00) 724(78004.00, 78253.00) 229 15 214 488 521 0(0.00, 0.00)
route 135, node_num 7, cost 1692.432000, nodes: 0(120000.00, 120000.00) 730(107152.00, 120000.00) 355 29 176 105 0(11960.00, 11960.00)
route 136, node_num 7, cost 1734.838000, nodes: 0(120000.00, 120000.00) 745(99812.00, 103729.00) 511 408 426 197 0(0.00, 0.00)
route 137, node_num 6, cost 1499.470000, nodes: 0(120000.00, 120000.00) 767(101080.00, 120000.00) 160 202 491 0(31815.00, 31815.00)
route 138, node_num 7, cost 1663.914000, nodes: 0(120000.00, 120000.00) 777(102343.00, 120000.00) 474 329 281 452 0(18806.00, 18806.00)
route 139, node_num 7, cost 1525.818000, nodes: 0(120000.00, 120000.00) 798(102863.00, 102863.00) 339 305 500 479 0(11013.00, 11013.00)
vehicle (route) number: 140
Total cost: 206662.01
206662.01, 9001.65
