Details of the solution:
route 0, node_num 6, cost 1071.896000, nodes: 0(120000.00, 120000.00) 102 27 74 184 0(43436.00, 43436.00)
route 1, node_num 6, cost 1535.898000, nodes: 0(120000.00, 120000.00) 16 598 425 258 0(10293.00, 10293.00)
route 2, node_num 7, cost 1534.946000, nodes: 0(120000.00, 120000.00) 654(97972.00, 101972.00) 208 552 370 63 0(14361.00, 14361.00)
route 3, node_num 5, cost 699.692000, nodes: 0(120000.00, 120000.00) 254 18 548 0(70022.00, 70022.00)
route 4, node_num 5, cost 740.124000, nodes: 0(120000.00, 120000.00) 21 93 312 0(67134.00, 67134.00)
route 5, node_num 7, cost 1659.966000, nodes: 0(120000.00, 120000.00) 79 145 238 634(53456.00, 53456.00) 200 0(1431.00, 1431.00)
route 6, node_num 6, cost 1408.946000, nodes: 0(120000.00, 120000.00) 560 550 84 331 0(19361.00, 19361.00)
route 7, node_num 7, cost 1135.876000, nodes: 0(120000.00, 120000.00) 31 304 62 397 448 0(38866.00, 38866.00)
route 8, node_num 7, cost 1678.712000, nodes: 0(120000.00, 120000.00) 429 223 215 45 643(16609.00, 16609.00) 0(92.00, 92.00)
route 9, node_num 7, cost 831.530000, nodes: 0(120000.00, 120000.00) 423 36 240 192 531 0(60605.00, 60605.00)
route 10, node_num 6, cost 761.376000, nodes: 0(120000.00, 120000.00) 38 136 374 135 0(65616.00, 65616.00)
route 11, node_num 6, cost 1036.728000, nodes: 0(120000.00, 120000.00) 226 256 86 573 0(45948.00, 45948.00)
route 12, node_num 6, cost 664.552000, nodes: 0(120000.00, 120000.00) 280 324 354 297 0(72532.00, 72532.00)
route 13, node_num 8, cost 1756.454000, nodes: 0(120000.00, 120000.00) 431 591 546 134 198 743(11056.00, 16517.00) 0(0.00, 0.00)
route 14, node_num 7, cost 1096.634000, nodes: 0(120000.00, 120000.00) 81 127 87 116 47 0(41669.00, 41669.00)
route 15, node_num 8, cost 1713.334000, nodes: 0(120000.00, 120000.00) 83 418 543 526 592 743(14136.00, 16517.00) 0(0.00, 0.00)
route 16, node_num 7, cost 1451.254000, nodes: 0(120000.00, 120000.00) 303 392 49 438 697(27225.00, 27225.00) 0(16339.00, 16339.00)
route 17, node_num 6, cost 1596.854000, nodes: 0(120000.00, 120000.00) 100 330 427 683(35550.00, 35550.00) 0(5939.00, 5939.00)
route 18, node_num 5, cost 1187.508000, nodes: 0(120000.00, 120000.00) 232 183 571 0(35178.00, 35178.00)
route 19, node_num 7, cost 1428.098000, nodes: 0(120000.00, 120000.00) 629(89163.00, 113163.00) 449 222 169 268 0(41993.00, 41993.00)
route 20, node_num 6, cost 793.142000, nodes: 0(120000.00, 120000.00) 568 178 515 295 0(63347.00, 63347.00)
route 21, node_num 3, cost 56.952000, nodes: 0(120000.00, 120000.00) 509 0(115932.00, 115932.00)
route 22, node_num 6, cost 1465.058000, nodes: 0(120000.00, 120000.00) 499 285 197 555 0(15353.00, 15353.00)
route 23, node_num 7, cost 1540.084000, nodes: 0(120000.00, 120000.00) 120 85 400 349 619(34744.00, 34744.00) 0(9994.00, 9994.00)
route 24, node_num 5, cost 578.270000, nodes: 0(120000.00, 120000.00) 359 266 65 0(78695.00, 78695.00)
route 25, node_num 5, cost 794.402000, nodes: 0(120000.00, 120000.00) 131 328 205 0(63257.00, 63257.00)
route 26, node_num 5, cost 1308.916000, nodes: 0(120000.00, 120000.00) 129 231 387 0(26506.00, 26506.00)
route 27, node_num 6, cost 832.216000, nodes: 0(120000.00, 120000.00) 465 491 203 217 0(60556.00, 60556.00)
route 28, node_num 7, cost 1523.256000, nodes: 0(120000.00, 120000.00) 625(97482.00, 120000.00) 444 177 244 584 0(33714.00, 33714.00)
route 29, node_num 7, cost 1351.280000, nodes: 0(120000.00, 120000.00) 191 211 243 60 372 0(23480.00, 23480.00)
route 30, node_num 6, cost 737.352000, nodes: 0(120000.00, 120000.00) 569 566 72 156 0(67332.00, 67332.00)
route 31, node_num 9, cost 1518.342000, nodes: 0(120000.00, 120000.00) 142 799(89984.00, 93984.00) 230 437 600 428 752(53967.00, 53967.00) 0(15547.00, 15547.00)
route 32, node_num 6, cost 1693.216000, nodes: 0(120000.00, 120000.00) 631(83199.00, 115199.00) 149 476 530 0(31056.00, 31056.00)
route 33, node_num 7, cost 729.596000, nodes: 0(120000.00, 120000.00) 153 563 472 457 445 0(67886.00, 67886.00)
route 34, node_num 5, cost 552.706000, nodes: 0(120000.00, 120000.00) 154 296 201 0(80521.00, 80521.00)
route 35, node_num 7, cost 1591.198000, nodes: 0(120000.00, 120000.00) 731(83199.00, 120000.00) 160 202 426 35 0(43144.00, 43144.00)
route 36, node_num 7, cost 1802.948000, nodes: 0(120000.00, 120000.00) 368 460 5 236 643(7735.00, 16517.00) 0(0.00, 0.00)
route 37, node_num 7, cost 1260.560000, nodes: 0(120000.00, 120000.00) 301 179 401 522 346 0(29960.00, 29960.00)
route 38, node_num 8, cost 1687.000000, nodes: 0(120000.00, 120000.00) 186 143 528 182 13 778(43766.00, 44266.00) 0(0.00, 0.00)
route 39, node_num 5, cost 661.710000, nodes: 0(120000.00, 120000.00) 98 175 117 0(72735.00, 72735.00)
route 40, node_num 8, cost 1402.646000, nodes: 0(120000.00, 120000.00) 228 139 2 410 308 265 0(19811.00, 19811.00)
route 41, node_num 6, cost 1049.748000, nodes: 0(120000.00, 120000.00) 247 195 504 71 0(45018.00, 45018.00)
route 42, node_num 6, cost 469.042000, nodes: 0(120000.00, 120000.00) 206 342 133 216 0(86497.00, 86497.00)
route 43, node_num 5, cost 1164.016000, nodes: 0(120000.00, 120000.00) 112 34 165 0(36856.00, 36856.00)
route 44, node_num 6, cost 413.014000, nodes: 0(120000.00, 120000.00) 212 23 357 14 0(90499.00, 90499.00)
route 45, node_num 3, cost 170.926000, nodes: 0(120000.00, 120000.00) 484 0(107791.00, 107791.00)
route 46, node_num 4, cost 378.196000, nodes: 0(120000.00, 120000.00) 46 488 0(92986.00, 92986.00)
route 47, node_num 8, cost 1603.350000, nodes: 0(120000.00, 120000.00) 229 439 276 517 432 743(21992.00, 21992.00) 0(5475.00, 5475.00)
route 48, node_num 8, cost 1725.332000, nodes: 0(120000.00, 120000.00) 233 181 452 32 33 718(48597.00, 51835.00) 0(0.00, 0.00)
route 49, node_num 6, cost 1205.540000, nodes: 0(120000.00, 120000.00) 237 190 446 122 0(33890.00, 33890.00)
route 50, node_num 6, cost 931.042000, nodes: 0(120000.00, 120000.00) 375 196 227 405 0(53497.00, 53497.00)
route 51, node_num 6, cost 449.554000, nodes: 0(120000.00, 120000.00) 249 261 290 124 0(87889.00, 87889.00)
route 52, node_num 8, cost 1434.104000, nodes: 0(120000.00, 120000.00) 628(112837.00, 116837.00) 251 593 95 121 159 0(21564.00, 21564.00)
route 53, node_num 3, cost 187.208000, nodes: 0(120000.00, 120000.00) 455 0(106628.00, 106628.00)
route 54, node_num 5, cost 968.380000, nodes: 0(120000.00, 120000.00) 257 263 25 0(50830.00, 50830.00)
route 55, node_num 7, cost 1370.824000, nodes: 0(120000.00, 120000.00) 565 260 520 75 94 0(22084.00, 22084.00)
route 56, node_num 4, cost 125.020000, nodes: 0(120000.00, 120000.00) 277 315 0(111070.00, 111070.00)
route 57, node_num 8, cost 1467.816000, nodes: 0(120000.00, 120000.00) 604(114583.00, 120000.00) 334 319 406 523 40 0(20573.00, 20573.00)
route 58, node_num 5, cost 1423.870000, nodes: 0(120000.00, 120000.00) 289 224 580 0(18295.00, 18295.00)
route 59, node_num 6, cost 802.900000, nodes: 0(120000.00, 120000.00) 341 441 115 572 0(62650.00, 62650.00)
route 60, node_num 6, cost 1126.006000, nodes: 0(120000.00, 120000.00) 302 8 496 360 0(39571.00, 39571.00)
route 61, node_num 6, cost 1197.882000, nodes: 0(120000.00, 120000.00) 394 385 97 414 0(34437.00, 34437.00)
route 62, node_num 8, cost 1011.500000, nodes: 0(120000.00, 120000.00) 306 532 225 188 364 500 0(47750.00, 47750.00)
route 63, node_num 6, cost 1267.826000, nodes: 0(120000.00, 120000.00) 108 388 73 524 0(29441.00, 29441.00)
route 64, node_num 5, cost 274.876000, nodes: 0(120000.00, 120000.00) 311 57 398 0(100366.00, 100366.00)
route 65, node_num 6, cost 938.658000, nodes: 0(120000.00, 120000.00) 317 501 234 558 0(52953.00, 52953.00)
route 66, node_num 6, cost 1540.042000, nodes: 0(120000.00, 120000.00) 604(114583.00, 114583.00) 577 318 170 0(9997.00, 9997.00)
route 67, node_num 6, cost 839.510000, nodes: 0(120000.00, 120000.00) 326 64 53 187 0(60035.00, 60035.00)
route 68, node_num 4, cost 42.812000, nodes: 0(120000.00, 120000.00) 327 286 0(116942.00, 116942.00)
route 69, node_num 4, cost 238.686000, nodes: 0(120000.00, 120000.00) 338 12 0(102951.00, 102951.00)
route 70, node_num 7, cost 1338.540000, nodes: 0(120000.00, 120000.00) 339 583 20 37 633(34145.00, 34145.00) 0(24390.00, 24390.00)
route 71, node_num 7, cost 1096.088000, nodes: 0(120000.00, 120000.00) 570 340 459 270 512 0(41708.00, 41708.00)
route 72, node_num 8, cost 1251.852000, nodes: 0(120000.00, 120000.00) 343 521 282 366 242 250 0(30582.00, 30582.00)
route 73, node_num 7, cost 992.796000, nodes: 0(120000.00, 120000.00) 344 535 578 417 9 0(49086.00, 49086.00)
route 74, node_num 3, cost 140.070000, nodes: 0(120000.00, 120000.00) 462 0(109995.00, 109995.00)
route 75, node_num 7, cost 1021.930000, nodes: 0(120000.00, 120000.00) 505 262 298 422 510 0(47005.00, 47005.00)
route 76, node_num 5, cost 849.114000, nodes: 0(120000.00, 120000.00) 353 413 255 0(59349.00, 59349.00)
route 77, node_num 3, cost 178.920000, nodes: 0(120000.00, 120000.00) 347 0(107220.00, 107220.00)
route 78, node_num 7, cost 862.274000, nodes: 0(120000.00, 120000.00) 493 19 335 288 7 0(58409.00, 58409.00)
route 79, node_num 7, cost 965.062000, nodes: 0(120000.00, 120000.00) 300 110 56 210 333 0(51067.00, 51067.00)
route 80, node_num 4, cost 281.316000, nodes: 0(120000.00, 120000.00) 381 458 0(99906.00, 99906.00)
route 81, node_num 7, cost 1443.064000, nodes: 0(120000.00, 120000.00) 404 386 172 362 399 0(16924.00, 16924.00)
route 82, node_num 3, cost 306.292000, nodes: 0(120000.00, 120000.00) 109 0(98122.00, 98122.00)
route 83, node_num 7, cost 987.840000, nodes: 0(120000.00, 120000.00) 44 313 6 299 391 0(49440.00, 49440.00)
route 84, node_num 7, cost 1046.094000, nodes: 0(120000.00, 120000.00) 189 403 272 379 551 0(45279.00, 45279.00)
route 85, node_num 5, cost 770.504000, nodes: 0(120000.00, 120000.00) 419 481 171 0(64964.00, 64964.00)
route 86, node_num 7, cost 1289.862000, nodes: 0(120000.00, 120000.00) 415 367 50 479 77 0(27867.00, 27867.00)
route 87, node_num 8, cost 1803.592000, nodes: 0(120000.00, 120000.00) 502 741(58692.00, 67520.00) 128 474 101 248 0(0.00, 0.00)
route 88, node_num 3, cost 56.476000, nodes: 0(120000.00, 120000.00) 138 0(115966.00, 115966.00)
route 89, node_num 4, cost 875.238000, nodes: 0(120000.00, 120000.00) 307 166 0(57483.00, 57483.00)
route 90, node_num 6, cost 1337.252000, nodes: 0(120000.00, 120000.00) 456 69 511 575 0(24482.00, 24482.00)
route 91, node_num 6, cost 1595.524000, nodes: 0(120000.00, 120000.00) 30 193 395 373 0(6034.00, 6034.00)
route 92, node_num 7, cost 1020.012000, nodes: 0(120000.00, 120000.00) 430 126 4 380 473 0(47142.00, 47142.00)
route 93, node_num 7, cost 1481.144000, nodes: 0(120000.00, 120000.00) 728(112837.00, 120000.00) 137 305 539 259 0(21367.00, 21367.00)
route 94, node_num 3, cost 585.802000, nodes: 0(120000.00, 120000.00) 544 0(78157.00, 78157.00)
route 95, node_num 3, cost 176.974000, nodes: 0(120000.00, 120000.00) 111 0(107359.00, 107359.00)
route 96, node_num 9, cost 1568.518000, nodes: 0(120000.00, 120000.00) 672(109258.00, 113258.00) 533 409 461 576 67 477 0(11963.00, 11963.00)
route 97, node_num 7, cost 1188.992000, nodes: 0(120000.00, 120000.00) 464 321 559 323 495 0(35072.00, 35072.00)
route 98, node_num 3, cost 130.032000, nodes: 0(120000.00, 120000.00) 467 0(110712.00, 110712.00)
route 99, node_num 6, cost 1128.512000, nodes: 0(120000.00, 120000.00) 585 105 447 10 0(39392.00, 39392.00)
route 100, node_num 7, cost 1460.214000, nodes: 0(120000.00, 120000.00) 17 443 411 283 719(40449.00, 40449.00) 0(15699.00, 15699.00)
route 101, node_num 8, cost 1954.120000, nodes: 0(120000.00, 120000.00) 103 489 90 92 209 605(34324.00, 53904.00) 0(0.00, 0.00)
route 102, node_num 6, cost 1335.754000, nodes: 0(120000.00, 120000.00) 507 412 478 358 0(24589.00, 24589.00)
route 103, node_num 5, cost 1068.368000, nodes: 0(120000.00, 120000.00) 471 58 207 0(43688.00, 43688.00)
route 104, node_num 5, cost 1299.480000, nodes: 0(120000.00, 120000.00) 332 490 274 0(27180.00, 27180.00)
route 105, node_num 5, cost 378.238000, nodes: 0(120000.00, 120000.00) 42 336 123 0(92983.00, 92983.00)
route 106, node_num 7, cost 1367.660000, nodes: 0(120000.00, 120000.00) 497 199 59 48 675(61160.00, 61160.00) 0(22310.00, 22310.00)
route 107, node_num 7, cost 1738.800000, nodes: 0(120000.00, 120000.00) 498 41 118 43 790(31901.00, 36101.00) 0(0.00, 0.00)
route 108, node_num 7, cost 1810.550000, nodes: 0(120000.00, 120000.00) 599 292 562 80 662(35260.00, 44585.00) 0(0.00, 0.00)
route 109, node_num 8, cost 1554.644000, nodes: 0(120000.00, 120000.00) 389 273 337 408 279 743(25471.00, 25471.00) 0(8954.00, 8954.00)
route 110, node_num 7, cost 1480.374000, nodes: 0(120000.00, 120000.00) 3 91 76 28 733(24014.00, 24014.00) 0(14259.00, 14259.00)
route 111, node_num 8, cost 1496.516000, nodes: 0(120000.00, 120000.00) 506 163 114 194 492 679(24933.00, 24933.00) 0(13106.00, 13106.00)
route 112, node_num 6, cost 673.974000, nodes: 0(120000.00, 120000.00) 508 595 241 451 0(71859.00, 71859.00)
route 113, node_num 7, cost 990.584000, nodes: 0(120000.00, 120000.00) 475 213 416 253 146 0(49244.00, 49244.00)
route 114, node_num 6, cost 1338.526000, nodes: 0(120000.00, 120000.00) 536 594 239 709(59268.00, 59268.00) 0(24391.00, 24391.00)
route 115, node_num 7, cost 1088.556000, nodes: 0(120000.00, 120000.00) 152 557 436 220 597 0(42246.00, 42246.00)
route 116, node_num 6, cost 571.368000, nodes: 0(120000.00, 120000.00) 540 61 70 221 0(79188.00, 79188.00)
route 117, node_num 7, cost 1328.418000, nodes: 0(120000.00, 120000.00) 542 371 267 68 376 0(25113.00, 25113.00)
route 118, node_num 6, cost 643.468000, nodes: 0(120000.00, 120000.00) 545 453 541 596 0(74038.00, 74038.00)
route 119, node_num 6, cost 946.400000, nodes: 0(120000.00, 120000.00) 547 164 382 55 0(52400.00, 52400.00)
route 120, node_num 7, cost 1528.464000, nodes: 0(120000.00, 120000.00) 348 132 151 383 719(35574.00, 35574.00) 0(10824.00, 10824.00)
route 121, node_num 7, cost 968.744000, nodes: 0(120000.00, 120000.00) 549 396 287 421 482 0(50804.00, 50804.00)
route 122, node_num 7, cost 1567.314000, nodes: 0(120000.00, 120000.00) 442 107 466 363 719(32799.00, 32799.00) 0(8049.00, 8049.00)
route 123, node_num 7, cost 1404.396000, nodes: 0(120000.00, 120000.00) 487 204 554 173 271 0(19686.00, 19686.00)
route 124, node_num 6, cost 1054.648000, nodes: 0(120000.00, 120000.00) 561 564 352 486 0(44668.00, 44668.00)
route 125, node_num 8, cost 1665.062000, nodes: 0(120000.00, 120000.00) 712(114641.00, 120000.00) 284 553 309 582 534 0(6426.00, 6426.00)
route 126, node_num 4, cost 711.998000, nodes: 0(120000.00, 120000.00) 39 529 0(69143.00, 69143.00)
route 127, node_num 7, cost 742.994000, nodes: 0(120000.00, 120000.00) 140 314 82 147 384 0(66929.00, 66929.00)
route 128, node_num 5, cost 963.172000, nodes: 0(120000.00, 120000.00) 345 161 320 0(51202.00, 51202.00)
route 129, node_num 4, cost 668.416000, nodes: 0(120000.00, 120000.00) 218 361 0(72256.00, 72256.00)
route 130, node_num 7, cost 905.212000, nodes: 0(120000.00, 120000.00) 579 174 538 119 130 0(55342.00, 55342.00)
route 131, node_num 5, cost 1293.670000, nodes: 0(120000.00, 120000.00) 556 96 514 0(27595.00, 27595.00)
route 132, node_num 6, cost 855.386000, nodes: 0(120000.00, 120000.00) 587 518 246 586 0(58901.00, 58901.00)
route 133, node_num 6, cost 1164.492000, nodes: 0(120000.00, 120000.00) 113 567 269 278 0(36822.00, 36822.00)
route 134, node_num 8, cost 1689.758000, nodes: 0(120000.00, 120000.00) 294 480 141 377 144 760(22022.00, 22719.00) 0(0.00, 0.00)
route 135, node_num 8, cost 1580.404000, nodes: 0(120000.00, 120000.00) 732(86549.00, 106549.00) 513 66 245 407 275 0(27114.00, 27114.00)
route 136, node_num 7, cost 1564.836000, nodes: 0(120000.00, 120000.00) 420 440 322 463 791(15267.00, 15267.00) 0(8226.00, 8226.00)
route 137, node_num 6, cost 1503.404000, nodes: 0(120000.00, 120000.00) 148 402 589 52 0(12614.00, 12614.00)
route 138, node_num 8, cost 1573.390000, nodes: 0(120000.00, 120000.00) 625(97482.00, 117482.00) 537 24 365 316 588 0(27615.00, 27615.00)
route 139, node_num 8, cost 1358.924000, nodes: 0(120000.00, 120000.00) 630(107271.00, 120000.00) 516 494 325 104 775(74513.00, 74513.00) 0(35663.00, 35663.00)
route 140, node_num 8, cost 1782.214000, nodes: 0(120000.00, 120000.00) 632(86549.00, 86549.00) 167 51 235 158 764(12882.00, 20183.00) 0(0.00, 0.00)
route 141, node_num 8, cost 1620.850000, nodes: 0(120000.00, 120000.00) 635(84119.00, 84119.00) 180 155 424 78 695(30738.00, 30738.00) 0(4225.00, 4225.00)
route 142, node_num 3, cost 216.216000, nodes: 0(120000.00, 120000.00) 450 0(104556.00, 104556.00)
route 143, node_num 5, cost 1340.752000, nodes: 0(120000.00, 120000.00) 1 89 485 0(24232.00, 24232.00)
route 144, node_num 7, cost 1619.912000, nodes: 0(120000.00, 120000.00) 651(83734.00, 83734.00) 264 54 15 214 0(4292.00, 4292.00)
route 145, node_num 6, cost 1469.790000, nodes: 0(120000.00, 120000.00) 704(114583.00, 120000.00) 574 350 435 0(20432.00, 20432.00)
route 146, node_num 3, cost 188.160000, nodes: 0(120000.00, 120000.00) 310 0(106560.00, 106560.00)
route 147, node_num 6, cost 1282.190000, nodes: 0(120000.00, 120000.00) 469 393 157 150 0(28415.00, 28415.00)
route 148, node_num 8, cost 1883.070000, nodes: 0(120000.00, 120000.00) 725(97482.00, 111987.00) 11 378 329 29 281 0(0.00, 0.00)
route 149, node_num 7, cost 1803.522000, nodes: 0(120000.00, 120000.00) 729(89163.00, 101163.00) 185 125 291 252 0(3177.00, 3177.00)
route 150, node_num 6, cost 1742.174000, nodes: 0(120000.00, 120000.00) 730(107271.00, 120000.00) 176 355 525 0(8288.00, 8288.00)
route 151, node_num 6, cost 1065.582000, nodes: 0(120000.00, 120000.00) 390 22 581 503 0(43887.00, 43887.00)
route 152, node_num 6, cost 1376.788000, nodes: 0(120000.00, 120000.00) 470 293 219 454 0(21658.00, 21658.00)
route 153, node_num 8, cost 1861.454000, nodes: 0(120000.00, 120000.00) 735(84119.00, 97080.00) 433 26 519 356 483 0(0.00, 0.00)
route 154, node_num 6, cost 1247.918000, nodes: 0(120000.00, 120000.00) 168 351 434 88 0(30863.00, 30863.00)
route 155, node_num 7, cost 1648.640000, nodes: 0(120000.00, 120000.00) 468 99 369 106 714(46990.00, 46990.00) 0(2240.00, 2240.00)
route 156, node_num 6, cost 1884.750000, nodes: 0(120000.00, 120000.00) 773(97835.00, 112460.00) 527 162 590 0(0.00, 0.00)
vehicle (route) number: 157
Total cost: 222883.27
222883.27, 9000.74
