Details of the solution:
route 0, node_num 5, cost 1369.550000, nodes: 0(120000.00, 120000.00) 303 1 120 0(22175.00, 22175.00)
route 1, node_num 8, cost 1153.796000, nodes: 0(120000.00, 120000.00) 475 8 243 793 258 530 0(37586.00, 37586.00)
route 2, node_num 8, cost 1861.006000, nodes: 0(120000.00, 120000.00) 11 610 177 784 118 834(38075.00, 51004.00) 0(0.00, 0.00)
route 3, node_num 5, cost 1259.902000, nodes: 0(120000.00, 120000.00) 16 222 491 0(30007.00, 30007.00)
route 4, node_num 6, cost 696.808000, nodes: 0(120000.00, 120000.00) 21 296 312 462 0(70228.00, 70228.00)
route 5, node_num 7, cost 1731.856000, nodes: 0(120000.00, 120000.00) 825(97482.00, 101186.00) 604 752 85 372 0(0.00, 0.00)
route 6, node_num 7, cost 1716.876000, nodes: 0(120000.00, 120000.00) 30 332 427 92 990(33467.00, 36101.00) 0(0.00, 0.00)
route 7, node_num 3, cost 149.842000, nodes: 0(120000.00, 120000.00) 445 0(109297.00, 109297.00)
route 8, node_num 6, cost 670.488000, nodes: 0(120000.00, 120000.00) 664 541 65 123 0(72108.00, 72108.00)
route 9, node_num 6, cost 1723.456000, nodes: 0(120000.00, 120000.00) 41 418 905(50991.00, 54095.00) 150 0(0.00, 0.00)
route 10, node_num 7, cost 1124.228000, nodes: 0(120000.00, 120000.00) 12 225 58 522 391 0(39698.00, 39698.00)
route 11, node_num 8, cost 1663.634000, nodes: 0(120000.00, 120000.00) 499 185 281 526 682 833(10924.00, 10924.00) 0(1169.00, 1169.00)
route 12, node_num 8, cost 1837.738000, nodes: 0(120000.00, 120000.00) 83 128 291 356 483 843(5250.00, 16517.00) 0(0.00, 0.00)
route 13, node_num 7, cost 1572.634000, nodes: 0(120000.00, 120000.00) 132 151 435 308 814(52419.00, 52419.00) 0(7669.00, 7669.00)
route 14, node_num 6, cost 1245.944000, nodes: 0(120000.00, 120000.00) 700 661 740 192 0(31004.00, 31004.00)
route 15, node_num 7, cost 1314.922000, nodes: 0(120000.00, 120000.00) 103 287 786 352 712 0(26077.00, 26077.00)
route 16, node_num 6, cost 889.966000, nodes: 0(120000.00, 120000.00) 108 102 413 255 0(56431.00, 56431.00)
route 17, node_num 7, cost 1638.182000, nodes: 0(120000.00, 120000.00) 854(97972.00, 97972.00) 89 276 517 448 0(2987.00, 2987.00)
route 18, node_num 5, cost 861.840000, nodes: 0(120000.00, 120000.00) 110 178 384 0(58440.00, 58440.00)
route 19, node_num 5, cost 1226.456000, nodes: 0(120000.00, 120000.00) 734 644 320 0(32396.00, 32396.00)
route 20, node_num 7, cost 1410.934000, nodes: 0(120000.00, 120000.00) 404 113 172 638 116 0(19219.00, 19219.00)
route 21, node_num 5, cost 1452.010000, nodes: 0(120000.00, 120000.00) 24 100 170 0(16285.00, 16285.00)
route 22, node_num 7, cost 1324.680000, nodes: 0(120000.00, 120000.00) 617 129 673 744 94 0(25380.00, 25380.00)
route 23, node_num 7, cost 775.110000, nodes: 0(120000.00, 120000.00) 587 518 538 119 130 0(64635.00, 64635.00)
route 24, node_num 8, cost 1639.078000, nodes: 0(120000.00, 120000.00) 233 181 474 588 239 909(37800.00, 37800.00) 0(2923.00, 2923.00)
route 25, node_num 6, cost 1452.766000, nodes: 0(120000.00, 120000.00) 148 520 71 679 0(16231.00, 16231.00)
route 26, node_num 8, cost 936.236000, nodes: 0(120000.00, 120000.00) 153 563 93 701 457 275 0(53126.00, 53126.00)
route 27, node_num 6, cost 1604.022000, nodes: 0(120000.00, 120000.00) 901(89828.00, 89828.00) 160 202 146 0(5427.00, 5427.00)
route 28, node_num 7, cost 1533.742000, nodes: 0(120000.00, 120000.00) 163 155 377 288 860(33166.00, 33166.00) 0(10447.00, 10447.00)
route 29, node_num 6, cost 1576.246000, nodes: 0(120000.00, 120000.00) 698 51 758 293 0(7411.00, 7411.00)
route 30, node_num 9, cost 1662.472000, nodes: 0(120000.00, 120000.00) 168 663 593 924(63627.00, 63627.00) 615 259 349 0(1252.00, 1252.00)
route 31, node_num 8, cost 1617.168000, nodes: 0(120000.00, 120000.00) 191 179 539 438 323 855(21243.00, 21243.00) 0(4488.00, 4488.00)
route 32, node_num 7, cost 1664.572000, nodes: 0(120000.00, 120000.00) 186 680 369 426 866(46057.00, 46057.00) 0(1102.00, 1102.00)
route 33, node_num 4, cost 221.466000, nodes: 0(120000.00, 120000.00) 111 216 0(104181.00, 104181.00)
route 34, node_num 8, cost 751.310000, nodes: 0(120000.00, 120000.00) 540 61 72 711 156 512 0(66335.00, 66335.00)
route 35, node_num 6, cost 738.150000, nodes: 0(120000.00, 120000.00) 603 777 515 488 0(67275.00, 67275.00)
route 36, node_num 6, cost 1432.830000, nodes: 0(120000.00, 120000.00) 231 84 743 729 0(17655.00, 17655.00)
route 37, node_num 8, cost 1149.904000, nodes: 0(120000.00, 120000.00) 206 342 2 732 414 35 0(37864.00, 37864.00)
route 38, node_num 6, cost 889.126000, nodes: 0(120000.00, 120000.00) 375 697 196 203 0(56491.00, 56491.00)
route 39, node_num 8, cost 597.366000, nodes: 0(120000.00, 120000.00) 569 23 611 458 70 221 0(77331.00, 77331.00)
route 40, node_num 6, cost 1052.184000, nodes: 0(120000.00, 120000.00) 218 366 406 531 0(44844.00, 44844.00)
route 41, node_num 8, cost 1433.600000, nodes: 0(120000.00, 120000.00) 505 496 28 59 104 875(56450.00, 56450.00) 0(17600.00, 17600.00)
route 42, node_num 6, cost 712.278000, nodes: 0(120000.00, 120000.00) 301 136 266 694 0(69123.00, 69123.00)
route 43, node_num 7, cost 2074.898000, nodes: 0(120000.00, 120000.00) 229 431 769 209 805(25697.00, 53904.00) 0(0.00, 0.00)
route 44, node_num 7, cost 1550.136000, nodes: 0(120000.00, 120000.00) 972(109258.00, 109258.00) 577 69 101 75 0(9276.00, 9276.00)
route 45, node_num 5, cost 507.164000, nodes: 0(120000.00, 120000.00) 247 568 82 0(83774.00, 83774.00)
route 46, node_num 7, cost 445.592000, nodes: 0(120000.00, 120000.00) 249 261 290 124 800 0(88172.00, 88172.00)
route 47, node_num 5, cost 989.856000, nodes: 0(120000.00, 120000.00) 254 19 544 0(49296.00, 49296.00)
route 48, node_num 6, cost 967.092000, nodes: 0(120000.00, 120000.00) 36 699 602 624 0(50922.00, 50922.00)
route 49, node_num 8, cost 1519.840000, nodes: 0(120000.00, 120000.00) 277 315 873(96479.00, 96479.00) 485 54 106 0(11440.00, 11440.00)
route 50, node_num 7, cost 644.630000, nodes: 0(120000.00, 120000.00) 133 280 46 641 667 0(73955.00, 73955.00)
route 51, node_num 6, cost 1457.568000, nodes: 0(120000.00, 120000.00) 289 167 681 783 0(15888.00, 15888.00)
route 52, node_num 6, cost 1560.720000, nodes: 0(120000.00, 120000.00) 294 284 73 524 0(8520.00, 8520.00)
route 53, node_num 9, cost 1696.716000, nodes: 0(120000.00, 120000.00) 300 983(89596.00, 89596.00) 456 330 373 432 809(33683.00, 34877.00) 0(0.00, 0.00)
route 54, node_num 7, cost 956.396000, nodes: 0(120000.00, 120000.00) 228 317 313 501 503 0(51686.00, 51686.00)
route 55, node_num 5, cost 939.456000, nodes: 0(120000.00, 120000.00) 302 510 529 0(52896.00, 52896.00)
route 56, node_num 8, cost 1682.212000, nodes: 0(120000.00, 120000.00) 640 589 43 244 704 890(35943.00, 36101.00) 0(0.00, 0.00)
route 57, node_num 6, cost 284.634000, nodes: 0(120000.00, 120000.00) 311 738 684 398 0(99669.00, 99669.00)
route 58, node_num 7, cost 1021.006000, nodes: 0(120000.00, 120000.00) 585 560 755 380 666 0(47071.00, 47071.00)
route 59, node_num 7, cost 1612.940000, nodes: 0(120000.00, 120000.00) 804(114583.00, 120000.00) 718 794 309 686 0(10207.00, 10207.00)
route 60, node_num 6, cost 687.498000, nodes: 0(120000.00, 120000.00) 762 326 648 737 0(70893.00, 70893.00)
route 61, node_num 9, cost 1529.864000, nodes: 0(120000.00, 120000.00) 343 90 714 582 463 322 991(17765.00, 17765.00) 0(10724.00, 10724.00)
route 62, node_num 7, cost 445.718000, nodes: 0(120000.00, 120000.00) 338 674 639 566 14 0(88163.00, 88163.00)
route 63, node_num 8, cost 1429.820000, nodes: 0(120000.00, 120000.00) 833(110242.00, 110242.00) 339 251 20 121 411 0(17870.00, 17870.00)
route 64, node_num 7, cost 1422.596000, nodes: 0(120000.00, 120000.00) 772 756 274 665 200 0(18386.00, 18386.00)
route 65, node_num 8, cost 1699.656000, nodes: 0(120000.00, 120000.00) 872(109258.00, 110662.00) 574 439 511 555 635 0(0.00, 0.00)
route 66, node_num 7, cost 1285.270000, nodes: 0(120000.00, 120000.00) 749 112 337 331 52 0(28195.00, 28195.00)
route 67, node_num 8, cost 1562.358000, nodes: 0(120000.00, 120000.00) 430 107 264 383 159 919(33153.00, 33153.00) 0(8403.00, 8403.00)
route 68, node_num 7, cost 981.428000, nodes: 0(120000.00, 120000.00) 353 782 367 267 482 0(49898.00, 49898.00)
route 69, node_num 4, cost 1094.450000, nodes: 0(120000.00, 120000.00) 211 779 0(41825.00, 41825.00)
route 70, node_num 6, cost 1682.198000, nodes: 0(120000.00, 120000.00) 429 99 395 843(16360.00, 16517.00) 0(0.00, 0.00)
route 71, node_num 3, cost 178.920000, nodes: 0(120000.00, 120000.00) 347 0(107220.00, 107220.00)
route 72, node_num 7, cost 1219.064000, nodes: 0(120000.00, 120000.00) 785 95 227 63 500 0(32924.00, 32924.00)
route 73, node_num 6, cost 1125.180000, nodes: 0(120000.00, 120000.00) 213 22 730 253 0(39630.00, 39630.00)
route 74, node_num 6, cost 1167.656000, nodes: 0(120000.00, 120000.00) 394 385 299 210 0(36596.00, 36596.00)
route 75, node_num 6, cost 931.756000, nodes: 0(120000.00, 120000.00) 403 351 434 217 0(53446.00, 53446.00)
route 76, node_num 5, cost 933.436000, nodes: 0(120000.00, 120000.00) 390 416 169 0(53326.00, 53326.00)
route 77, node_num 7, cost 1831.578000, nodes: 0(120000.00, 120000.00) 419 386 863(61062.00, 77062.00) 215 753 0(5173.00, 5173.00)
route 78, node_num 7, cost 1577.716000, nodes: 0(120000.00, 120000.00) 420 622 388 62 278 0(7306.00, 7306.00)
route 79, node_num 8, cost 1701.322000, nodes: 0(120000.00, 120000.00) 547 157 461 329 788 803(41495.00, 43018.00) 0(0.00, 0.00)
route 80, node_num 7, cost 1593.200000, nodes: 0(120000.00, 120000.00) 825(97482.00, 120000.00) 409 727 632 269 0(28718.00, 28718.00)
route 81, node_num 6, cost 975.632000, nodes: 0(120000.00, 120000.00) 471 56 581 333 0(50312.00, 50312.00)
route 82, node_num 7, cost 1057.308000, nodes: 0(120000.00, 120000.00) 450 164 190 668 171 0(44478.00, 44478.00)
route 83, node_num 6, cost 617.736000, nodes: 0(120000.00, 120000.00) 798 341 147 7 0(75876.00, 75876.00)
route 84, node_num 7, cost 733.964000, nodes: 0(120000.00, 120000.00) 464 532 131 625 361 0(67574.00, 67574.00)
route 85, node_num 7, cost 1111.754000, nodes: 0(120000.00, 120000.00) 469 685 272 304 397 0(40589.00, 40589.00)
route 86, node_num 7, cost 1446.284000, nodes: 0(120000.00, 120000.00) 468 643 285 594 633 0(16694.00, 16694.00)
route 87, node_num 5, cost 947.002000, nodes: 0(120000.00, 120000.00) 465 188 364 0(52357.00, 52357.00)
route 88, node_num 8, cost 1534.960000, nodes: 0(120000.00, 120000.00) 912(114641.00, 120000.00) 480 230 412 478 219 0(15719.00, 15719.00)
route 89, node_num 7, cost 1211.616000, nodes: 0(120000.00, 120000.00) 487 634 53 187 405 0(33456.00, 33456.00)
route 90, node_num 9, cost 1721.608000, nodes: 0(120000.00, 120000.00) 493 874(83291.00, 83291.00) 527 764 703 562 819(21778.00, 24750.00) 0(0.00, 0.00)
route 91, node_num 7, cost 1732.864000, nodes: 0(120000.00, 120000.00) 494 143 528 723 981(54118.00, 57894.00) 0(0.00, 0.00)
route 92, node_num 6, cost 1406.104000, nodes: 0(120000.00, 120000.00) 497 425 97 575 0(19564.00, 19564.00)
route 93, node_num 6, cost 1421.630000, nodes: 0(120000.00, 120000.00) 415 678 637 74 0(18455.00, 18455.00)
route 94, node_num 6, cost 1074.990000, nodes: 0(120000.00, 120000.00) 81 126 567 630 0(43215.00, 43215.00)
route 95, node_num 8, cost 1768.886000, nodes: 0(120000.00, 120000.00) 506 452 26 29 80 862(38236.00, 44585.00) 0(0.00, 0.00)
route 96, node_num 5, cost 662.970000, nodes: 0(120000.00, 120000.00) 508 595 596 0(72645.00, 72645.00)
route 97, node_num 6, cost 1185.856000, nodes: 0(120000.00, 120000.00) 226 516 199 495 0(35296.00, 35296.00)
route 98, node_num 5, cost 818.356000, nodes: 0(120000.00, 120000.00) 39 728 271 0(61546.00, 61546.00)
route 99, node_num 8, cost 1481.172000, nodes: 0(120000.00, 120000.00) 564 436 245 492 428 852(52622.00, 52622.00) 0(14202.00, 14202.00)
route 100, node_num 7, cost 1201.354000, nodes: 0(120000.00, 120000.00) 683 396 68 489 636 0(34189.00, 34189.00)
route 101, node_num 3, cost 248.906000, nodes: 0(120000.00, 120000.00) 381 0(102221.00, 102221.00)
route 102, node_num 9, cost 1600.480000, nodes: 0(120000.00, 120000.00) 542 580 533 653 114 158 913(15416.00, 15416.00) 0(5680.00, 5680.00)
route 103, node_num 7, cost 1334.956000, nodes: 0(120000.00, 120000.00) 545 273 193 362 778 0(24646.00, 24646.00)
route 104, node_num 7, cost 1793.764000, nodes: 0(120000.00, 120000.00) 623 770 672 197 966(36829.00, 44955.00) 0(0.00, 0.00)
route 105, node_num 7, cost 812.294000, nodes: 0(120000.00, 120000.00) 423 650 18 240 789 0(61979.00, 61979.00)
route 106, node_num 7, cost 1596.084000, nodes: 0(120000.00, 120000.00) 932(86549.00, 86549.00) 513 781 620 250 0(5994.00, 5994.00)
route 107, node_num 5, cost 1039.640000, nodes: 0(120000.00, 120000.00) 237 659 345 0(45740.00, 45740.00)
route 108, node_num 7, cost 1153.376000, nodes: 0(120000.00, 120000.00) 549 319 232 183 486 0(37616.00, 37616.00)
route 109, node_num 5, cost 851.900000, nodes: 0(120000.00, 120000.00) 3 773 601 0(59150.00, 59150.00)
route 110, node_num 5, cost 1287.188000, nodes: 0(120000.00, 120000.00) 537 393 205 0(28058.00, 28058.00)
route 111, node_num 7, cost 1003.842000, nodes: 0(120000.00, 120000.00) 344 707 4 44 551 0(48297.00, 48297.00)
route 112, node_num 8, cost 753.228000, nodes: 0(120000.00, 120000.00) 654 314 441 115 572 42 0(66198.00, 66198.00)
route 113, node_num 6, cost 584.920000, nodes: 0(120000.00, 120000.00) 174 140 295 324 0(78220.00, 78220.00)
route 114, node_num 3, cost 42.812000, nodes: 0(120000.00, 120000.00) 286 0(116942.00, 116942.00)
route 115, node_num 6, cost 1019.774000, nodes: 0(120000.00, 120000.00) 621 262 298 573 0(47159.00, 47159.00)
route 116, node_num 6, cost 1069.264000, nodes: 0(120000.00, 120000.00) 535 578 609 27 0(43624.00, 43624.00)
route 117, node_num 7, cost 1446.984000, nodes: 0(120000.00, 120000.00) 618 627 66 647 358 0(16644.00, 16644.00)
route 118, node_num 3, cost 37.352000, nodes: 0(120000.00, 120000.00) 327 0(117332.00, 117332.00)
route 119, node_num 7, cost 1034.166000, nodes: 0(120000.00, 120000.00) 766 25 263 771 787 0(46131.00, 46131.00)
route 120, node_num 4, cost 507.010000, nodes: 0(120000.00, 120000.00) 359 268 0(83785.00, 83785.00)
route 121, node_num 3, cost 97.888000, nodes: 0(120000.00, 120000.00) 628 0(113008.00, 113008.00)
route 122, node_num 6, cost 1130.500000, nodes: 0(120000.00, 120000.00) 626 739 399 750 0(39250.00, 39250.00)
route 123, node_num 7, cost 1188.404000, nodes: 0(120000.00, 120000.00) 651 57 201 382 77 0(35114.00, 35114.00)
route 124, node_num 8, cost 1508.150000, nodes: 0(120000.00, 120000.00) 189 652 49 746 283 996(42351.00, 42351.00) 0(12275.00, 12275.00)
route 125, node_num 3, cost 56.952000, nodes: 0(120000.00, 120000.00) 509 0(115932.00, 115932.00)
route 126, node_num 6, cost 1483.902000, nodes: 0(120000.00, 120000.00) 655 260 646 748 0(14007.00, 14007.00)
route 127, node_num 6, cost 668.136000, nodes: 0(120000.00, 120000.00) 579 656 724 354 0(72276.00, 72276.00)
route 128, node_num 7, cost 964.726000, nodes: 0(120000.00, 120000.00) 195 257 631 616 715 0(51091.00, 51091.00)
route 129, node_num 7, cost 1254.358000, nodes: 0(120000.00, 120000.00) 660 556 417 677 9 0(30403.00, 30403.00)
route 130, node_num 8, cost 1385.664000, nodes: 0(120000.00, 120000.00) 662 629 246 76 717 265 0(21024.00, 21024.00)
route 131, node_num 5, cost 808.976000, nodes: 0(120000.00, 120000.00) 38 328 234 0(62216.00, 62216.00)
route 132, node_num 5, cost 302.204000, nodes: 0(120000.00, 120000.00) 675 670 767 0(98414.00, 98414.00)
route 133, node_num 6, cost 1379.728000, nodes: 0(120000.00, 120000.00) 676 401 60 363 0(21448.00, 21448.00)
route 134, node_num 8, cost 1565.984000, nodes: 0(120000.00, 120000.00) 498 735 742 194 799 892(54443.00, 54443.00) 0(8144.00, 8144.00)
route 135, node_num 7, cost 1092.098000, nodes: 0(120000.00, 120000.00) 565 31 447 10 184 0(41993.00, 41993.00)
route 136, node_num 6, cost 1540.560000, nodes: 0(120000.00, 120000.00) 687 91 208 815(52048.00, 52048.00) 0(9960.00, 9960.00)
route 137, node_num 5, cost 938.336000, nodes: 0(120000.00, 120000.00) 695 282 481 0(52976.00, 52976.00)
route 138, node_num 6, cost 1032.122000, nodes: 0(120000.00, 120000.00) 696 504 688 379 0(46277.00, 46277.00)
route 139, node_num 8, cost 1564.542000, nodes: 0(120000.00, 120000.00) 154 720 437 791 407 813(17983.00, 17983.00) 0(8247.00, 8247.00)
route 140, node_num 5, cost 993.356000, nodes: 0(120000.00, 120000.00) 702 392 443 0(49046.00, 49046.00)
route 141, node_num 5, cost 1386.868000, nodes: 0(120000.00, 120000.00) 705 442 96 0(20938.00, 20938.00)
route 142, node_num 7, cost 958.580000, nodes: 0(120000.00, 120000.00) 706 139 6 410 387 0(51530.00, 51530.00)
route 143, node_num 7, cost 1608.054000, nodes: 0(120000.00, 120000.00) 995(92069.00, 92069.00) 708 424 78 584 0(5139.00, 5139.00)
route 144, node_num 7, cost 1557.850000, nodes: 0(120000.00, 120000.00) 716 376 479 55 964(28908.00, 28908.00) 0(8725.00, 8725.00)
route 145, node_num 7, cost 1604.316000, nodes: 0(120000.00, 120000.00) 835(84119.00, 88119.00) 709 440 606 507 0(9406.00, 9406.00)
route 146, node_num 7, cost 1628.662000, nodes: 0(120000.00, 120000.00) 883(90546.00, 90546.00) 725 408 476 690 0(3667.00, 3667.00)
route 147, node_num 3, cost 130.032000, nodes: 0(120000.00, 120000.00) 467 0(110712.00, 110712.00)
route 148, node_num 7, cost 1563.688000, nodes: 0(120000.00, 120000.00) 731 763 305 722 955(25063.00, 25063.00) 0(8308.00, 8308.00)
route 149, node_num 8, cost 1613.416000, nodes: 0(120000.00, 120000.00) 348 790 546 134 13 978(49022.00, 49022.00) 0(4756.00, 4756.00)
route 150, node_num 6, cost 1093.568000, nodes: 0(120000.00, 120000.00) 389 127 87 47 0(41888.00, 41888.00)
route 151, node_num 4, cost 652.512000, nodes: 0(120000.00, 120000.00) 98 374 0(73392.00, 73392.00)
route 152, node_num 7, cost 1559.880000, nodes: 0(120000.00, 120000.00) 142 899(89984.00, 105984.00) 760 780 592 0(24580.00, 24580.00)
route 153, node_num 7, cost 770.938000, nodes: 0(120000.00, 120000.00) 761 726 175 117 360 0(64933.00, 64933.00)
route 154, node_num 6, cost 423.346000, nodes: 0(120000.00, 120000.00) 212 357 751 310 0(89761.00, 89761.00)
route 155, node_num 5, cost 785.232000, nodes: 0(120000.00, 120000.00) 759 558 135 0(63912.00, 63912.00)
route 156, node_num 8, cost 1686.888000, nodes: 0(120000.00, 120000.00) 975(81210.00, 109210.00) 449 325 792 612 182 0(27508.00, 27508.00)
route 157, node_num 7, cost 944.118000, nodes: 0(120000.00, 120000.00) 548 371 50 691 473 0(52563.00, 52563.00)
route 158, node_num 8, cost 1618.260000, nodes: 0(120000.00, 120000.00) 831(83199.00, 83199.00) 775 145 519 402 248 0(4410.00, 4410.00)
route 159, node_num 6, cost 622.650000, nodes: 0(120000.00, 120000.00) 484 657 459 757 0(75525.00, 75525.00)
route 160, node_num 6, cost 1498.280000, nodes: 0(120000.00, 120000.00) 795 318 34 165 0(12980.00, 12980.00)
route 161, node_num 7, cost 1401.890000, nodes: 0(120000.00, 120000.00) 891(110214.00, 120000.00) 796 554 721 173 0(29651.00, 29651.00)
route 162, node_num 4, cost 806.946000, nodes: 0(120000.00, 120000.00) 797 88 0(62361.00, 62361.00)
route 163, node_num 7, cost 1244.432000, nodes: 0(120000.00, 120000.00) 109 335 446 523 40 0(31112.00, 31112.00)
route 164, node_num 7, cost 1567.230000, nodes: 0(120000.00, 120000.00) 490 105 736 710 980(41300.00, 41300.00) 0(8055.00, 8055.00)
route 165, node_num 7, cost 1554.798000, nodes: 0(120000.00, 120000.00) 180 242 754 649 864(29126.00, 29126.00) 0(8943.00, 8943.00)
route 166, node_num 7, cost 1552.978000, nodes: 0(120000.00, 120000.00) 935(84119.00, 100119.00) 433 553 608 571 0(25073.00, 25073.00)
route 167, node_num 8, cost 1730.218000, nodes: 0(120000.00, 120000.00) 826(87936.00, 103936.00) 599 365 238 144 693 0(12413.00, 12413.00)
route 168, node_num 4, cost 198.338000, nodes: 0(120000.00, 120000.00) 689 455 0(105833.00, 105833.00)
route 169, node_num 7, cost 1558.438000, nodes: 0(120000.00, 120000.00) 830(107271.00, 107271.00) 614 350 552 346 0(8683.00, 8683.00)
route 170, node_num 8, cost 1607.466000, nodes: 0(120000.00, 120000.00) 832(86549.00, 110549.00) 224 470 768 141 477 0(29181.00, 29181.00)
route 171, node_num 8, cost 1722.504000, nodes: 0(120000.00, 120000.00) 502 176 355 619 279 943(13481.00, 16517.00) 0(0.00, 0.00)
route 172, node_num 3, cost 41.090000, nodes: 0(120000.00, 120000.00) 741 0(117065.00, 117065.00)
route 173, node_num 7, cost 1722.364000, nodes: 0(120000.00, 120000.00) 933(110242.00, 118242.00) 368 223 466 642 0(4974.00, 4974.00)
route 174, node_num 3, cost 56.476000, nodes: 0(120000.00, 120000.00) 138 0(115966.00, 115966.00)
route 175, node_num 6, cost 1367.744000, nodes: 0(120000.00, 120000.00) 421 235 454 122 0(22304.00, 22304.00)
route 176, node_num 8, cost 1588.230000, nodes: 0(120000.00, 120000.00) 828(112837.00, 112837.00) 137 583 745 370 86 0(6555.00, 6555.00)
route 177, node_num 8, cost 1186.808000, nodes: 0(120000.00, 120000.00) 886(112711.00, 120000.00) 559 321 256 422 207 0(42517.00, 42517.00)
route 178, node_num 7, cost 1132.866000, nodes: 0(120000.00, 120000.00) 658 340 37 270 297 0(39081.00, 39081.00)
route 179, node_num 8, cost 1766.002000, nodes: 0(120000.00, 120000.00) 829(89163.00, 120000.00) 591 692 590 45 776 0(24694.00, 24694.00)
route 180, node_num 9, cost 1649.074000, nodes: 0(120000.00, 120000.00) 904(114583.00, 114583.00) 719 17 586 400 48 907(50617.00, 50617.00) 0(2209.00, 2209.00)
route 181, node_num 7, cost 1140.426000, nodes: 0(120000.00, 120000.00) 307 605 152 220 597 0(38541.00, 38541.00)
route 182, node_num 8, cost 1471.008000, nodes: 0(120000.00, 120000.00) 925(97482.00, 97482.00) 444 334 600 67 576 0(14928.00, 14928.00)
route 183, node_num 7, cost 1380.722000, nodes: 0(120000.00, 120000.00) 928(112837.00, 120000.00) 64 204 669 645 0(28540.00, 28540.00)
route 184, node_num 8, cost 1760.346000, nodes: 0(120000.00, 120000.00) 930(107271.00, 120000.00) 550 292 613 534 161 0(6990.00, 6990.00)
route 185, node_num 8, cost 1899.744000, nodes: 0(120000.00, 120000.00) 931(83199.00, 98895.00) 460 607 671 5 236 0(0.00, 0.00)
route 186, node_num 7, cost 1362.802000, nodes: 0(120000.00, 120000.00) 561 557 166 472 241 0(22657.00, 22657.00)
route 187, node_num 4, cost 491.036000, nodes: 0(120000.00, 120000.00) 570 747 0(84926.00, 84926.00)
route 188, node_num 5, cost 336.644000, nodes: 0(120000.00, 120000.00) 306 521 451 0(95954.00, 95954.00)
route 189, node_num 7, cost 1800.890000, nodes: 0(120000.00, 120000.00) 945(94527.00, 103162.00) 598 765 198 214 0(0.00, 0.00)
route 190, node_num 6, cost 1430.254000, nodes: 0(120000.00, 120000.00) 453 514 15 774 0(17839.00, 17839.00)
route 191, node_num 8, cost 1698.592000, nodes: 0(120000.00, 120000.00) 79 149 32 525 252 943(15189.00, 16517.00) 0(0.00, 0.00)
route 192, node_num 4, cost 395.472000, nodes: 0(120000.00, 120000.00) 733 336 0(91752.00, 91752.00)
route 193, node_num 7, cost 1900.864000, nodes: 0(120000.00, 120000.00) 973(97835.00, 97835.00) 820(92055.00, 107831.00) 536 162 713 0(0.00, 0.00)
route 194, node_num 8, cost 1993.124000, nodes: 0(120000.00, 120000.00) 974(83303.00, 105669.00) 125 378 543 316 33 0(0.00, 0.00)
vehicle (route) number: 195
Total cost: 290339.44
290339.44, 12614.85
