Details of the solution:
route 0, node_num 4, cost 988.820000, nodes: 0(120000.00, 120000.00) 759 770 0(49370.00, 49370.00)
route 1, node_num 6, cost 1611.736000, nodes: 0(120000.00, 120000.00) 6 389 202 452 0(4876.00, 4876.00)
route 2, node_num 8, cost 1822.954000, nodes: 0(120000.00, 120000.00) 84 474 125 709 378 892(11980.00, 22191.00) 0(0.00, 0.00)
route 3, node_num 6, cost 1123.710000, nodes: 0(120000.00, 120000.00) 8 790 22 253 0(39735.00, 39735.00)
route 4, node_num 7, cost 1701.364000, nodes: 0(120000.00, 120000.00) 779 1 13 439 813(48590.00, 50116.00) 0(0.00, 0.00)
route 5, node_num 7, cost 1311.212000, nodes: 0(120000.00, 120000.00) 21 19 287 396 152 0(26342.00, 26342.00)
route 6, node_num 6, cost 562.800000, nodes: 0(120000.00, 120000.00) 384 602 300 733 0(79800.00, 79800.00)
route 7, node_num 7, cost 1091.118000, nodes: 0(120000.00, 120000.00) 774 792 406 457 643 0(42063.00, 42063.00)
route 8, node_num 6, cost 1530.340000, nodes: 0(120000.00, 120000.00) 482 533 508 42 0(10690.00, 10690.00)
route 9, node_num 6, cost 966.154000, nodes: 0(120000.00, 120000.00) 38 394 642 581 0(50989.00, 50989.00)
route 10, node_num 5, cost 1416.016000, nodes: 0(120000.00, 120000.00) 289 620 358 0(18856.00, 18856.00)
route 11, node_num 6, cost 1278.844000, nodes: 0(120000.00, 120000.00) 471 252 729 607 0(28654.00, 28654.00)
route 12, node_num 6, cost 1493.520000, nodes: 0(120000.00, 120000.00) 44 69 686 248 0(13320.00, 13320.00)
route 13, node_num 6, cost 1312.542000, nodes: 0(120000.00, 120000.00) 52 432 279 165 0(26247.00, 26247.00)
route 14, node_num 7, cost 978.558000, nodes: 0(120000.00, 120000.00) 55 190 161 237 320 0(50103.00, 50103.00)
route 15, node_num 8, cost 1679.118000, nodes: 0(120000.00, 120000.00) 136 56 516 794 325 813(50179.00, 50179.00) 0(63.00, 63.00)
route 16, node_num 6, cost 600.684000, nodes: 0(120000.00, 120000.00) 357 23 270 61 0(77094.00, 77094.00)
route 17, node_num 7, cost 1212.750000, nodes: 0(120000.00, 120000.00) 166 103 423 493 783 0(33375.00, 33375.00)
route 18, node_num 5, cost 1660.288000, nodes: 0(120000.00, 120000.00) 41 292 157 0(1408.00, 1408.00)
route 19, node_num 6, cost 1579.172000, nodes: 0(120000.00, 120000.00) 571 427 172 269 0(7202.00, 7202.00)
route 20, node_num 5, cost 1201.382000, nodes: 0(120000.00, 120000.00) 86 627 188 0(34187.00, 34187.00)
route 21, node_num 6, cost 1603.000000, nodes: 0(120000.00, 120000.00) 89 91 476 751 0(5500.00, 5500.00)
route 22, node_num 6, cost 1337.028000, nodes: 0(120000.00, 120000.00) 231 567 586 170 0(24498.00, 24498.00)
route 23, node_num 3, cost 246.806000, nodes: 0(120000.00, 120000.00) 568 0(102371.00, 102371.00)
route 24, node_num 7, cost 663.978000, nodes: 0(120000.00, 120000.00) 778 46 297 212 458 0(72573.00, 72573.00)
route 25, node_num 6, cost 1685.754000, nodes: 0(120000.00, 120000.00) 999(70721.00, 71132.00) 512 33 75 0(0.00, 0.00)
route 26, node_num 6, cost 1339.128000, nodes: 0(120000.00, 120000.00) 126 635 264 76 0(24348.00, 24348.00)
route 27, node_num 6, cost 517.454000, nodes: 0(120000.00, 120000.00) 716 221 342 354 0(83039.00, 83039.00)
route 28, node_num 6, cost 234.248000, nodes: 0(120000.00, 120000.00) 338 216 189 12 0(103268.00, 103268.00)
route 29, node_num 4, cost 733.572000, nodes: 0(120000.00, 120000.00) 64 130 0(67602.00, 67602.00)
route 30, node_num 5, cost 1559.964000, nodes: 0(120000.00, 120000.00) 141 753 687 0(8574.00, 8574.00)
route 31, node_num 7, cost 1541.722000, nodes: 0(120000.00, 120000.00) 681 120 747 48 845(32680.00, 32680.00) 0(9877.00, 9877.00)
route 32, node_num 6, cost 1628.032000, nodes: 0(120000.00, 120000.00) 694 610 79 647 0(3712.00, 3712.00)
route 33, node_num 5, cost 1195.012000, nodes: 0(120000.00, 120000.00) 150 101 547 0(34642.00, 34642.00)
route 34, node_num 5, cost 775.600000, nodes: 0(120000.00, 120000.00) 154 142 312 0(64600.00, 64600.00)
route 35, node_num 6, cost 1523.592000, nodes: 0(120000.00, 120000.00) 158 629 242 77 0(11172.00, 11172.00)
route 36, node_num 6, cost 1268.652000, nodes: 0(120000.00, 120000.00) 646 331 337 127 0(29382.00, 29382.00)
route 37, node_num 4, cost 379.218000, nodes: 0(120000.00, 120000.00) 268 360 0(92913.00, 92913.00)
route 38, node_num 5, cost 700.840000, nodes: 0(120000.00, 120000.00) 557 63 561 0(69940.00, 69940.00)
route 39, node_num 5, cost 476.294000, nodes: 0(120000.00, 120000.00) 111 654 559 0(85979.00, 85979.00)
route 40, node_num 5, cost 1188.222000, nodes: 0(120000.00, 120000.00) 515 737 413 0(35127.00, 35127.00)
route 41, node_num 6, cost 1206.660000, nodes: 0(120000.00, 120000.00) 195 239 699 379 0(33810.00, 33810.00)
route 42, node_num 6, cost 1053.892000, nodes: 0(120000.00, 120000.00) 626 727 332 105 0(44722.00, 44722.00)
route 43, node_num 3, cost 78.246000, nodes: 0(120000.00, 120000.00) 347 0(114411.00, 114411.00)
route 44, node_num 6, cost 1512.126000, nodes: 0(120000.00, 120000.00) 199 383 665 256 0(11991.00, 11991.00)
route 45, node_num 7, cost 1534.134000, nodes: 0(120000.00, 120000.00) 204 323 283 479 898(28262.00, 28262.00) 0(10419.00, 10419.00)
route 46, node_num 6, cost 1253.714000, nodes: 0(120000.00, 120000.00) 422 600 58 191 0(30449.00, 30449.00)
route 47, node_num 6, cost 971.978000, nodes: 0(120000.00, 120000.00) 213 591 225 98 0(50573.00, 50573.00)
route 48, node_num 7, cost 1115.982000, nodes: 0(120000.00, 120000.00) 789 31 94 62 399 0(40287.00, 40287.00)
route 49, node_num 7, cost 1459.780000, nodes: 0(120000.00, 120000.00) 228 430 349 226 661 0(15730.00, 15730.00)
route 50, node_num 3, cost 185.206000, nodes: 0(120000.00, 120000.00) 498 0(106771.00, 106771.00)
route 51, node_num 3, cost 114.310000, nodes: 0(120000.00, 120000.00) 450 0(111835.00, 111835.00)
route 52, node_num 6, cost 1470.084000, nodes: 0(120000.00, 120000.00) 235 518 645 275 0(14994.00, 14994.00)
route 53, node_num 6, cost 1427.790000, nodes: 0(120000.00, 120000.00) 321 799 262 416 0(18015.00, 18015.00)
route 54, node_num 7, cost 1668.128000, nodes: 0(120000.00, 120000.00) 247 116 913(69822.00, 69822.00) 800 276 0(848.00, 848.00)
route 55, node_num 7, cost 1680.882000, nodes: 0(120000.00, 120000.00) 232 682 542 698 887(50640.00, 50703.00) 0(0.00, 0.00)
route 56, node_num 7, cost 844.648000, nodes: 0(120000.00, 120000.00) 255 3 660 597 164 0(59668.00, 59668.00)
route 57, node_num 7, cost 1535.688000, nodes: 0(120000.00, 120000.00) 958(106519.00, 106519.00) 576 339 676 638 0(10308.00, 10308.00)
route 58, node_num 6, cost 223.286000, nodes: 0(120000.00, 120000.00) 261 290 249 124 0(104051.00, 104051.00)
route 59, node_num 8, cost 1779.204000, nodes: 0(120000.00, 120000.00) 692 536 601 613 656 811(40458.00, 47544.00) 0(0.00, 0.00)
route 60, node_num 6, cost 1038.562000, nodes: 0(120000.00, 120000.00) 267 495 451 306 0(45817.00, 45817.00)
route 61, node_num 3, cost 94.528000, nodes: 0(120000.00, 120000.00) 603 0(113248.00, 113248.00)
route 62, node_num 6, cost 1414.196000, nodes: 0(120000.00, 120000.00) 284 461 74 464 0(18986.00, 18986.00)
route 63, node_num 9, cost 1671.138000, nodes: 0(120000.00, 120000.00) 288 335 850(73953.00, 73953.00) 407 428 66 964(19967.00, 19967.00) 0(633.00, 633.00)
route 64, node_num 6, cost 1275.078000, nodes: 0(120000.00, 120000.00) 40 726 785 608 0(28923.00, 28923.00)
route 65, node_num 7, cost 1050.560000, nodes: 0(120000.00, 120000.00) 672 617 678 144 366 0(44960.00, 44960.00)
route 66, node_num 6, cost 679.672000, nodes: 0(120000.00, 120000.00) 296 93 311 462 0(71452.00, 71452.00)
route 67, node_num 5, cost 814.898000, nodes: 0(120000.00, 120000.00) 178 465 169 0(61793.00, 61793.00)
route 68, node_num 5, cost 1558.004000, nodes: 0(120000.00, 120000.00) 303 719 771 0(8714.00, 8714.00)
route 69, node_num 6, cost 1202.320000, nodes: 0(120000.00, 120000.00) 621 606 725 714 0(34120.00, 34120.00)
route 70, node_num 6, cost 1048.348000, nodes: 0(120000.00, 120000.00) 769 246 505 707 0(45118.00, 45118.00)
route 71, node_num 7, cost 740.376000, nodes: 0(120000.00, 120000.00) 326 796 70 634 381 0(67116.00, 67116.00)
route 72, node_num 6, cost 1066.408000, nodes: 0(120000.00, 120000.00) 740 738 113 749 0(43828.00, 43828.00)
route 73, node_num 6, cost 504.000000, nodes: 0(120000.00, 120000.00) 475 502 82 140 0(84000.00, 84000.00)
route 74, node_num 3, cost 183.988000, nodes: 0(120000.00, 120000.00) 583 0(106858.00, 106858.00)
route 75, node_num 5, cost 987.910000, nodes: 0(120000.00, 120000.00) 171 344 304 0(49435.00, 49435.00)
route 76, node_num 7, cost 2099.006000, nodes: 0(120000.00, 120000.00) 478 418 209 83 915(1612.00, 31541.00) 0(0.00, 0.00)
route 77, node_num 5, cost 1034.936000, nodes: 0(120000.00, 120000.00) 351 17 490 0(46076.00, 46076.00)
route 78, node_num 7, cost 1250.522000, nodes: 0(120000.00, 120000.00) 659 168 630 251 95 0(30677.00, 30677.00)
route 79, node_num 7, cost 1750.420000, nodes: 0(120000.00, 120000.00) 845(99812.00, 104842.00) 368 223 743 526 0(0.00, 0.00)
route 80, node_num 8, cost 1584.128000, nodes: 0(120000.00, 120000.00) 454 484 436 750 51 957(9205.00, 9205.00) 0(6848.00, 6848.00)
route 81, node_num 6, cost 1381.058000, nodes: 0(120000.00, 120000.00) 362 623 260 503 0(21353.00, 21353.00)
route 82, node_num 3, cost 78.400000, nodes: 0(120000.00, 120000.00) 455 0(114400.00, 114400.00)
route 83, node_num 5, cost 1088.626000, nodes: 0(120000.00, 120000.00) 382 4 573 0(42241.00, 42241.00)
route 84, node_num 7, cost 1693.524000, nodes: 0(120000.00, 120000.00) 917(97837.00, 98803.00) 386 363 28 697 0(0.00, 0.00)
route 85, node_num 7, cost 1138.662000, nodes: 0(120000.00, 120000.00) 387 522 579 552 721 0(38667.00, 38667.00)
route 86, node_num 5, cost 993.510000, nodes: 0(120000.00, 120000.00) 708 754 345 0(49035.00, 49035.00)
route 87, node_num 6, cost 1564.906000, nodes: 0(120000.00, 120000.00) 393 761 179 34 0(8221.00, 8221.00)
route 88, node_num 6, cost 1719.102000, nodes: 0(120000.00, 120000.00) 877(102343.00, 120000.00) 395 43 114 0(14864.00, 14864.00)
route 89, node_num 6, cost 362.502000, nodes: 0(120000.00, 120000.00) 671 784 14 467 0(94107.00, 94107.00)
route 90, node_num 6, cost 1346.352000, nodes: 0(120000.00, 120000.00) 147 400 258 243 0(23832.00, 23832.00)
route 91, node_num 6, cost 695.898000, nodes: 0(120000.00, 120000.00) 403 675 514 206 0(70293.00, 70293.00)
route 92, node_num 3, cost 195.930000, nodes: 0(120000.00, 120000.00) 109 0(106005.00, 106005.00)
route 93, node_num 7, cost 818.874000, nodes: 0(120000.00, 120000.00) 217 196 375 88 758 0(61509.00, 61509.00)
route 94, node_num 6, cost 1322.006000, nodes: 0(120000.00, 120000.00) 193 148 764 448 0(25571.00, 25571.00)
route 95, node_num 6, cost 1540.686000, nodes: 0(120000.00, 120000.00) 409 534 560 752 0(9951.00, 9951.00)
route 96, node_num 7, cost 1064.938000, nodes: 0(120000.00, 120000.00) 558 210 299 410 414 0(43933.00, 43933.00)
route 97, node_num 6, cost 1478.568000, nodes: 0(120000.00, 120000.00) 424 309 177 274 0(14388.00, 14388.00)
route 98, node_num 5, cost 1299.606000, nodes: 0(120000.00, 120000.00) 442 648 214 0(27171.00, 27171.00)
route 99, node_num 7, cost 1638.616000, nodes: 0(120000.00, 120000.00) 662 200 742 730 947(52154.00, 52154.00) 0(2956.00, 2956.00)
route 100, node_num 5, cost 1512.378000, nodes: 0(120000.00, 120000.00) 449 746 106 0(11973.00, 11973.00)
route 101, node_num 5, cost 1008.714000, nodes: 0(120000.00, 120000.00) 367 580 371 0(47949.00, 47949.00)
route 102, node_num 5, cost 880.292000, nodes: 0(120000.00, 120000.00) 776 2 374 0(57122.00, 57122.00)
route 103, node_num 7, cost 1914.570000, nodes: 0(120000.00, 120000.00) 470 163 433 244 867(4658.00, 21413.00) 0(0.00, 0.00)
route 104, node_num 6, cost 1604.736000, nodes: 0(120000.00, 120000.00) 80 285 710 197 0(5376.00, 5376.00)
route 105, node_num 7, cost 874.692000, nodes: 0(120000.00, 120000.00) 472 736 240 36 138 0(57522.00, 57522.00)
route 106, node_num 5, cost 588.042000, nodes: 0(120000.00, 120000.00) 545 745 499 0(77997.00, 77997.00)
route 107, node_num 5, cost 1640.688000, nodes: 0(120000.00, 120000.00) 131 644 504 0(2808.00, 2808.00)
route 108, node_num 5, cost 726.264000, nodes: 0(120000.00, 120000.00) 65 353 705 0(68124.00, 68124.00)
route 109, node_num 7, cost 1459.080000, nodes: 0(120000.00, 120000.00) 480 768 717 712 773 0(15780.00, 15780.00)
route 110, node_num 8, cost 1619.254000, nodes: 0(120000.00, 120000.00) 756 67 683 748 668 994(38316.00, 38316.00) 0(4339.00, 4339.00)
route 111, node_num 6, cost 1050.924000, nodes: 0(120000.00, 120000.00) 497 388 184 487 0(44934.00, 44934.00)
route 112, node_num 5, cost 1513.078000, nodes: 0(120000.00, 120000.00) 510 625 527 0(11923.00, 11923.00)
route 113, node_num 5, cost 1499.764000, nodes: 0(120000.00, 120000.00) 511 408 97 0(12874.00, 12874.00)
route 114, node_num 4, cost 1393.588000, nodes: 0(120000.00, 120000.00) 513 519 0(20458.00, 20458.00)
route 115, node_num 8, cost 1669.710000, nodes: 0(120000.00, 120000.00) 532 183 420 155 589 881(37984.00, 37984.00) 0(735.00, 735.00)
route 116, node_num 5, cost 1397.578000, nodes: 0(120000.00, 120000.00) 524 318 185 0(20173.00, 20173.00)
route 117, node_num 7, cost 1344.588000, nodes: 0(120000.00, 120000.00) 539 481 334 444 219 0(23958.00, 23958.00)
route 118, node_num 7, cost 1038.310000, nodes: 0(120000.00, 120000.00) 541 218 108 18 763 0(45835.00, 45835.00)
route 119, node_num 7, cost 970.550000, nodes: 0(120000.00, 120000.00) 543 139 618 110 187 0(50675.00, 50675.00)
route 120, node_num 7, cost 914.368000, nodes: 0(120000.00, 120000.00) 544 459 434 590 227 0(54688.00, 54688.00)
route 121, node_num 6, cost 1583.946000, nodes: 0(120000.00, 120000.00) 619 530 265 401 0(6861.00, 6861.00)
route 122, node_num 5, cost 1575.938000, nodes: 0(120000.00, 120000.00) 546 96 488 0(7433.00, 7433.00)
route 123, node_num 7, cost 997.556000, nodes: 0(120000.00, 120000.00) 551 563 628 734 317 0(48746.00, 48746.00)
route 124, node_num 6, cost 1253.084000, nodes: 0(120000.00, 120000.00) 553 421 489 346 0(30494.00, 30494.00)
route 125, node_num 3, cost 122.122000, nodes: 0(120000.00, 120000.00) 501 0(111277.00, 111277.00)
route 126, node_num 5, cost 656.096000, nodes: 0(120000.00, 120000.00) 612 156 670 0(73136.00, 73136.00)
route 127, node_num 7, cost 1713.642000, nodes: 0(120000.00, 120000.00) 564 701 491 695 995(11827.00, 14230.00) 0(0.00, 0.00)
route 128, node_num 6, cost 909.552000, nodes: 0(120000.00, 120000.00) 257 685 724 798 0(55032.00, 55032.00)
route 129, node_num 5, cost 1642.060000, nodes: 0(120000.00, 120000.00) 259 780 548 0(2710.00, 2710.00)
route 130, node_num 7, cost 1167.754000, nodes: 0(120000.00, 120000.00) 24 569 90 376 631 0(36589.00, 36589.00)
route 131, node_num 6, cost 816.802000, nodes: 0(120000.00, 120000.00) 174 173 37 53 0(61657.00, 61657.00)
route 132, node_num 6, cost 409.822000, nodes: 0(120000.00, 120000.00) 566 295 314 324 0(90727.00, 90727.00)
route 133, node_num 8, cost 1514.170000, nodes: 0(120000.00, 120000.00) 123 585 637 104 54 425 0(11845.00, 11845.00)
route 134, node_num 5, cost 1049.244000, nodes: 0(120000.00, 120000.00) 689 711 397 0(45054.00, 45054.00)
route 135, node_num 6, cost 1262.534000, nodes: 0(120000.00, 120000.00) 592 352 777 307 0(29819.00, 29819.00)
route 136, node_num 6, cost 1642.508000, nodes: 0(120000.00, 120000.00) 593 706 412 550 0(2678.00, 2678.00)
route 137, node_num 6, cost 1397.368000, nodes: 0(120000.00, 120000.00) 596 302 49 370 0(20188.00, 20188.00)
route 138, node_num 7, cost 1398.306000, nodes: 0(120000.00, 120000.00) 651 220 554 722 632 0(20121.00, 20121.00)
route 139, node_num 7, cost 326.410000, nodes: 0(120000.00, 120000.00) 57 398 201 327 286 0(96685.00, 96685.00)
route 140, node_num 5, cost 850.248000, nodes: 0(120000.00, 120000.00) 614 535 313 0(59268.00, 59268.00)
route 141, node_num 7, cost 1604.190000, nodes: 0(120000.00, 120000.00) 615 322 523 73 828(38419.00, 38419.00) 0(5415.00, 5415.00)
route 142, node_num 5, cost 1563.618000, nodes: 0(120000.00, 120000.00) 294 700 572 0(8313.00, 8313.00)
route 143, node_num 7, cost 1639.862000, nodes: 0(120000.00, 120000.00) 945(99812.00, 120000.00) 555 330 118 30 0(23055.00, 23055.00)
route 144, node_num 8, cost 1647.254000, nodes: 0(120000.00, 120000.00) 604 446 11 180 787 864(21673.00, 21673.00) 0(2339.00, 2339.00)
route 145, node_num 5, cost 508.396000, nodes: 0(120000.00, 120000.00) 582 341 117 0(83686.00, 83686.00)
route 146, node_num 5, cost 1020.908000, nodes: 0(120000.00, 120000.00) 415 657 301 0(47078.00, 47078.00)
route 147, node_num 6, cost 1560.370000, nodes: 0(120000.00, 120000.00) 633 273 611 159 0(8545.00, 8545.00)
route 148, node_num 6, cost 638.428000, nodes: 0(120000.00, 120000.00) 640 453 359 578 0(74398.00, 74398.00)
route 149, node_num 6, cost 1412.278000, nodes: 0(120000.00, 120000.00) 788 704 151 599 0(19123.00, 19123.00)
route 150, node_num 8, cost 1171.072000, nodes: 0(120000.00, 120000.00) 133 653 121 781 115 577 0(36352.00, 36352.00)
route 151, node_num 6, cost 1370.208000, nodes: 0(120000.00, 120000.00) 175 112 308 521 0(22128.00, 22128.00)
route 152, node_num 5, cost 967.372000, nodes: 0(120000.00, 120000.00) 588 272 234 0(50902.00, 50902.00)
route 153, node_num 8, cost 1673.434000, nodes: 0(120000.00, 120000.00) 664 39 507 208 622 984(40579.00, 40579.00) 0(469.00, 469.00)
route 154, node_num 7, cost 1446.676000, nodes: 0(120000.00, 120000.00) 824(78004.00, 102004.00) 669 435 575 59 0(40666.00, 40666.00)
route 155, node_num 8, cost 1725.990000, nodes: 0(120000.00, 120000.00) 755 26 684 616 624 967(18128.00, 21413.00) 0(0.00, 0.00)
route 156, node_num 8, cost 1062.544000, nodes: 0(120000.00, 120000.00) 673 282 775 605 404 361 0(44104.00, 44104.00)
route 157, node_num 6, cost 1371.076000, nodes: 0(120000.00, 120000.00) 298 666 60 639 0(22066.00, 22066.00)
route 158, node_num 6, cost 1490.930000, nodes: 0(120000.00, 120000.00) 587 238 365 456 0(13505.00, 13505.00)
route 159, node_num 5, cost 1617.238000, nodes: 0(120000.00, 120000.00) 691 696 271 0(4483.00, 4483.00)
route 160, node_num 7, cost 921.200000, nodes: 0(120000.00, 120000.00) 266 419 9 417 663 0(54200.00, 54200.00)
route 161, node_num 7, cost 1225.840000, nodes: 0(120000.00, 120000.00) 146 372 528 385 71 0(32440.00, 32440.00)
route 162, node_num 5, cost 586.866000, nodes: 0(120000.00, 120000.00) 703 441 336 0(78081.00, 78081.00)
route 163, node_num 4, cost 807.842000, nodes: 0(120000.00, 120000.00) 391 25 0(62297.00, 62297.00)
route 164, node_num 5, cost 905.912000, nodes: 0(120000.00, 120000.00) 713 254 674 0(55292.00, 55292.00)
route 165, node_num 6, cost 1254.148000, nodes: 0(120000.00, 120000.00) 7 715 517 207 0(30418.00, 30418.00)
route 166, node_num 3, cost 146.622000, nodes: 0(120000.00, 120000.00) 556 0(109527.00, 109527.00)
route 167, node_num 5, cost 509.390000, nodes: 0(120000.00, 120000.00) 728 343 241 0(83615.00, 83615.00)
route 168, node_num 4, cost 148.568000, nodes: 0(120000.00, 120000.00) 731 277 0(109388.00, 109388.00)
route 169, node_num 6, cost 1239.714000, nodes: 0(120000.00, 120000.00) 443 732 364 650 0(31449.00, 31449.00)
route 170, node_num 6, cost 1170.456000, nodes: 0(120000.00, 120000.00) 135 793 500 405 0(36396.00, 36396.00)
route 171, node_num 7, cost 1029.784000, nodes: 0(120000.00, 120000.00) 739 35 81 47 205 0(46444.00, 46444.00)
route 172, node_num 7, cost 1752.030000, nodes: 0(120000.00, 120000.00) 967(101080.00, 106225.00) 160 329 29 540 0(0.00, 0.00)
route 173, node_num 7, cost 1765.540000, nodes: 0(120000.00, 120000.00) 744 145 529 679 803(3005.00, 9115.00) 0(0.00, 0.00)
route 174, node_num 7, cost 1734.964000, nodes: 0(120000.00, 120000.00) 824(78004.00, 81930.00) 198 143 429 466 0(0.00, 0.00)
route 175, node_num 6, cost 1642.858000, nodes: 0(120000.00, 120000.00) 402 92 987(53577.00, 53577.00) 531 0(2653.00, 2653.00)
route 176, node_num 7, cost 1523.718000, nodes: 0(120000.00, 120000.00) 821(81946.00, 81946.00) 485 680 584 224 0(11163.00, 11163.00)
route 177, node_num 8, cost 1731.702000, nodes: 0(120000.00, 120000.00) 757 927(63685.00, 67378.00) 162 128 369 107 0(0.00, 0.00)
route 178, node_num 6, cost 539.168000, nodes: 0(120000.00, 120000.00) 760 280 445 310 0(81488.00, 81488.00)
route 179, node_num 6, cost 1164.170000, nodes: 0(120000.00, 120000.00) 762 340 537 203 0(36845.00, 36845.00)
route 180, node_num 10, cost 1590.078000, nodes: 0(120000.00, 120000.00) 765 594 839(65873.00, 65873.00) 78 570 723 463 903(15538.00, 15538.00) 0(6423.00, 6423.00)
route 181, node_num 9, cost 1623.384000, nodes: 0(120000.00, 120000.00) 411 137 438 20 506 693 998(21887.00, 21887.00) 0(4044.00, 4044.00)
route 182, node_num 7, cost 1855.714000, nodes: 0(120000.00, 120000.00) 977(102343.00, 114894.00) 355 215 233 32 0(0.00, 0.00)
route 183, node_num 6, cost 1216.908000, nodes: 0(120000.00, 120000.00) 786 636 718 129 0(33078.00, 33078.00)
route 184, node_num 7, cost 1447.740000, nodes: 0(120000.00, 120000.00) 119 305 549 392 741 0(16590.00, 16590.00)
route 185, node_num 4, cost 1278.438000, nodes: 0(120000.00, 120000.00) 16 492 0(28683.00, 28683.00)
route 186, node_num 6, cost 1178.562000, nodes: 0(120000.00, 120000.00) 333 767 690 278 0(35817.00, 35817.00)
route 187, node_num 3, cost 271.992000, nodes: 0(120000.00, 120000.00) 469 0(100572.00, 100572.00)
route 188, node_num 7, cost 1708.826000, nodes: 0(120000.00, 120000.00) 923(116496.00, 120000.00) 222 186 494 562 0(1445.00, 1445.00)
route 189, node_num 5, cost 804.902000, nodes: 0(120000.00, 120000.00) 473 655 153 0(62507.00, 62507.00)
route 190, node_num 6, cost 1820.924000, nodes: 0(120000.00, 120000.00) 735 795 72 880(10720.00, 20786.00) 0(0.00, 0.00)
route 191, node_num 5, cost 1458.128000, nodes: 0(120000.00, 120000.00) 565 348 525 0(15848.00, 15848.00)
route 192, node_num 7, cost 1352.442000, nodes: 0(120000.00, 120000.00) 797 293 167 649 122 0(23397.00, 23397.00)
route 193, node_num 8, cost 1754.326000, nodes: 0(120000.00, 120000.00) 802(72318.00, 72318.00) 350 15 211 263 895(8921.00, 14230.00) 0(0.00, 0.00)
route 194, node_num 5, cost 1532.412000, nodes: 0(120000.00, 120000.00) 132 720 182 0(10542.00, 10542.00)
route 195, node_num 7, cost 1611.820000, nodes: 0(120000.00, 120000.00) 921(81946.00, 113946.00) 230 319 486 192 0(36870.00, 36870.00)
route 196, node_num 7, cost 1388.114000, nodes: 0(120000.00, 120000.00) 328 509 250 766 315 0(20849.00, 20849.00)
route 197, node_num 7, cost 909.818000, nodes: 0(120000.00, 120000.00) 496 598 380 641 702 0(55013.00, 55013.00)
route 198, node_num 8, cost 1942.416000, nodes: 0(120000.00, 120000.00) 822(83916.00, 98174.00) 316 356 609 50 961(0.00, 4486.00) 0(0.00, 0.00)
route 199, node_num 8, cost 1831.116000, nodes: 0(120000.00, 120000.00) 830(107152.00, 120000.00) 5 460 134 688 815(33595.00, 33595.00) 0(2054.00, 2054.00)
route 200, node_num 8, cost 1692.250000, nodes: 0(120000.00, 120000.00) 100 281 181 291 176 856(22503.00, 23378.00) 0(0.00, 0.00)
route 201, node_num 6, cost 1060.178000, nodes: 0(120000.00, 120000.00) 772 538 87 520 0(44273.00, 44273.00)
route 202, node_num 8, cost 1695.498000, nodes: 0(120000.00, 120000.00) 68 377 574 440 677 981(36142.00, 37249.00) 0(0.00, 0.00)
route 203, node_num 6, cost 1634.668000, nodes: 0(120000.00, 120000.00) 102 791 373 390 0(3238.00, 3238.00)
route 204, node_num 6, cost 1093.344000, nodes: 0(120000.00, 120000.00) 27 468 447 10 0(41904.00, 41904.00)
route 205, node_num 8, cost 1761.634000, nodes: 0(120000.00, 120000.00) 821(81946.00, 113946.00) 245 437 194 477 782 0(26169.00, 26169.00)
route 206, node_num 7, cost 1617.056000, nodes: 0(120000.00, 120000.00) 924(78004.00, 78004.00) 229 85 483 658 0(4496.00, 4496.00)
route 207, node_num 6, cost 1672.720000, nodes: 0(120000.00, 120000.00) 595 149 426 667 0(520.00, 520.00)
route 208, node_num 10, cost 1994.888000, nodes: 0(120000.00, 120000.00) 930(107152.00, 107152.00) 99 979(63081.00, 63081.00) 431 45 236 652 911(25052.00, 47544.00) 0(0.00, 0.00)
vehicle (route) number: 209
Total cost: 315010.66
315010.66, 12611.72
