Details of the solution:
route 0, node_num 8, cost 1630.076000, nodes: 0(120000.00, 120000.00) 3 200 113 385 763 476 0(3566.00, 3566.00)
route 1, node_num 6, cost 1454.810000, nodes: 0(120000.00, 120000.00) 613 605 413 635 0(16085.00, 16085.00)
route 2, node_num 6, cost 1396.038000, nodes: 0(120000.00, 120000.00) 10 774 506 590 0(20283.00, 20283.00)
route 3, node_num 8, cost 1684.340000, nodes: 0(120000.00, 120000.00) 14 740 159 414 598 961(31683.00, 31993.00) 0(0.00, 0.00)
route 4, node_num 8, cost 1501.094000, nodes: 0(120000.00, 120000.00) 285 612 377 387 319 543 0(12779.00, 12779.00)
route 5, node_num 4, cost 626.234000, nodes: 0(120000.00, 120000.00) 734 122 0(75269.00, 75269.00)
route 6, node_num 9, cost 1674.610000, nodes: 0(120000.00, 120000.00) 250 531 408 367 644 718 896(25870.00, 25870.00) 0(385.00, 385.00)
route 7, node_num 7, cost 1289.204000, nodes: 0(120000.00, 120000.00) 51 92 63 456 288 0(27914.00, 27914.00)
route 8, node_num 9, cost 1726.830000, nodes: 0(120000.00, 120000.00) 606 140 769 766 640 709 912(42943.00, 46288.00) 0(0.00, 0.00)
route 9, node_num 7, cost 1470.014000, nodes: 0(120000.00, 120000.00) 98 653 145 253 732 0(14999.00, 14999.00)
route 10, node_num 7, cost 1575.140000, nodes: 0(120000.00, 120000.00) 432 672 339 495 123 0(7490.00, 7490.00)
route 11, node_num 7, cost 1518.678000, nodes: 0(120000.00, 120000.00) 460 738 29 564 207 0(11523.00, 11523.00)
route 12, node_num 9, cost 1702.484000, nodes: 0(120000.00, 120000.00) 166 705 739 151 595 398 947(39131.00, 40737.00) 0(0.00, 0.00)
route 13, node_num 6, cost 663.698000, nodes: 0(120000.00, 120000.00) 389 501 727 2 0(72593.00, 72593.00)
route 14, node_num 5, cost 1411.424000, nodes: 0(120000.00, 120000.00) 79 117 639 0(19184.00, 19184.00)
route 15, node_num 6, cost 1199.506000, nodes: 0(120000.00, 120000.00) 306 629 296 171 0(34321.00, 34321.00)
route 16, node_num 8, cost 860.412000, nodes: 0(120000.00, 120000.00) 89 434 659 352 223 474 0(58542.00, 58542.00)
route 17, node_num 8, cost 981.008000, nodes: 0(120000.00, 120000.00) 764 283 284 26 552 782 0(49928.00, 49928.00)
route 18, node_num 6, cost 1532.146000, nodes: 0(120000.00, 120000.00) 108 530 626 18 0(10561.00, 10561.00)
route 19, node_num 6, cost 601.048000, nodes: 0(120000.00, 120000.00) 355 706 211 396 0(77068.00, 77068.00)
route 20, node_num 5, cost 709.716000, nodes: 0(120000.00, 120000.00) 131 702 11 0(69306.00, 69306.00)
route 21, node_num 8, cost 1150.730000, nodes: 0(120000.00, 120000.00) 83 546 545 24 756 294 0(37805.00, 37805.00)
route 22, node_num 7, cost 1131.158000, nodes: 0(120000.00, 120000.00) 360 19 628 103 181 0(39203.00, 39203.00)
route 23, node_num 6, cost 497.224000, nodes: 0(120000.00, 120000.00) 481 362 799 559 0(84484.00, 84484.00)
route 24, node_num 7, cost 1292.004000, nodes: 0(120000.00, 120000.00) 669 401 347 721 43 0(27714.00, 27714.00)
route 25, node_num 6, cost 1160.628000, nodes: 0(120000.00, 120000.00) 380 591 155 681 0(37098.00, 37098.00)
route 26, node_num 7, cost 507.724000, nodes: 0(120000.00, 120000.00) 229 40 726 788 336 0(83734.00, 83734.00)
route 27, node_num 8, cost 1188.712000, nodes: 0(120000.00, 120000.00) 728 522 313 234 553 369 0(35092.00, 35092.00)
route 28, node_num 7, cost 1593.522000, nodes: 0(120000.00, 120000.00) 142 729 583 48 571 0(6177.00, 6177.00)
route 29, node_num 7, cost 1605.562000, nodes: 0(120000.00, 120000.00) 70 162 671 436 23 0(5317.00, 5317.00)
route 30, node_num 7, cost 1787.548000, nodes: 0(120000.00, 120000.00) 899(84505.00, 92187.00) 466 783 697 202 0(0.00, 0.00)
route 31, node_num 5, cost 740.698000, nodes: 0(120000.00, 120000.00) 736 622 449 0(67093.00, 67093.00)
route 32, node_num 7, cost 957.558000, nodes: 0(120000.00, 120000.00) 621 184 221 758 36 0(51603.00, 51603.00)
route 33, node_num 7, cost 1325.464000, nodes: 0(120000.00, 120000.00) 516 429 165 64 730 0(25324.00, 25324.00)
route 34, node_num 7, cost 1487.430000, nodes: 0(120000.00, 120000.00) 388 174 402 302 281 0(13755.00, 13755.00)
route 35, node_num 8, cost 764.162000, nodes: 0(120000.00, 120000.00) 554 397 258 490 188 767 0(65417.00, 65417.00)
route 36, node_num 7, cost 890.540000, nodes: 0(120000.00, 120000.00) 187 196 318 342 216 0(56390.00, 56390.00)
route 37, node_num 6, cost 1000.664000, nodes: 0(120000.00, 120000.00) 255 176 795 130 0(48524.00, 48524.00)
route 38, node_num 8, cost 1014.916000, nodes: 0(120000.00, 120000.00) 150 673 450 649 16 290 0(47506.00, 47506.00)
route 39, node_num 5, cost 647.570000, nodes: 0(120000.00, 120000.00) 71 513 282 0(73745.00, 73745.00)
route 40, node_num 6, cost 1030.750000, nodes: 0(120000.00, 120000.00) 189 375 59 292 0(46375.00, 46375.00)
route 41, node_num 8, cost 1670.298000, nodes: 0(120000.00, 120000.00) 153 307 786 617 125 825(24820.00, 24820.00) 0(693.00, 693.00)
route 42, node_num 7, cost 879.760000, nodes: 0(120000.00, 120000.00) 311 337 785 600 462 0(57160.00, 57160.00)
route 43, node_num 7, cost 790.664000, nodes: 0(120000.00, 120000.00) 400 751 765 578 459 0(63524.00, 63524.00)
route 44, node_num 7, cost 1786.778000, nodes: 0(120000.00, 120000.00) 710 687 890(48111.00, 88111.00) 61 517 0(32373.00, 32373.00)
route 45, node_num 6, cost 1452.822000, nodes: 0(120000.00, 120000.00) 752 493 421 424 0(16227.00, 16227.00)
route 46, node_num 7, cost 545.678000, nodes: 0(120000.00, 120000.00) 431 34 246 37 670 0(81023.00, 81023.00)
route 47, node_num 8, cost 857.584000, nodes: 0(120000.00, 120000.00) 214 287 508 32 239 485 0(58744.00, 58744.00)
route 48, node_num 8, cost 1380.554000, nodes: 0(120000.00, 120000.00) 717 446 637 573 323 54 0(21389.00, 21389.00)
route 49, node_num 6, cost 579.642000, nodes: 0(120000.00, 120000.00) 555 190 317 195 0(78597.00, 78597.00)
route 50, node_num 6, cost 1104.656000, nodes: 0(120000.00, 120000.00) 192 15 27 444 0(41096.00, 41096.00)
route 51, node_num 6, cost 662.396000, nodes: 0(120000.00, 120000.00) 230 698 652 584 0(72686.00, 72686.00)
route 52, node_num 7, cost 923.020000, nodes: 0(120000.00, 120000.00) 157 17 790 458 544 0(54070.00, 54070.00)
route 53, node_num 6, cost 583.926000, nodes: 0(120000.00, 120000.00) 132 314 415 753 0(78291.00, 78291.00)
route 54, node_num 7, cost 1359.890000, nodes: 0(120000.00, 120000.00) 379 236 245 775 420 0(22865.00, 22865.00)
route 55, node_num 6, cost 147.154000, nodes: 0(120000.00, 120000.00) 630 650 333 111 0(109489.00, 109489.00)
route 56, node_num 7, cost 1444.198000, nodes: 0(120000.00, 120000.00) 185 104 478 55 267 0(16843.00, 16843.00)
route 57, node_num 5, cost 1429.162000, nodes: 0(120000.00, 120000.00) 368 303 358 0(17917.00, 17917.00)
route 58, node_num 6, cost 1336.678000, nodes: 0(120000.00, 120000.00) 152 596 364 791 0(24523.00, 24523.00)
route 59, node_num 7, cost 1094.366000, nodes: 0(120000.00, 120000.00) 676 210 746 268 4 0(41831.00, 41831.00)
route 60, node_num 7, cost 1617.588000, nodes: 0(120000.00, 120000.00) 363 247 183 49 143 0(4458.00, 4458.00)
route 61, node_num 6, cost 654.346000, nodes: 0(120000.00, 120000.00) 633 411 680 395 0(73261.00, 73261.00)
route 62, node_num 7, cost 1510.376000, nodes: 0(120000.00, 120000.00) 243 562 156 116 423 0(12116.00, 12116.00)
route 63, node_num 4, cost 790.048000, nodes: 0(120000.00, 120000.00) 322 541 0(63568.00, 63568.00)
route 64, node_num 6, cost 571.508000, nodes: 0(120000.00, 120000.00) 263 566 789 636 0(79178.00, 79178.00)
route 65, node_num 5, cost 503.846000, nodes: 0(120000.00, 120000.00) 315 272 482 0(84011.00, 84011.00)
route 66, node_num 7, cost 1543.570000, nodes: 0(120000.00, 120000.00) 468 45 440 499 498 0(9745.00, 9745.00)
route 67, node_num 7, cost 755.678000, nodes: 0(120000.00, 120000.00) 391 21 286 678 154 0(66023.00, 66023.00)
route 68, node_num 6, cost 1031.436000, nodes: 0(120000.00, 120000.00) 259 538 747 42 0(46326.00, 46326.00)
route 69, node_num 6, cost 893.620000, nodes: 0(120000.00, 120000.00) 233 262 454 403 0(56170.00, 56170.00)
route 70, node_num 7, cost 1661.058000, nodes: 0(120000.00, 120000.00) 257 149 269 129 252 0(1353.00, 1353.00)
route 71, node_num 7, cost 1131.130000, nodes: 0(120000.00, 120000.00) 330 218 638 393 519 0(39205.00, 39205.00)
route 72, node_num 8, cost 1101.072000, nodes: 0(120000.00, 120000.00) 77 407 206 576 274 419 0(41352.00, 41352.00)
route 73, node_num 6, cost 877.968000, nodes: 0(120000.00, 120000.00) 57 588 574 299 0(57288.00, 57288.00)
route 74, node_num 7, cost 1393.252000, nodes: 0(120000.00, 120000.00) 412 251 537 100 572 0(20482.00, 20482.00)
route 75, node_num 8, cost 868.210000, nodes: 0(120000.00, 120000.00) 512 328 197 792 425 720 0(57985.00, 57985.00)
route 76, node_num 6, cost 702.828000, nodes: 0(120000.00, 120000.00) 682 742 733 382 0(69798.00, 69798.00)
route 77, node_num 7, cost 1509.284000, nodes: 0(120000.00, 120000.00) 442 643 8 144 560 0(12194.00, 12194.00)
route 78, node_num 8, cost 1436.554000, nodes: 0(120000.00, 120000.00) 244 110 521 614 471 237 0(17389.00, 17389.00)
route 79, node_num 8, cost 748.160000, nodes: 0(120000.00, 120000.00) 719 94 532 220 276 118 0(66560.00, 66560.00)
route 80, node_num 8, cost 1083.894000, nodes: 0(120000.00, 120000.00) 757 453 335 587 22 256 0(42579.00, 42579.00)
route 81, node_num 7, cost 1290.268000, nodes: 0(120000.00, 120000.00) 798 483 31 78 241 0(27838.00, 27838.00)
route 82, node_num 9, cost 943.460000, nodes: 0(120000.00, 120000.00) 514 749 248 797 451 410 642 0(52610.00, 52610.00)
route 83, node_num 8, cost 985.362000, nodes: 0(120000.00, 120000.00) 528 406 433 178 579 371 0(49617.00, 49617.00)
route 84, node_num 5, cost 1290.408000, nodes: 0(120000.00, 120000.00) 304 82 359 0(27828.00, 27828.00)
route 85, node_num 8, cost 1690.948000, nodes: 0(120000.00, 120000.00) 351 618 716 977(56645.00, 57427.00) 439 755 0(0.00, 0.00)
route 86, node_num 8, cost 927.948000, nodes: 0(120000.00, 120000.00) 46 204 418 520 704 536 0(53718.00, 53718.00)
route 87, node_num 7, cost 633.304000, nodes: 0(120000.00, 120000.00) 321 486 557 93 762 0(74764.00, 74764.00)
route 88, node_num 7, cost 789.796000, nodes: 0(120000.00, 120000.00) 489 320 291 121 800 0(63586.00, 63586.00)
route 89, node_num 8, cost 981.764000, nodes: 0(120000.00, 120000.00) 326 416 148 547 68 343 0(49874.00, 49874.00)
route 90, node_num 6, cost 951.832000, nodes: 0(120000.00, 120000.00) 135 365 345 603 0(52012.00, 52012.00)
route 91, node_num 6, cost 891.128000, nodes: 0(120000.00, 120000.00) 366 593 25 170 0(56348.00, 56348.00)
route 92, node_num 7, cost 1300.460000, nodes: 0(120000.00, 120000.00) 361 271 277 768 741 0(27110.00, 27110.00)
route 93, node_num 4, cost 468.790000, nodes: 0(120000.00, 120000.00) 373 270 0(86515.00, 86515.00)
route 94, node_num 6, cost 1615.768000, nodes: 0(120000.00, 120000.00) 378 240 523 193 0(4588.00, 4588.00)
route 95, node_num 7, cost 1500.954000, nodes: 0(120000.00, 120000.00) 300 610 264 745 161 0(12789.00, 12789.00)
route 96, node_num 8, cost 1550.850000, nodes: 0(120000.00, 120000.00) 487 700 392 73 177 505 0(9225.00, 9225.00)
route 97, node_num 6, cost 933.688000, nodes: 0(120000.00, 120000.00) 731 208 609 662 0(53308.00, 53308.00)
route 98, node_num 8, cost 1379.616000, nodes: 0(120000.00, 120000.00) 441 582 58 773 569 219 0(21456.00, 21456.00)
route 99, node_num 8, cost 933.464000, nodes: 0(120000.00, 120000.00) 75 41 350 665 80 428 0(53324.00, 53324.00)
route 100, node_num 6, cost 633.080000, nodes: 0(120000.00, 120000.00) 376 390 39 147 0(74780.00, 74780.00)
route 101, node_num 6, cost 529.676000, nodes: 0(120000.00, 120000.00) 222 86 550 784 0(82166.00, 82166.00)
route 102, node_num 8, cost 1700.608000, nodes: 0(120000.00, 120000.00) 461 472 712 779 72 821(27221.00, 28693.00) 0(0.00, 0.00)
route 103, node_num 7, cost 907.830000, nodes: 0(120000.00, 120000.00) 357 496 35 254 607 0(55155.00, 55155.00)
route 104, node_num 7, cost 879.130000, nodes: 0(120000.00, 120000.00) 743 725 503 180 511 0(57205.00, 57205.00)
route 105, node_num 8, cost 1856.848000, nodes: 0(120000.00, 120000.00) 278 602 105 6 107 968(16605.00, 29237.00) 0(0.00, 0.00)
route 106, node_num 7, cost 1026.662000, nodes: 0(120000.00, 120000.00) 430 273 12 611 443 0(46667.00, 46667.00)
route 107, node_num 8, cost 1758.470000, nodes: 0(120000.00, 120000.00) 860(66386.00, 98386.00) 597 213 793 455 452 0(26395.00, 26395.00)
route 108, node_num 6, cost 653.870000, nodes: 0(120000.00, 120000.00) 235 201 735 778 0(73295.00, 73295.00)
route 109, node_num 6, cost 717.696000, nodes: 0(120000.00, 120000.00) 167 683 62 699 0(68736.00, 68736.00)
route 110, node_num 7, cost 1814.876000, nodes: 0(120000.00, 120000.00) 812(72845.00, 82479.00) 88 585 114 109 0(0.00, 0.00)
route 111, node_num 8, cost 1807.512000, nodes: 0(120000.00, 120000.00) 939(67416.00, 76524.00) 754 647 623 141 308 0(0.00, 0.00)
route 112, node_num 8, cost 938.308000, nodes: 0(120000.00, 120000.00) 212 465 438 101 119 448 0(52978.00, 52978.00)
route 113, node_num 7, cost 1468.670000, nodes: 0(120000.00, 120000.00) 581 696 172 463 469 0(15095.00, 15095.00)
route 114, node_num 8, cost 1673.378000, nodes: 0(120000.00, 120000.00) 473 518 334 370 457 919(24187.00, 24187.00) 0(473.00, 473.00)
route 115, node_num 7, cost 1218.574000, nodes: 0(120000.00, 120000.00) 535 138 301 624 7 0(32959.00, 32959.00)
route 116, node_num 6, cost 1106.840000, nodes: 0(120000.00, 120000.00) 475 565 163 20 0(40940.00, 40940.00)
route 117, node_num 8, cost 471.688000, nodes: 0(120000.00, 120000.00) 663 776 484 771 470 589 0(86308.00, 86308.00)
route 118, node_num 6, cost 1630.076000, nodes: 0(120000.00, 120000.00) 261 759 85 534 0(3566.00, 3566.00)
route 119, node_num 6, cost 1003.422000, nodes: 0(120000.00, 120000.00) 383 657 30 510 0(48327.00, 48327.00)
route 120, node_num 8, cost 970.088000, nodes: 0(120000.00, 120000.00) 173 69 689 341 723 198 0(50708.00, 50708.00)
route 121, node_num 6, cost 741.034000, nodes: 0(120000.00, 120000.00) 492 305 645 435 0(67069.00, 67069.00)
route 122, node_num 5, cost 532.672000, nodes: 0(120000.00, 120000.00) 158 488 331 0(81952.00, 81952.00)
route 123, node_num 8, cost 1259.426000, nodes: 0(120000.00, 120000.00) 409 685 332 601 60 654 0(30041.00, 30041.00)
route 124, node_num 8, cost 920.640000, nodes: 0(120000.00, 120000.00) 502 656 713 651 664 47 0(54240.00, 54240.00)
route 125, node_num 6, cost 1000.342000, nodes: 0(120000.00, 120000.00) 504 619 353 744 0(48547.00, 48547.00)
route 126, node_num 7, cost 1654.282000, nodes: 0(120000.00, 120000.00) 231 1 194 28 467 0(1837.00, 1837.00)
route 127, node_num 5, cost 851.480000, nodes: 0(120000.00, 120000.00) 711 81 327 0(59180.00, 59180.00)
route 128, node_num 5, cost 537.600000, nodes: 0(120000.00, 120000.00) 76 570 426 0(81600.00, 81600.00)
route 129, node_num 5, cost 162.218000, nodes: 0(120000.00, 120000.00) 242 265 372 0(108413.00, 108413.00)
route 130, node_num 6, cost 1387.652000, nodes: 0(120000.00, 120000.00) 526 102 97 404 0(20882.00, 20882.00)
route 131, node_num 8, cost 948.262000, nodes: 0(120000.00, 120000.00) 356 524 668 761 707 238 0(52267.00, 52267.00)
route 132, node_num 7, cost 571.466000, nodes: 0(120000.00, 120000.00) 529 540 568 690 464 0(79181.00, 79181.00)
route 133, node_num 7, cost 1596.896000, nodes: 0(120000.00, 120000.00) 533 631 405 275 215 0(5936.00, 5936.00)
route 134, node_num 6, cost 1545.124000, nodes: 0(120000.00, 120000.00) 346 667 128 126 0(9634.00, 9634.00)
route 135, node_num 7, cost 1015.406000, nodes: 0(120000.00, 120000.00) 289 191 781 324 340 0(47471.00, 47471.00)
route 136, node_num 7, cost 1442.574000, nodes: 0(120000.00, 120000.00) 549 309 604 67 203 0(16959.00, 16959.00)
route 137, node_num 6, cost 939.176000, nodes: 0(120000.00, 120000.00) 615 796 708 494 0(52916.00, 52916.00)
route 138, node_num 7, cost 756.742000, nodes: 0(120000.00, 120000.00) 780 480 209 136 417 0(65947.00, 65947.00)
route 139, node_num 7, cost 386.932000, nodes: 0(120000.00, 120000.00) 558 279 525 124 226 0(92362.00, 92362.00)
route 140, node_num 7, cost 1144.906000, nodes: 0(120000.00, 120000.00) 563 38 437 227 228 0(38221.00, 38221.00)
route 141, node_num 6, cost 526.386000, nodes: 0(120000.00, 120000.00) 44 777 724 575 0(82401.00, 82401.00)
route 142, node_num 7, cost 1828.638000, nodes: 0(120000.00, 120000.00) 586 870(48508.00, 60508.00) 260 112 384 0(1383.00, 1383.00)
route 143, node_num 7, cost 1283.968000, nodes: 0(120000.00, 120000.00) 592 224 701 491 50 0(28288.00, 28288.00)
route 144, node_num 7, cost 920.472000, nodes: 0(120000.00, 120000.00) 594 399 625 217 539 0(54252.00, 54252.00)
route 145, node_num 7, cost 1755.362000, nodes: 0(120000.00, 120000.00) 839(67416.00, 75416.00) 695 53 13 381 0(2617.00, 2617.00)
route 146, node_num 7, cost 1129.338000, nodes: 0(120000.00, 120000.00) 225 515 56 748 295 0(39333.00, 39333.00)
route 147, node_num 7, cost 711.634000, nodes: 0(120000.00, 120000.00) 556 608 74 106 134 0(69169.00, 69169.00)
route 148, node_num 7, cost 1356.852000, nodes: 0(120000.00, 120000.00) 658 127 548 348 661 0(23082.00, 23082.00)
route 149, node_num 7, cost 1211.616000, nodes: 0(120000.00, 120000.00) 722 9 527 65 354 0(33456.00, 33456.00)
route 150, node_num 7, cost 720.664000, nodes: 0(120000.00, 120000.00) 542 551 298 760 338 0(68524.00, 68524.00)
route 151, node_num 6, cost 252.462000, nodes: 0(120000.00, 120000.00) 479 179 344 325 0(101967.00, 101967.00)
route 152, node_num 5, cost 1152.522000, nodes: 0(120000.00, 120000.00) 627 714 666 0(37677.00, 37677.00)
route 153, node_num 7, cost 681.212000, nodes: 0(120000.00, 120000.00) 641 599 692 634 500 0(71342.00, 71342.00)
route 154, node_num 8, cost 1640.884000, nodes: 0(120000.00, 120000.00) 632 787 99 646 509 840(25409.00, 25409.00) 0(2794.00, 2794.00)
route 155, node_num 6, cost 1397.270000, nodes: 0(120000.00, 120000.00) 715 772 5 655 0(20195.00, 20195.00)
route 156, node_num 5, cost 667.310000, nodes: 0(120000.00, 120000.00) 199 249 52 0(72335.00, 72335.00)
route 157, node_num 5, cost 1347.038000, nodes: 0(120000.00, 120000.00) 660 84 445 0(23783.00, 23783.00)
route 158, node_num 7, cost 771.680000, nodes: 0(120000.00, 120000.00) 280 160 96 422 374 0(64880.00, 64880.00)
route 159, node_num 6, cost 842.324000, nodes: 0(120000.00, 120000.00) 497 794 87 293 0(59834.00, 59834.00)
route 160, node_num 8, cost 962.850000, nodes: 0(120000.00, 120000.00) 677 175 33 139 133 164 0(51225.00, 51225.00)
route 161, node_num 7, cost 802.830000, nodes: 0(120000.00, 120000.00) 679 90 137 169 168 0(62655.00, 62655.00)
route 162, node_num 7, cost 693.182000, nodes: 0(120000.00, 120000.00) 310 447 312 737 349 0(70487.00, 70487.00)
route 163, node_num 5, cost 1358.840000, nodes: 0(120000.00, 120000.00) 684 567 297 0(22940.00, 22940.00)
route 164, node_num 6, cost 1345.176000, nodes: 0(120000.00, 120000.00) 674 694 66 620 0(23916.00, 23916.00)
route 165, node_num 8, cost 1028.090000, nodes: 0(120000.00, 120000.00) 686 394 386 95 91 616 0(46565.00, 46565.00)
route 166, node_num 7, cost 1363.502000, nodes: 0(120000.00, 120000.00) 688 580 770 648 186 0(22607.00, 22607.00)
route 167, node_num 7, cost 1388.240000, nodes: 0(120000.00, 120000.00) 691 675 316 477 205 0(20840.00, 20840.00)
route 168, node_num 6, cost 1379.224000, nodes: 0(120000.00, 120000.00) 693 266 507 577 0(21484.00, 21484.00)
route 169, node_num 8, cost 864.122000, nodes: 0(120000.00, 120000.00) 146 182 115 561 232 703 0(58277.00, 58277.00)
route 170, node_num 6, cost 682.094000, nodes: 0(120000.00, 120000.00) 427 120 750 329 0(71279.00, 71279.00)
vehicle (route) number: 171
Total cost: 239985.45
239985.45, 12601.46
