Details of the solution:
route 0, node_num 7, cost 991.102000, nodes: 0(120000.00, 120000.00) 365 349 738 753 641 0(49207.00, 49207.00)
route 1, node_num 7, cost 1765.330000, nodes: 0(120000.00, 120000.00) 811(93324.00, 99419.00) 6 12 207 548 0(0.00, 0.00)
route 2, node_num 6, cost 1723.288000, nodes: 0(120000.00, 120000.00) 891(100789.00, 103881.00) 720 281 213 0(0.00, 0.00)
route 3, node_num 4, cost 411.040000, nodes: 0(120000.00, 120000.00) 165 183 0(90640.00, 90640.00)
route 4, node_num 7, cost 504.350000, nodes: 0(120000.00, 120000.00) 18 558 95 487 692 0(83975.00, 83975.00)
route 5, node_num 6, cost 1622.404000, nodes: 0(120000.00, 120000.00) 415 261 737 936(37365.00, 37365.00) 0(4114.00, 4114.00)
route 6, node_num 4, cost 317.352000, nodes: 0(120000.00, 120000.00) 23 615 0(97332.00, 97332.00)
route 7, node_num 6, cost 600.222000, nodes: 0(120000.00, 120000.00) 89 489 164 200 0(77127.00, 77127.00)
route 8, node_num 5, cost 1015.168000, nodes: 0(120000.00, 120000.00) 428 162 541 0(47488.00, 47488.00)
route 9, node_num 7, cost 1765.190000, nodes: 0(120000.00, 120000.00) 36 561 358 483 993(8005.00, 14090.00) 0(0.00, 0.00)
route 10, node_num 7, cost 847.504000, nodes: 0(120000.00, 120000.00) 38 727 309 334 39 0(59464.00, 59464.00)
route 11, node_num 5, cost 1087.072000, nodes: 0(120000.00, 120000.00) 366 797 295 0(42352.00, 42352.00)
route 12, node_num 7, cost 1666.196000, nodes: 0(120000.00, 120000.00) 43 76 466 254 958(19025.00, 19025.00) 0(986.00, 986.00)
route 13, node_num 6, cost 1642.998000, nodes: 0(120000.00, 120000.00) 52 314 524 457 0(2643.00, 2643.00)
route 14, node_num 6, cost 860.048000, nodes: 0(120000.00, 120000.00) 58 237 544 618 0(58568.00, 58568.00)
route 15, node_num 4, cost 889.182000, nodes: 0(120000.00, 120000.00) 59 647 0(56487.00, 56487.00)
route 16, node_num 6, cost 1224.258000, nodes: 0(120000.00, 120000.00) 62 265 383 106 0(32553.00, 32553.00)
route 17, node_num 7, cost 1686.986000, nodes: 0(120000.00, 120000.00) 64 740 211 212 964(5862.00, 6361.00) 0(0.00, 0.00)
route 18, node_num 7, cost 554.848000, nodes: 0(120000.00, 120000.00) 65 92 215 451 47 0(80368.00, 80368.00)
route 19, node_num 6, cost 1566.278000, nodes: 0(120000.00, 120000.00) 70 476 657 825(50213.00, 50213.00) 0(8123.00, 8123.00)
route 20, node_num 6, cost 1592.024000, nodes: 0(120000.00, 120000.00) 77 354 50 799 0(6284.00, 6284.00)
route 21, node_num 9, cost 1607.592000, nodes: 0(120000.00, 120000.00) 78 66 698 684 214 73 932(39139.00, 39139.00) 0(5172.00, 5172.00)
route 22, node_num 7, cost 1540.728000, nodes: 0(120000.00, 120000.00) 80 245 56 167 879(48381.00, 48381.00) 0(9948.00, 9948.00)
route 23, node_num 7, cost 1029.546000, nodes: 0(120000.00, 120000.00) 88 367 619 664 235 0(46461.00, 46461.00)
route 24, node_num 8, cost 707.686000, nodes: 0(120000.00, 120000.00) 516 93 690 606 614 425 0(69451.00, 69451.00)
route 25, node_num 7, cost 1595.006000, nodes: 0(120000.00, 120000.00) 192 75 109 194 914(43687.00, 43687.00) 0(6071.00, 6071.00)
route 26, node_num 5, cost 849.562000, nodes: 0(120000.00, 120000.00) 158 24 782 0(59317.00, 59317.00)
route 27, node_num 5, cost 1252.790000, nodes: 0(120000.00, 120000.00) 193 577 673 0(30515.00, 30515.00)
route 28, node_num 7, cost 1648.024000, nodes: 0(120000.00, 120000.00) 259 783 280 526 961(45302.00, 45302.00) 0(2284.00, 2284.00)
route 29, node_num 7, cost 1613.780000, nodes: 0(120000.00, 120000.00) 122 19 555 463 980(39658.00, 39658.00) 0(4730.00, 4730.00)
route 30, node_num 6, cost 880.978000, nodes: 0(120000.00, 120000.00) 124 140 736 171 0(57073.00, 57073.00)
route 31, node_num 6, cost 804.342000, nodes: 0(120000.00, 120000.00) 129 283 491 231 0(62547.00, 62547.00)
route 32, node_num 3, cost 160.328000, nodes: 0(120000.00, 120000.00) 226 0(108548.00, 108548.00)
route 33, node_num 6, cost 989.310000, nodes: 0(120000.00, 120000.00) 35 341 528 784 0(49335.00, 49335.00)
route 34, node_num 3, cost 191.296000, nodes: 0(120000.00, 120000.00) 580 0(106336.00, 106336.00)
route 35, node_num 5, cost 1309.098000, nodes: 0(120000.00, 120000.00) 146 253 642 0(26493.00, 26493.00)
route 36, node_num 6, cost 1109.192000, nodes: 0(120000.00, 120000.00) 149 159 67 748 0(40772.00, 40772.00)
route 37, node_num 4, cost 1125.124000, nodes: 0(120000.00, 120000.00) 151 131 0(39634.00, 39634.00)
route 38, node_num 6, cost 1123.080000, nodes: 0(120000.00, 120000.00) 102 234 306 178 0(39780.00, 39780.00)
route 39, node_num 6, cost 1546.370000, nodes: 0(120000.00, 120000.00) 168 286 676 675 0(9545.00, 9545.00)
route 40, node_num 5, cost 559.734000, nodes: 0(120000.00, 120000.00) 181 74 751 0(80019.00, 80019.00)
route 41, node_num 8, cost 897.400000, nodes: 0(120000.00, 120000.00) 185 459 719 629 121 384 0(55900.00, 55900.00)
route 42, node_num 6, cost 1841.406000, nodes: 0(120000.00, 120000.00) 942(87408.00, 98937.00) 186 661 378 0(0.00, 0.00)
route 43, node_num 5, cost 1164.716000, nodes: 0(120000.00, 120000.00) 190 127 758 0(36806.00, 36806.00)
route 44, node_num 5, cost 932.540000, nodes: 0(120000.00, 120000.00) 98 147 424 0(53390.00, 53390.00)
route 45, node_num 6, cost 1168.510000, nodes: 0(120000.00, 120000.00) 104 189 554 735 0(36535.00, 36535.00)
route 46, node_num 7, cost 1414.546000, nodes: 0(120000.00, 120000.00) 332 1 101 296 743 0(18961.00, 18961.00)
route 47, node_num 4, cost 729.652000, nodes: 0(120000.00, 120000.00) 439 695 0(67882.00, 67882.00)
route 48, node_num 6, cost 563.038000, nodes: 0(120000.00, 120000.00) 205 364 472 240 0(79783.00, 79783.00)
route 49, node_num 7, cost 1800.666000, nodes: 0(120000.00, 120000.00) 330 352 141 505 850(41012.00, 49631.00) 0(0.00, 0.00)
route 50, node_num 6, cost 543.228000, nodes: 0(120000.00, 120000.00) 219 573 721 161 0(81198.00, 81198.00)
route 51, node_num 6, cost 1133.328000, nodes: 0(120000.00, 120000.00) 225 490 15 347 0(39048.00, 39048.00)
route 52, node_num 8, cost 1909.768000, nodes: 0(120000.00, 120000.00) 511 599 46 128 346 995(38399.00, 54811.00) 0(0.00, 0.00)
route 53, node_num 6, cost 1490.384000, nodes: 0(120000.00, 120000.00) 227 649 688 163 0(13544.00, 13544.00)
route 54, node_num 7, cost 1028.846000, nodes: 0(120000.00, 120000.00) 228 83 403 677 543 0(46511.00, 46511.00)
route 55, node_num 6, cost 1708.504000, nodes: 0(120000.00, 120000.00) 230 669 103 875(35781.00, 37817.00) 0(0.00, 0.00)
route 56, node_num 6, cost 1620.500000, nodes: 0(120000.00, 120000.00) 843(90980.00, 90980.00) 238 390 529 0(4250.00, 4250.00)
route 57, node_num 7, cost 1760.066000, nodes: 0(120000.00, 120000.00) 246 87 534 416 948(18978.00, 24697.00) 0(0.00, 0.00)
route 58, node_num 4, cost 1100.260000, nodes: 0(120000.00, 120000.00) 247 594 0(41410.00, 41410.00)
route 59, node_num 7, cost 1658.454000, nodes: 0(120000.00, 120000.00) 974(107295.00, 107295.00) 312 732 438 470 0(1539.00, 1539.00)
route 60, node_num 4, cost 991.298000, nodes: 0(120000.00, 120000.00) 114 682 0(49193.00, 49193.00)
route 61, node_num 6, cost 618.660000, nodes: 0(120000.00, 120000.00) 260 792 795 495 0(75810.00, 75810.00)
route 62, node_num 7, cost 937.510000, nodes: 0(120000.00, 120000.00) 262 468 670 351 479 0(53035.00, 53035.00)
route 63, node_num 6, cost 1452.906000, nodes: 0(120000.00, 120000.00) 263 402 71 63 0(16221.00, 16221.00)
route 64, node_num 6, cost 1135.162000, nodes: 0(120000.00, 120000.00) 269 356 553 610 0(38917.00, 38917.00)
route 65, node_num 9, cost 597.758000, nodes: 0(120000.00, 120000.00) 294 718 662 398 293 393 153 0(77303.00, 77303.00)
route 66, node_num 5, cost 1218.700000, nodes: 0(120000.00, 120000.00) 303 174 25 0(32950.00, 32950.00)
route 67, node_num 7, cost 1005.788000, nodes: 0(120000.00, 120000.00) 789 632 236 598 353 0(48158.00, 48158.00)
route 68, node_num 4, cost 1129.954000, nodes: 0(120000.00, 120000.00) 138 355 0(39289.00, 39289.00)
route 69, node_num 6, cost 1257.298000, nodes: 0(120000.00, 120000.00) 305 137 37 221 0(30193.00, 30193.00)
route 70, node_num 7, cost 1844.500000, nodes: 0(120000.00, 120000.00) 321 907(69361.00, 81111.00) 426 325 431 0(0.00, 0.00)
route 71, node_num 4, cost 520.954000, nodes: 0(120000.00, 120000.00) 542 551 0(82789.00, 82789.00)
route 72, node_num 6, cost 1338.736000, nodes: 0(120000.00, 120000.00) 608 218 458 99 0(24376.00, 24376.00)
route 73, node_num 7, cost 1668.100000, nodes: 0(120000.00, 120000.00) 853(84325.00, 84325.00) 582 287 250 475 0(850.00, 850.00)
route 74, node_num 7, cost 494.760000, nodes: 0(120000.00, 120000.00) 333 144 337 570 566 0(84660.00, 84660.00)
route 75, node_num 6, cost 1133.622000, nodes: 0(120000.00, 120000.00) 216 400 633 703 0(39027.00, 39027.00)
route 76, node_num 6, cost 1109.906000, nodes: 0(120000.00, 120000.00) 338 560 2 686 0(40721.00, 40721.00)
route 77, node_num 5, cost 396.200000, nodes: 0(120000.00, 120000.00) 767 465 501 0(91700.00, 91700.00)
route 78, node_num 7, cost 1641.906000, nodes: 0(120000.00, 120000.00) 315 607 53 503 835(48493.00, 48493.00) 0(2721.00, 2721.00)
route 79, node_num 6, cost 1044.260000, nodes: 0(120000.00, 120000.00) 350 319 639 587 0(45410.00, 45410.00)
route 80, node_num 6, cost 1188.992000, nodes: 0(120000.00, 120000.00) 724 604 26 100 0(35072.00, 35072.00)
route 81, node_num 6, cost 1533.014000, nodes: 0(120000.00, 120000.00) 362 788 780 110 0(10499.00, 10499.00)
route 82, node_num 7, cost 885.178000, nodes: 0(120000.00, 120000.00) 363 44 745 142 790 0(56773.00, 56773.00)
route 83, node_num 7, cost 1796.942000, nodes: 0(120000.00, 120000.00) 368 392 116 54 891(6071.00, 14424.00) 0(0.00, 0.00)
route 84, node_num 5, cost 1025.556000, nodes: 0(120000.00, 120000.00) 372 166 379 0(46746.00, 46746.00)
route 85, node_num 8, cost 1273.748000, nodes: 0(120000.00, 120000.00) 374 284 557 385 266 316 0(29018.00, 29018.00)
route 86, node_num 6, cost 1172.612000, nodes: 0(120000.00, 120000.00) 386 360 10 536 0(36242.00, 36242.00)
route 87, node_num 9, cost 1711.948000, nodes: 0(120000.00, 120000.00) 395 69 549 575 898(42275.00, 42275.00) 342 832(31685.00, 33967.00) 0(0.00, 0.00)
route 88, node_num 3, cost 292.670000, nodes: 0(120000.00, 120000.00) 477 0(99095.00, 99095.00)
route 89, node_num 6, cost 1467.522000, nodes: 0(120000.00, 120000.00) 399 685 512 474 0(15177.00, 15177.00)
route 90, node_num 7, cost 2015.902000, nodes: 0(120000.00, 120000.00) 981(92118.00, 120000.00) 455 667 45 500 0(3889.00, 3889.00)
route 91, node_num 7, cost 1626.156000, nodes: 0(120000.00, 120000.00) 405 94 559 769 863(26125.00, 26125.00) 0(3846.00, 3846.00)
route 92, node_num 4, cost 979.804000, nodes: 0(120000.00, 120000.00) 787 576 0(50014.00, 50014.00)
route 93, node_num 7, cost 1628.116000, nodes: 0(120000.00, 120000.00) 419 693 776 313 271 0(3706.00, 3706.00)
route 94, node_num 7, cost 1802.136000, nodes: 0(120000.00, 120000.00) 420 148 304 343 888(27507.00, 36231.00) 0(0.00, 0.00)
route 95, node_num 6, cost 1043.658000, nodes: 0(120000.00, 120000.00) 634 387 764 323 0(45453.00, 45453.00)
route 96, node_num 5, cost 1534.330000, nodes: 0(120000.00, 120000.00) 429 132 198 0(10405.00, 10405.00)
route 97, node_num 6, cost 876.274000, nodes: 0(120000.00, 120000.00) 430 708 7 119 0(57409.00, 57409.00)
route 98, node_num 8, cost 1872.570000, nodes: 0(120000.00, 120000.00) 436 565 196 118 410 880(21173.00, 34928.00) 0(0.00, 0.00)
route 99, node_num 7, cost 930.398000, nodes: 0(120000.00, 120000.00) 199 268 668 182 126 0(53543.00, 53543.00)
route 100, node_num 6, cost 1211.112000, nodes: 0(120000.00, 120000.00) 443 744 224 145 0(33492.00, 33492.00)
route 101, node_num 7, cost 1633.016000, nodes: 0(120000.00, 120000.00) 445 761 514 33 884(42721.00, 42721.00) 0(3356.00, 3356.00)
route 102, node_num 9, cost 1758.078000, nodes: 0(120000.00, 120000.00) 449 282 840(56133.00, 56133.00) 650 497 389 906(30661.00, 36238.00) 0(0.00, 0.00)
route 103, node_num 7, cost 1782.004000, nodes: 0(120000.00, 120000.00) 357 621 307 60 872(35631.00, 42917.00) 0(0.00, 0.00)
route 104, node_num 6, cost 767.956000, nodes: 0(120000.00, 120000.00) 4 206 515 191 0(65146.00, 65146.00)
route 105, node_num 5, cost 1375.206000, nodes: 0(120000.00, 120000.00) 464 113 433 0(21771.00, 21771.00)
route 106, node_num 6, cost 1085.490000, nodes: 0(120000.00, 120000.00) 469 285 572 324 0(42465.00, 42465.00)
route 107, node_num 6, cost 905.478000, nodes: 0(120000.00, 120000.00) 471 418 658 700 0(55323.00, 55323.00)
route 108, node_num 8, cost 746.004000, nodes: 0(120000.00, 120000.00) 473 317 204 203 289 32 0(66714.00, 66714.00)
route 109, node_num 6, cost 1381.478000, nodes: 0(120000.00, 120000.00) 397 139 531 184 0(21323.00, 21323.00)
route 110, node_num 5, cost 1422.022000, nodes: 0(120000.00, 120000.00) 478 786 156 0(18427.00, 18427.00)
route 111, node_num 6, cost 1829.198000, nodes: 0(120000.00, 120000.00) 484 187 28 817(11072.00, 21729.00) 0(0.00, 0.00)
route 112, node_num 8, cost 2100.756000, nodes: 0(120000.00, 120000.00) 488 22 563 432 496 836(3197.00, 33251.00) 0(0.00, 0.00)
route 113, node_num 4, cost 115.906000, nodes: 0(120000.00, 120000.00) 55 609 0(111721.00, 111721.00)
route 114, node_num 6, cost 1187.004000, nodes: 0(120000.00, 120000.00) 133 412 257 705 0(35214.00, 35214.00)
route 115, node_num 7, cost 1119.510000, nodes: 0(120000.00, 120000.00) 550 567 108 152 30 0(40035.00, 40035.00)
route 116, node_num 4, cost 1008.658000, nodes: 0(120000.00, 120000.00) 510 513 0(47953.00, 47953.00)
route 117, node_num 6, cost 882.924000, nodes: 0(120000.00, 120000.00) 97 659 242 180 0(56934.00, 56934.00)
route 118, node_num 8, cost 1843.758000, nodes: 0(120000.00, 120000.00) 520 136 564 90 678 877(30779.00, 42476.00) 0(0.00, 0.00)
route 119, node_num 7, cost 1619.044000, nodes: 0(120000.00, 120000.00) 298 917(87347.00, 87347.00) 523 277 539 0(4354.00, 4354.00)
route 120, node_num 7, cost 1570.058000, nodes: 0(120000.00, 120000.00) 339 530 188 666 977(50329.00, 50329.00) 0(7853.00, 7853.00)
route 121, node_num 7, cost 1169.378000, nodes: 0(120000.00, 120000.00) 533 586 486 603 508 0(36473.00, 36473.00)
route 122, node_num 6, cost 965.860000, nodes: 0(120000.00, 120000.00) 499 328 301 653 0(51010.00, 51010.00)
route 123, node_num 7, cost 1798.692000, nodes: 0(120000.00, 120000.00) 909(82478.00, 90956.00) 538 481 276 381 0(0.00, 0.00)
route 124, node_num 7, cost 481.544000, nodes: 0(120000.00, 120000.00) 460 522 361 311 725 0(85604.00, 85604.00)
route 125, node_num 7, cost 1630.062000, nodes: 0(120000.00, 120000.00) 143 502 750 462 997(30817.00, 30817.00) 0(3567.00, 3567.00)
route 126, node_num 7, cost 1151.878000, nodes: 0(120000.00, 120000.00) 17 208 569 370 41 0(37723.00, 37723.00)
route 127, node_num 5, cost 951.580000, nodes: 0(120000.00, 120000.00) 798 394 556 0(52030.00, 52030.00)
route 128, node_num 8, cost 1991.234000, nodes: 0(120000.00, 120000.00) 752 427 525 249 391 845(3671.00, 25902.00) 0(0.00, 0.00)
route 129, node_num 3, cost 180.026000, nodes: 0(120000.00, 120000.00) 636 0(107141.00, 107141.00)
route 130, node_num 8, cost 2077.152000, nodes: 0(120000.00, 120000.00) 791 672 406 49 519 908(25913.00, 54281.00) 0(0.00, 0.00)
route 131, node_num 7, cost 1590.008000, nodes: 0(120000.00, 120000.00) 578 440 9 747 814(44044.00, 44044.00) 0(6428.00, 6428.00)
route 132, node_num 4, cost 431.410000, nodes: 0(120000.00, 120000.00) 498 243 0(89185.00, 89185.00)
route 133, node_num 8, cost 1838.270000, nodes: 0(120000.00, 120000.00) 589 605 3 711 308 845(14597.00, 25902.00) 0(0.00, 0.00)
route 134, node_num 6, cost 1532.902000, nodes: 0(120000.00, 120000.00) 600 157 310 299 0(10507.00, 10507.00)
route 135, node_num 5, cost 796.922000, nodes: 0(120000.00, 120000.00) 611 68 388 0(63077.00, 63077.00)
route 136, node_num 6, cost 1557.136000, nodes: 0(120000.00, 120000.00) 612 654 202 984(48141.00, 48141.00) 0(8776.00, 8776.00)
route 137, node_num 7, cost 1667.134000, nodes: 0(120000.00, 120000.00) 613 407 596 441 925(43009.00, 43009.00) 0(919.00, 919.00)
route 138, node_num 6, cost 762.846000, nodes: 0(120000.00, 120000.00) 617 290 562 51 0(65511.00, 65511.00)
route 139, node_num 7, cost 1727.628000, nodes: 0(120000.00, 120000.00) 857(94699.00, 98101.00) 620 648 327 493 0(0.00, 0.00)
route 140, node_num 7, cost 2215.780000, nodes: 0(120000.00, 120000.00) 592 456 160 248 895(16541.00, 54811.00) 0(0.00, 0.00)
route 141, node_num 5, cost 887.992000, nodes: 0(120000.00, 120000.00) 622 793 591 0(56572.00, 56572.00)
route 142, node_num 7, cost 1781.360000, nodes: 0(120000.00, 120000.00) 726 302 467 278 878(21021.00, 28261.00) 0(0.00, 0.00)
route 143, node_num 4, cost 1129.128000, nodes: 0(120000.00, 120000.00) 625 335 0(39348.00, 39348.00)
route 144, node_num 7, cost 1388.520000, nodes: 0(120000.00, 120000.00) 628 42 267 681 85 0(20820.00, 20820.00)
route 145, node_num 7, cost 549.640000, nodes: 0(120000.00, 120000.00) 631 585 279 359 48 0(80740.00, 80740.00)
route 146, node_num 5, cost 1223.320000, nodes: 0(120000.00, 120000.00) 154 640 715 0(32620.00, 32620.00)
route 147, node_num 8, cost 1808.184000, nodes: 0(120000.00, 120000.00) 643 868(58514.00, 58514.00) 16 155 581 970(28113.00, 37269.00) 0(0.00, 0.00)
route 148, node_num 6, cost 1066.492000, nodes: 0(120000.00, 120000.00) 644 300 91 674 0(43822.00, 43822.00)
route 149, node_num 5, cost 967.078000, nodes: 0(120000.00, 120000.00) 651 79 417 0(50923.00, 50923.00)
route 150, node_num 6, cost 1428.658000, nodes: 0(120000.00, 120000.00) 655 82 244 545 0(17953.00, 17953.00)
route 151, node_num 4, cost 1560.510000, nodes: 0(120000.00, 120000.00) 540 270 0(8535.00, 8535.00)
route 152, node_num 7, cost 1674.750000, nodes: 0(120000.00, 120000.00) 683 452 179 766 826(38559.00, 38559.00) 0(375.00, 375.00)
route 153, node_num 8, cost 2308.446000, nodes: 0(120000.00, 120000.00) 869(79763.00, 87763.00) 255 583 504 275 977(5587.00, 42476.00) 0(0.00, 0.00)
route 154, node_num 7, cost 1631.798000, nodes: 0(120000.00, 120000.00) 689 447 176 839(52038.00, 52038.00) 239 0(3443.00, 3443.00)
route 155, node_num 6, cost 1628.214000, nodes: 0(120000.00, 120000.00) 699 623 779 948(28396.00, 28396.00) 0(3699.00, 3699.00)
route 156, node_num 7, cost 1721.174000, nodes: 0(120000.00, 120000.00) 702 852(79559.00, 82500.00) 241 264 414 0(0.00, 0.00)
route 157, node_num 5, cost 1378.692000, nodes: 0(120000.00, 120000.00) 704 645 396 0(21522.00, 21522.00)
route 158, node_num 7, cost 414.386000, nodes: 0(120000.00, 120000.00) 707 291 777 507 442 0(90401.00, 90401.00)
route 159, node_num 7, cost 1984.248000, nodes: 0(120000.00, 120000.00) 710 373 453 602 988(14499.00, 36231.00) 0(0.00, 0.00)
route 160, node_num 7, cost 1053.220000, nodes: 0(120000.00, 120000.00) 712 552 29 297 597 0(44770.00, 44770.00)
route 161, node_num 5, cost 636.104000, nodes: 0(120000.00, 120000.00) 31 713 130 0(74564.00, 74564.00)
route 162, node_num 6, cost 1042.244000, nodes: 0(120000.00, 120000.00) 716 209 574 345 0(45554.00, 45554.00)
route 163, node_num 7, cost 1581.062000, nodes: 0(120000.00, 120000.00) 197 40 331 774 948(31764.00, 31764.00) 0(7067.00, 7067.00)
route 164, node_num 6, cost 478.296000, nodes: 0(120000.00, 120000.00) 723 288 593 450 0(85836.00, 85836.00)
route 165, node_num 8, cost 1458.478000, nodes: 0(120000.00, 120000.00) 992(87550.00, 115550.00) 448 177 722 170 34 0(43823.00, 43823.00)
route 166, node_num 8, cost 2004.884000, nodes: 0(120000.00, 120000.00) 709 568 731 794 624 876(3245.00, 26451.00) 0(0.00, 0.00)
route 167, node_num 6, cost 1629.978000, nodes: 0(120000.00, 120000.00) 733 665 746 998(44817.00, 44817.00) 0(3573.00, 3573.00)
route 168, node_num 6, cost 1224.300000, nodes: 0(120000.00, 120000.00) 729 322 329 340 0(32550.00, 32550.00)
route 169, node_num 6, cost 1473.808000, nodes: 0(120000.00, 120000.00) 775 728 706 232 0(14728.00, 14728.00)
route 170, node_num 4, cost 659.764000, nodes: 0(120000.00, 120000.00) 635 646 0(72874.00, 72874.00)
route 171, node_num 7, cost 1559.922000, nodes: 0(120000.00, 120000.00) 756 663 112 435 979(47010.00, 47010.00) 0(8577.00, 8577.00)
route 172, node_num 7, cost 1605.954000, nodes: 0(120000.00, 120000.00) 757 509 437 135 833(18227.00, 18227.00) 0(5289.00, 5289.00)
route 173, node_num 5, cost 1044.862000, nodes: 0(120000.00, 120000.00) 377 454 601 0(45367.00, 45367.00)
route 174, node_num 7, cost 1346.688000, nodes: 0(120000.00, 120000.00) 763 742 86 344 517 0(23808.00, 23808.00)
route 175, node_num 8, cost 1853.950000, nodes: 0(120000.00, 120000.00) 765 697 120 943(81407.00, 93832.00) 754 233 0(0.00, 0.00)
route 176, node_num 6, cost 1242.570000, nodes: 0(120000.00, 120000.00) 768 741 5 800 0(31245.00, 31245.00)
route 177, node_num 6, cost 1463.294000, nodes: 0(120000.00, 120000.00) 773 590 401 217 0(15479.00, 15479.00)
route 178, node_num 7, cost 1036.938000, nodes: 0(120000.00, 120000.00) 749 210 107 434 57 0(45933.00, 45933.00)
route 179, node_num 6, cost 809.382000, nodes: 0(120000.00, 120000.00) 781 375 273 546 0(62187.00, 62187.00)
route 180, node_num 7, cost 1740.270000, nodes: 0(120000.00, 120000.00) 413 423 421 785 951(9750.00, 14055.00) 0(0.00, 0.00)
route 181, node_num 8, cost 1544.886000, nodes: 0(120000.00, 120000.00) 874(107295.00, 107295.00) 320 701 734 292 714 0(9651.00, 9651.00)
route 182, node_num 5, cost 426.230000, nodes: 0(120000.00, 120000.00) 150 532 627 0(89555.00, 89555.00)
route 183, node_num 7, cost 1589.378000, nodes: 0(120000.00, 120000.00) 173 105 778 175 948(31170.00, 31170.00) 0(6473.00, 6473.00)
route 184, node_num 5, cost 1505.252000, nodes: 0(120000.00, 120000.00) 796 671 258 0(12482.00, 12482.00)
route 185, node_num 8, cost 568.022000, nodes: 0(120000.00, 120000.00) 220 656 96 81 195 408 0(79427.00, 79427.00)
route 186, node_num 8, cost 1914.766000, nodes: 0(120000.00, 120000.00) 816(95738.00, 112507.00) 14 579 318 730 527 0(0.00, 0.00)
route 187, node_num 6, cost 1587.054000, nodes: 0(120000.00, 120000.00) 494 115 762 848(31336.00, 31336.00) 0(6639.00, 6639.00)
route 188, node_num 7, cost 1396.108000, nodes: 0(120000.00, 120000.00) 823(109240.00, 109240.00) 637 376 61 770 0(20278.00, 20278.00)
route 189, node_num 3, cost 15.596000, nodes: 0(120000.00, 120000.00) 461 0(118886.00, 118886.00)
route 190, node_num 6, cost 893.914000, nodes: 0(120000.00, 120000.00) 8 759 694 626 0(56149.00, 56149.00)
route 191, node_num 3, cost 485.072000, nodes: 0(120000.00, 120000.00) 256 0(85352.00, 85352.00)
route 192, node_num 5, cost 956.046000, nodes: 0(120000.00, 120000.00) 864(110411.00, 110411.00) 123 571 0(51711.00, 51711.00)
route 193, node_num 6, cost 970.760000, nodes: 0(120000.00, 120000.00) 535 691 492 13 0(50660.00, 50660.00)
route 194, node_num 7, cost 1598.296000, nodes: 0(120000.00, 120000.00) 885(97648.00, 97648.00) 537 485 482 652 0(5836.00, 5836.00)
route 195, node_num 4, cost 1041.306000, nodes: 0(120000.00, 120000.00) 21 274 0(45621.00, 45621.00)
route 196, node_num 8, cost 1868.958000, nodes: 0(120000.00, 120000.00) 890(82075.00, 82656.00) 506 272 251 84 882(0.00, 12916.00) 0(0.00, 0.00)
route 197, node_num 6, cost 1424.052000, nodes: 0(120000.00, 120000.00) 892(87550.00, 120000.00) 480 172 931(83397.00, 83397.00) 0(50732.00, 50732.00)
route 198, node_num 6, cost 1580.264000, nodes: 0(120000.00, 120000.00) 896(101321.00, 101321.00) 371 169 409 0(7124.00, 7124.00)
route 199, node_num 7, cost 1836.814000, nodes: 0(120000.00, 120000.00) 584 772 111 11 845(14701.00, 25902.00) 0(0.00, 0.00)
route 200, node_num 6, cost 1596.686000, nodes: 0(120000.00, 120000.00) 923(109240.00, 120000.00) 660 679 630 0(16711.00, 16711.00)
route 201, node_num 7, cost 1746.360000, nodes: 0(120000.00, 120000.00) 336 422 222 739 939(39792.00, 44532.00) 0(0.00, 0.00)
route 202, node_num 4, cost 576.142000, nodes: 0(120000.00, 120000.00) 20 348 0(78847.00, 78847.00)
route 203, node_num 7, cost 1709.694000, nodes: 0(120000.00, 120000.00) 952(81490.00, 105490.00) 595 638 380 444 0(21879.00, 21879.00)
route 204, node_num 7, cost 1673.910000, nodes: 0(120000.00, 120000.00) 957(94699.00, 98699.00) 518 125 201 870(41704.00, 41704.00) 0(4435.00, 4435.00)
route 205, node_num 6, cost 1779.750000, nodes: 0(120000.00, 120000.00) 853(84325.00, 91450.00) 404 446 696 0(0.00, 0.00)
route 206, node_num 5, cost 509.530000, nodes: 0(120000.00, 120000.00) 687 72 134 0(83605.00, 83605.00)
route 207, node_num 7, cost 1605.450000, nodes: 0(120000.00, 120000.00) 616 680 411 382 935(51097.00, 51097.00) 0(5325.00, 5325.00)
route 208, node_num 8, cost 1795.332000, nodes: 0(120000.00, 120000.00) 985(97648.00, 120000.00) 547 369 760 771 926(52298.00, 52298.00) 0(14114.00, 14114.00)
route 209, node_num 8, cost 1908.662000, nodes: 0(120000.00, 120000.00) 989(96547.00, 99942.00) 27 326 117 755 933(0.00, 12938.00) 0(0.00, 0.00)
route 210, node_num 3, cost 245.504000, nodes: 0(120000.00, 120000.00) 717 0(102464.00, 102464.00)
route 211, node_num 8, cost 1744.246000, nodes: 0(120000.00, 120000.00) 991(100789.00, 105378.00) 223 521 588 229 252 0(0.00, 0.00)
vehicle (route) number: 212
Total cost: 329672.42
329672.42, 12603.91
