Details of the solution:
route 0, node_num 8, cost 1967.910000, nodes: 0(120000.00, 120000.00) 687 117 592 128 308 1045(5337.00, 25902.00) 0(0.00, 0.00)
route 1, node_num 9, cost 1751.722000, nodes: 0(120000.00, 120000.00) 18 905 828 810 730 527 1077(37353.00, 42476.00) 0(0.00, 0.00)
route 2, node_num 7, cost 1799.280000, nodes: 0(120000.00, 120000.00) 1016(95738.00, 104258.00) 796 999 453 431 0(0.00, 0.00)
route 3, node_num 8, cost 1773.520000, nodes: 0(120000.00, 120000.00) 724 426 538 805 900 1088(29551.00, 36231.00) 0(0.00, 0.00)
route 4, node_num 7, cost 1653.260000, nodes: 0(120000.00, 120000.00) 499 481 264 257 1076(28361.00, 28361.00) 0(1910.00, 1910.00)
route 5, node_num 7, cost 1645.602000, nodes: 0(120000.00, 120000.00) 27 422 983 414 1045(28359.00, 28359.00) 0(2457.00, 2457.00)
route 6, node_num 7, cost 1667.526000, nodes: 0(120000.00, 120000.00) 855 330 307 60 1072(43808.00, 43808.00) 0(891.00, 891.00)
route 7, node_num 7, cost 1704.500000, nodes: 0(120000.00, 120000.00) 1064(110411.00, 112161.00) 205 478 241 222 0(0.00, 0.00)
route 8, node_num 9, cost 1615.278000, nodes: 0(120000.00, 120000.00) 932 839 832 54 968 275 1036(37874.00, 37874.00) 0(4623.00, 4623.00)
route 9, node_num 7, cost 1791.972000, nodes: 0(120000.00, 120000.00) 1016(95738.00, 103736.00) 506 661 272 514 0(0.00, 0.00)
route 10, node_num 8, cost 1646.932000, nodes: 0(120000.00, 120000.00) 773 326 287 276 381 1045(28264.00, 28264.00) 0(2362.00, 2362.00)
route 11, node_num 8, cost 1659.028000, nodes: 0(120000.00, 120000.00) 904 148 853 903 271 1033(14436.00, 14436.00) 0(1498.00, 1498.00)
route 12, node_num 7, cost 1683.976000, nodes: 0(120000.00, 120000.00) 859 407 760 771 1026(37900.00, 38184.00) 0(0.00, 0.00)
route 13, node_num 8, cost 1771.434000, nodes: 0(120000.00, 120000.00) 995 3 711 754 249 1045(19371.00, 25902.00) 0(0.00, 0.00)
route 14, node_num 8, cost 1759.394000, nodes: 0(120000.00, 120000.00) 801 621 302 118 583 1072(37246.00, 42917.00) 0(0.00, 0.00)
route 15, node_num 8, cost 1871.240000, nodes: 0(120000.00, 120000.00) 436 761 196 248 346 1072(29257.00, 42917.00) 0(0.00, 0.00)
route 16, node_num 8, cost 1744.624000, nodes: 0(120000.00, 120000.00) 710 373 16 806 581 1077(37860.00, 42476.00) 0(0.00, 0.00)
route 17, node_num 8, cost 1630.062000, nodes: 0(120000.00, 120000.00) 818 509 201 90 737 1036(36818.00, 36818.00) 0(3567.00, 3567.00)
route 18, node_num 6, cost 1844.038000, nodes: 0(120000.00, 120000.00) 880 547 890 1020(32893.00, 44610.00) 0(0.00, 0.00)
route 19, node_num 6, cost 1705.774000, nodes: 0(120000.00, 120000.00) 574 667 380 1088(34390.00, 36231.00) 0(0.00, 0.00)
route 20, node_num 9, cost 794.850000, nodes: 0(120000.00, 120000.00) 58 237 79 635 646 892 182 0(63225.00, 63225.00)
route 21, node_num 8, cost 1983.002000, nodes: 0(120000.00, 120000.00) 723 977 22 406 602 1036(11608.00, 33251.00) 0(0.00, 0.00)
route 22, node_num 7, cost 435.596000, nodes: 0(120000.00, 120000.00) 333 144 165 337 721 0(88886.00, 88886.00)
route 23, node_num 7, cost 1749.874000, nodes: 0(120000.00, 120000.00) 484 816 111 990 1077(37485.00, 42476.00) 0(0.00, 0.00)
route 24, node_num 7, cost 704.732000, nodes: 0(120000.00, 120000.00) 363 924 649 885 674 0(69662.00, 69662.00)
route 25, node_num 8, cost 1781.850000, nodes: 0(120000.00, 120000.00) 430 1081(91437.00, 98712.00) 455 720 847 766 0(0.00, 0.00)
route 26, node_num 7, cost 1530.494000, nodes: 0(120000.00, 120000.00) 1092(87550.00, 87550.00) 449 282 172 722 0(10679.00, 10679.00)
route 27, node_num 7, cost 1052.828000, nodes: 0(120000.00, 120000.00) 328 114 178 877 198 0(44798.00, 44798.00)
route 28, node_num 8, cost 548.240000, nodes: 0(120000.00, 120000.00) 262 451 215 690 606 614 0(80840.00, 80840.00)
route 29, node_num 7, cost 1334.732000, nodes: 0(120000.00, 120000.00) 600 945 40 701 762 0(24662.00, 24662.00)
route 30, node_num 7, cost 970.732000, nodes: 0(120000.00, 120000.00) 921 397 634 782 610 0(50662.00, 50662.00)
route 31, node_num 7, cost 1564.808000, nodes: 0(120000.00, 120000.00) 775 728 654 343 1036(41479.00, 41479.00) 0(8228.00, 8228.00)
route 32, node_num 7, cost 1622.964000, nodes: 0(120000.00, 120000.00) 419 693 9 747 462 0(4074.00, 4074.00)
route 33, node_num 7, cost 429.842000, nodes: 0(120000.00, 120000.00) 851 367 972 929 48 0(89297.00, 89297.00)
route 34, node_num 7, cost 610.806000, nodes: 0(120000.00, 120000.00) 158 895 629 384 126 0(76371.00, 76371.00)
route 35, node_num 8, cost 1501.010000, nodes: 0(120000.00, 120000.00) 78 917 750 957 435 1079(51218.00, 51218.00) 0(12785.00, 12785.00)
route 36, node_num 8, cost 1592.892000, nodes: 0(120000.00, 120000.00) 332 595 392 826 500 1088(42453.00, 42453.00) 0(6222.00, 6222.00)
route 37, node_num 8, cost 388.892000, nodes: 0(120000.00, 120000.00) 777 767 888 815 231 425 0(92222.00, 92222.00)
route 38, node_num 8, cost 833.420000, nodes: 0(120000.00, 120000.00) 38 970 926 309 790 142 0(60470.00, 60470.00)
route 39, node_num 7, cost 1105.734000, nodes: 0(120000.00, 120000.00) 580 510 902 513 10 0(41019.00, 41019.00)
route 40, node_num 7, cost 1494.346000, nodes: 0(120000.00, 120000.00) 1057(94699.00, 94699.00) 518 376 848 673 0(13261.00, 13261.00)
route 41, node_num 7, cost 1575.042000, nodes: 0(120000.00, 120000.00) 740 991 116 45 743 0(7497.00, 7497.00)
route 42, node_num 6, cost 1234.142000, nodes: 0(120000.00, 120000.00) 192 640 82 239 0(31847.00, 31847.00)
route 43, node_num 6, cost 1264.858000, nodes: 0(120000.00, 120000.00) 64 577 156 313 0(29653.00, 29653.00)
route 44, node_num 7, cost 1617.014000, nodes: 0(120000.00, 120000.00) 1053(84325.00, 84325.00) 413 277 33 401 0(4499.00, 4499.00)
route 45, node_num 7, cost 1627.262000, nodes: 0(120000.00, 120000.00) 405 280 46 696 1075(41584.00, 41584.00) 0(3767.00, 3767.00)
route 46, node_num 6, cost 509.222000, nodes: 0(120000.00, 120000.00) 31 744 718 751 0(83627.00, 83627.00)
route 47, node_num 6, cost 1480.472000, nodes: 0(120000.00, 120000.00) 168 996 457 675 0(14252.00, 14252.00)
route 48, node_num 7, cost 1651.454000, nodes: 0(120000.00, 120000.00) 997 894 643 952 1021(41266.00, 41266.00) 0(2039.00, 2039.00)
route 49, node_num 5, cost 534.730000, nodes: 0(120000.00, 120000.00) 729 256 1000 0(81805.00, 81805.00)
route 50, node_num 7, cost 1968.666000, nodes: 0(120000.00, 120000.00) 336 456 563 898 1045(5283.00, 25902.00) 0(0.00, 0.00)
route 51, node_num 8, cost 1655.626000, nodes: 0(120000.00, 120000.00) 756 650 318 657 476 1025(43831.00, 43831.00) 0(1741.00, 1741.00)
route 52, node_num 6, cost 1044.400000, nodes: 0(120000.00, 120000.00) 717 619 559 508 0(45400.00, 45400.00)
route 53, node_num 6, cost 791.154000, nodes: 0(120000.00, 120000.00) 445 598 13 641 0(63489.00, 63489.00)
route 54, node_num 7, cost 1135.722000, nodes: 0(120000.00, 120000.00) 947 366 295 267 597 0(38877.00, 38877.00)
route 55, node_num 7, cost 1038.268000, nodes: 0(120000.00, 120000.00) 798 284 557 324 34 0(45838.00, 45838.00)
route 56, node_num 8, cost 1862.980000, nodes: 0(120000.00, 120000.00) 1090(82075.00, 102075.00) 186 755 141 861 410 0(6930.00, 6930.00)
route 57, node_num 7, cost 767.424000, nodes: 0(120000.00, 120000.00) 765 377 349 273 719 0(65184.00, 65184.00)
route 58, node_num 7, cost 805.420000, nodes: 0(120000.00, 120000.00) 83 833 659 556 57 0(62470.00, 62470.00)
route 59, node_num 8, cost 1342.964000, nodes: 0(120000.00, 120000.00) 927 689 77 534 936 956 0(24074.00, 24074.00)
route 60, node_num 8, cost 982.114000, nodes: 0(120000.00, 120000.00) 789 632 236 691 492 529 0(49849.00, 49849.00)
route 61, node_num 6, cost 1383.718000, nodes: 0(120000.00, 120000.00) 259 103 565 823 0(21163.00, 21163.00)
route 62, node_num 8, cost 607.516000, nodes: 0(120000.00, 120000.00) 468 558 119 191 515 32 0(76606.00, 76606.00)
route 63, node_num 7, cost 1454.502000, nodes: 0(120000.00, 120000.00) 399 607 907 53 470 0(16107.00, 16107.00)
route 64, node_num 6, cost 423.402000, nodes: 0(120000.00, 120000.00) 294 88 279 359 0(89757.00, 89757.00)
route 65, node_num 6, cost 1485.302000, nodes: 0(120000.00, 120000.00) 36 157 913 306 0(13907.00, 13907.00)
route 66, node_num 7, cost 1572.620000, nodes: 0(120000.00, 120000.00) 429 494 390 503 1035(53442.00, 53442.00) 0(7670.00, 7670.00)
route 67, node_num 8, cost 420.616000, nodes: 0(120000.00, 120000.00) 23 615 204 985 522 501 0(89956.00, 89956.00)
route 68, node_num 7, cost 607.656000, nodes: 0(120000.00, 120000.00) 35 459 842 51 293 0(76596.00, 76596.00)
route 69, node_num 7, cost 968.604000, nodes: 0(120000.00, 120000.00) 939 787 879 647 694 0(50814.00, 50814.00)
route 70, node_num 7, cost 1245.762000, nodes: 0(120000.00, 120000.00) 986 143 61 770 180 0(31017.00, 31017.00)
route 71, node_num 8, cost 405.972000, nodes: 0(120000.00, 120000.00) 886 993 317 96 899 627 0(91002.00, 91002.00)
route 72, node_num 7, cost 396.242000, nodes: 0(120000.00, 120000.00) 631 808 662 472 398 0(91697.00, 91697.00)
route 73, node_num 6, cost 1505.686000, nodes: 0(120000.00, 120000.00) 906 447 176 163 0(12451.00, 12451.00)
route 74, node_num 7, cost 1103.494000, nodes: 0(120000.00, 120000.00) 350 345 688 21 705 0(41179.00, 41179.00)
route 75, node_num 8, cost 1482.796000, nodes: 0(120000.00, 120000.00) 809 679 776 112 73 1031(46751.00, 46751.00) 0(14086.00, 14086.00)
route 76, node_num 8, cost 1659.644000, nodes: 0(120000.00, 120000.00) 620 549 69 245 746 1098(42698.00, 42698.00) 0(1454.00, 1454.00)
route 77, node_num 7, cost 1309.924000, nodes: 0(120000.00, 120000.00) 312 263 778 779 987 0(26434.00, 26434.00)
route 78, node_num 8, cost 1890.616000, nodes: 0(120000.00, 120000.00) 255 954 561 358 881 1061(27974.00, 43018.00) 0(0.00, 0.00)
route 79, node_num 5, cost 955.934000, nodes: 0(120000.00, 120000.00) 372 454 820 0(51719.00, 51719.00)
route 80, node_num 7, cost 1557.178000, nodes: 0(120000.00, 120000.00) 52 314 706 666 1077(51249.00, 51249.00) 0(8773.00, 8773.00)
route 81, node_num 6, cost 561.344000, nodes: 0(120000.00, 120000.00) 585 130 745 72 0(79904.00, 79904.00)
route 82, node_num 7, cost 1557.388000, nodes: 0(120000.00, 120000.00) 371 369 897 493 1032(42725.00, 42725.00) 0(8758.00, 8758.00)
route 83, node_num 6, cost 1492.050000, nodes: 0(120000.00, 120000.00) 132 411 136 603 0(13425.00, 13425.00)
route 84, node_num 8, cost 1072.036000, nodes: 0(120000.00, 120000.00) 374 104 700 251 541 266 0(43426.00, 43426.00)
route 85, node_num 8, cost 1906.926000, nodes: 0(120000.00, 120000.00) 420 672 187 49 519 1036(17042.00, 33251.00) 0(0.00, 0.00)
route 86, node_num 6, cost 1278.466000, nodes: 0(120000.00, 120000.00) 981 772 154 229 0(28681.00, 28681.00)
route 87, node_num 7, cost 1454.404000, nodes: 0(120000.00, 120000.00) 628 42 71 774 938 0(16114.00, 16114.00)
route 88, node_num 7, cost 1594.488000, nodes: 0(120000.00, 120000.00) 1092(87550.00, 120000.00) 480 665 327 982 0(38558.00, 38558.00)
route 89, node_num 8, cost 910.966000, nodes: 0(120000.00, 120000.00) 716 98 120 560 943 930 0(54931.00, 54931.00)
route 90, node_num 8, cost 458.206000, nodes: 0(120000.00, 120000.00) 960 889 978 408 195 81 0(87271.00, 87271.00)
route 91, node_num 7, cost 378.434000, nodes: 0(120000.00, 120000.00) 65 92 95 203 495 0(92969.00, 92969.00)
route 92, node_num 8, cost 1597.316000, nodes: 0(120000.00, 120000.00) 321 734 865 438 785 1048(30603.00, 30603.00) 0(5906.00, 5906.00)
route 93, node_num 7, cost 1596.028000, nodes: 0(120000.00, 120000.00) 1053(84325.00, 84325.00) 582 261 678 296 0(5998.00, 5998.00)
route 94, node_num 7, cost 1600.228000, nodes: 0(120000.00, 120000.00) 699 357 467 382 1035(51470.00, 51470.00) 0(5698.00, 5698.00)
route 95, node_num 6, cost 952.266000, nodes: 0(120000.00, 120000.00) 428 922 162 532 0(51981.00, 51981.00)
route 96, node_num 8, cost 1611.596000, nodes: 0(120000.00, 120000.00) 704 579 389 497 821 1021(44113.00, 44113.00) 0(4886.00, 4886.00)
route 97, node_num 6, cost 822.738000, nodes: 0(120000.00, 120000.00) 206 351 984 365 0(61233.00, 61233.00)
route 98, node_num 6, cost 1259.538000, nodes: 0(120000.00, 120000.00) 908 193 873 344 0(30033.00, 30033.00)
route 99, node_num 6, cost 1144.472000, nodes: 0(120000.00, 120000.00) 931 320 963 145 0(38252.00, 38252.00)
route 100, node_num 7, cost 1186.570000, nodes: 0(120000.00, 120000.00) 812 797 681 63 769 0(35245.00, 35245.00)
route 101, node_num 7, cost 1401.876000, nodes: 0(120000.00, 120000.00) 362 218 458 99 482 0(19866.00, 19866.00)
route 102, node_num 8, cost 1073.814000, nodes: 0(120000.00, 120000.00) 955 550 356 553 110 30 0(43299.00, 43299.00)
route 103, node_num 7, cost 770.434000, nodes: 0(120000.00, 120000.00) 97 613 385 347 403 0(64969.00, 64969.00)
route 104, node_num 6, cost 468.076000, nodes: 0(120000.00, 120000.00) 707 656 465 725 0(86566.00, 86566.00)
route 105, node_num 7, cost 1948.814000, nodes: 0(120000.00, 120000.00) 174 432 504 496 1076(7250.00, 26451.00) 0(0.00, 0.00)
route 106, node_num 6, cost 455.406000, nodes: 0(120000.00, 120000.00) 533 586 348 164 0(87471.00, 87471.00)
route 107, node_num 6, cost 1426.474000, nodes: 0(120000.00, 120000.00) 122 967 882 799 0(18109.00, 18109.00)
route 108, node_num 8, cost 895.048000, nodes: 0(120000.00, 120000.00) 227 608 166 736 171 854 0(56068.00, 56068.00)
route 109, node_num 8, cost 923.370000, nodes: 0(120000.00, 120000.00) 228 283 763 24 639 626 0(54045.00, 54045.00)
route 110, node_num 7, cost 1515.486000, nodes: 0(120000.00, 120000.00) 989 685 802 539 962 0(11751.00, 11751.00)
route 111, node_num 6, cost 1443.638000, nodes: 0(120000.00, 120000.00) 75 807 630 170 0(16883.00, 16883.00)
route 112, node_num 6, cost 1348.718000, nodes: 0(120000.00, 120000.00) 133 655 211 217 0(23663.00, 23663.00)
route 113, node_num 7, cost 1470.784000, nodes: 0(120000.00, 120000.00) 752 43 783 87 652 0(14944.00, 14944.00)
route 114, node_num 7, cost 728.378000, nodes: 0(120000.00, 120000.00) 20 298 749 670 546 0(67973.00, 67973.00)
route 115, node_num 8, cost 1645.070000, nodes: 0(120000.00, 120000.00) 1085(97648.00, 97648.00) 105 623 50 94 849 0(2495.00, 2495.00)
route 116, node_num 8, cost 1576.904000, nodes: 0(120000.00, 120000.00) 511 354 555 221 416 1064(13725.00, 13725.00) 0(7364.00, 7364.00)
route 117, node_num 7, cost 1134.854000, nodes: 0(120000.00, 120000.00) 814 265 400 633 84 0(38939.00, 38939.00)
route 118, node_num 8, cost 1740.718000, nodes: 0(120000.00, 120000.00) 230 423 421 483 233 1035(41435.00, 45772.00) 0(0.00, 0.00)
route 119, node_num 7, cost 1091.104000, nodes: 0(120000.00, 120000.00) 247 274 252 715 2 0(42064.00, 42064.00)
route 120, node_num 8, cost 1993.530000, nodes: 0(120000.00, 120000.00) 781 841 731 794 624 1076(4056.00, 26451.00) 0(0.00, 0.00)
route 121, node_num 8, cost 1578.836000, nodes: 0(120000.00, 120000.00) 1085(97648.00, 97648.00) 537 19 485 175 278 0(7226.00, 7226.00)
route 122, node_num 9, cost 638.204000, nodes: 0(120000.00, 120000.00) 824 93 183 980 361 311 819 0(74414.00, 74414.00)
route 123, node_num 8, cost 905.198000, nodes: 0(120000.00, 120000.00) 946 876 59 544 618 323 0(55343.00, 55343.00)
route 124, node_num 6, cost 598.500000, nodes: 0(120000.00, 120000.00) 44 290 727 835 0(77250.00, 77250.00)
route 125, node_num 6, cost 526.288000, nodes: 0(120000.00, 120000.00) 857 129 100 941 0(82408.00, 82408.00)
route 126, node_num 5, cost 897.246000, nodes: 0(120000.00, 120000.00) 535 368 664 0(55911.00, 55911.00)
route 127, node_num 7, cost 1256.276000, nodes: 0(120000.00, 120000.00) 520 486 758 642 474 0(30266.00, 30266.00)
route 128, node_num 8, cost 1443.988000, nodes: 0(120000.00, 120000.00) 1057(94699.00, 94699.00) 920 66 86 466 232 0(16858.00, 16858.00)
route 129, node_num 7, cost 695.198000, nodes: 0(120000.00, 120000.00) 461 4 695 870 668 0(70343.00, 70343.00)
route 130, node_num 8, cost 1574.958000, nodes: 0(120000.00, 120000.00) 916 910 638 444 739 1036(40754.00, 40754.00) 0(7503.00, 7503.00)
route 131, node_num 7, cost 759.626000, nodes: 0(120000.00, 120000.00) 811 488 813 708 106 0(65741.00, 65741.00)
route 132, node_num 8, cost 1738.212000, nodes: 0(120000.00, 120000.00) 959 568 304 856 325 1084(35207.00, 39365.00) 0(0.00, 0.00)
route 133, node_num 7, cost 369.516000, nodes: 0(120000.00, 120000.00) 516 477 573 570 47 0(93606.00, 93606.00)
route 134, node_num 7, cost 805.924000, nodes: 0(120000.00, 120000.00) 55 935 490 994 692 0(62434.00, 62434.00)
route 135, node_num 6, cost 1428.840000, nodes: 0(120000.00, 120000.00) 464 919 437 686 0(17940.00, 17940.00)
route 136, node_num 7, cost 1282.694000, nodes: 0(120000.00, 120000.00) 788 896 863 531 830 0(28379.00, 28379.00)
route 137, node_num 6, cost 994.014000, nodes: 0(120000.00, 120000.00) 303 567 387 948 0(48999.00, 48999.00)
route 138, node_num 7, cost 1012.830000, nodes: 0(120000.00, 120000.00) 197 682 234 91 375 0(47655.00, 47655.00)
route 139, node_num 7, cost 1107.134000, nodes: 0(120000.00, 120000.00) 791 335 146 417 748 0(40919.00, 40919.00)
route 140, node_num 6, cost 370.566000, nodes: 0(120000.00, 120000.00) 226 364 288 240 0(93531.00, 93531.00)
route 141, node_num 6, cost 933.422000, nodes: 0(120000.00, 120000.00) 8 301 310 67 0(53327.00, 53327.00)
route 142, node_num 6, cost 1463.462000, nodes: 0(120000.00, 120000.00) 448 992 554 243 0(15467.00, 15467.00)
route 143, node_num 7, cost 1542.310000, nodes: 0(120000.00, 120000.00) 637 915 502 684 109 0(9835.00, 9835.00)
route 144, node_num 7, cost 1013.474000, nodes: 0(120000.00, 120000.00) 341 975 297 379 235 0(47609.00, 47609.00)
route 145, node_num 5, cost 1312.024000, nodes: 0(120000.00, 120000.00) 177 452 703 0(26284.00, 26284.00)
route 146, node_num 7, cost 1216.306000, nodes: 0(120000.00, 120000.00) 825 169 850 604 409 0(33121.00, 33121.00)
route 147, node_num 6, cost 1312.080000, nodes: 0(120000.00, 120000.00) 837 584 590 378 0(26280.00, 26280.00)
route 148, node_num 6, cost 1213.338000, nodes: 0(120000.00, 120000.00) 190 127 340 601 0(33333.00, 33333.00)
route 149, node_num 6, cost 716.170000, nodes: 0(120000.00, 120000.00) 702 208 26 121 0(68845.00, 68845.00)
route 150, node_num 7, cost 1543.430000, nodes: 0(120000.00, 120000.00) 578 395 575 840 1098(50999.00, 50999.00) 0(9755.00, 9755.00)
route 151, node_num 5, cost 1123.234000, nodes: 0(120000.00, 120000.00) 843 253 836 0(39769.00, 39769.00)
route 152, node_num 8, cost 1113.938000, nodes: 0(120000.00, 120000.00) 199 268 147 764 370 41 0(40433.00, 40433.00)
route 153, node_num 7, cost 1109.500000, nodes: 0(120000.00, 120000.00) 338 883 874 329 299 0(40750.00, 40750.00)
route 154, node_num 8, cost 1613.542000, nodes: 0(120000.00, 120000.00) 1043(90980.00, 90980.00) 238 961 250 505 933 0(4747.00, 4747.00)
route 155, node_num 7, cost 1606.360000, nodes: 0(120000.00, 120000.00) 726 352 669 463 1080(40188.00, 40188.00) 0(5260.00, 5260.00)
route 156, node_num 6, cost 804.300000, nodes: 0(120000.00, 120000.00) 611 68 388 852 0(62550.00, 62550.00)
route 157, node_num 7, cost 1088.752000, nodes: 0(120000.00, 120000.00) 875 412 159 925 804 0(42232.00, 42232.00)
route 158, node_num 7, cost 1500.800000, nodes: 0(120000.00, 120000.00) 866 864 523 973 891 0(12800.00, 12800.00)
route 159, node_num 7, cost 585.942000, nodes: 0(120000.00, 120000.00) 124 713 988 914 593 0(78147.00, 78147.00)
route 160, node_num 7, cost 1455.902000, nodes: 0(120000.00, 120000.00) 965 869 909 37 964 0(16007.00, 16007.00)
route 161, node_num 7, cost 1380.988000, nodes: 0(120000.00, 120000.00) 189 887 923 179 316 0(21358.00, 21358.00)
route 162, node_num 6, cost 507.584000, nodes: 0(120000.00, 120000.00) 439 591 450 134 0(83744.00, 83744.00)
route 163, node_num 4, cost 265.188000, nodes: 0(120000.00, 120000.00) 150 912 0(101058.00, 101058.00)
route 164, node_num 6, cost 1580.404000, nodes: 0(120000.00, 120000.00) 1044(106638.00, 106638.00) 733 281 862 0(7114.00, 7114.00)
route 165, node_num 6, cost 1104.418000, nodes: 0(120000.00, 120000.00) 62 339 530 735 0(41113.00, 41113.00)
route 166, node_num 7, cost 1715.322000, nodes: 0(120000.00, 120000.00) 829 663 441 596 1025(39567.00, 42090.00) 0(0.00, 0.00)
route 167, node_num 6, cost 482.664000, nodes: 0(120000.00, 120000.00) 498 792 161 795 0(85524.00, 85524.00)
route 168, node_num 7, cost 1460.354000, nodes: 0(120000.00, 120000.00) 625 1 966 202 780 0(15689.00, 15689.00)
route 169, node_num 6, cost 1082.564000, nodes: 0(120000.00, 120000.00) 768 605 594 152 0(42674.00, 42674.00)
route 170, node_num 6, cost 1537.606000, nodes: 0(120000.00, 120000.00) 70 286 676 213 0(10171.00, 10171.00)
route 171, node_num 8, cost 368.410000, nodes: 0(120000.00, 120000.00) 473 460 291 489 636 39 0(93685.00, 93685.00)
route 172, node_num 8, cost 1964.690000, nodes: 0(120000.00, 120000.00) 617 427 525 160 11 1045(5567.00, 25902.00) 0(0.00, 0.00)
route 173, node_num 6, cost 1277.598000, nodes: 0(120000.00, 120000.00) 138 137 564 753 0(28743.00, 28743.00)
route 174, node_num 6, cost 651.056000, nodes: 0(120000.00, 120000.00) 17 540 491 7 0(73496.00, 73496.00)
route 175, node_num 8, cost 1010.086000, nodes: 0(120000.00, 120000.00) 386 216 942 658 15 254 0(47851.00, 47851.00)
route 176, node_num 6, cost 732.662000, nodes: 0(120000.00, 120000.00) 471 418 937 242 0(67667.00, 67667.00)
route 177, node_num 6, cost 1311.520000, nodes: 0(120000.00, 120000.00) 415 113 517 433 0(26320.00, 26320.00)
route 178, node_num 7, cost 1594.628000, nodes: 0(120000.00, 120000.00) 1085(97648.00, 97648.00) 732 173 115 878 0(6098.00, 6098.00)
route 179, node_num 7, cost 1087.198000, nodes: 0(120000.00, 120000.00) 149 151 25 512 958 0(42343.00, 42343.00)
route 180, node_num 7, cost 1624.854000, nodes: 0(120000.00, 120000.00) 223 588 521 817 1010(47136.00, 47136.00) 0(3939.00, 3939.00)
route 181, node_num 8, cost 1078.784000, nodes: 0(120000.00, 120000.00) 793 571 976 528 784 353 0(42944.00, 42944.00)
route 182, node_num 8, cost 1519.980000, nodes: 0(120000.00, 120000.00) 260 394 979 440 214 1032(45397.00, 45397.00) 0(11430.00, 11430.00)
route 183, node_num 8, cost 1781.416000, nodes: 0(120000.00, 120000.00) 1016(95738.00, 103738.00) 404 918 207 548 391 0(756.00, 756.00)
route 184, node_num 7, cost 897.680000, nodes: 0(120000.00, 120000.00) 860 322 300 759 587 0(55880.00, 55880.00)
route 185, node_num 6, cost 964.964000, nodes: 0(120000.00, 120000.00) 651 576 940 536 0(51074.00, 51074.00)
route 186, node_num 6, cost 1008.532000, nodes: 0(120000.00, 120000.00) 901 131 834 258 0(47962.00, 47962.00)
route 187, node_num 8, cost 1557.528000, nodes: 0(120000.00, 120000.00) 845 246 858 331 526 1061(51766.00, 51766.00) 0(8748.00, 8748.00)
route 188, node_num 8, cost 1282.820000, nodes: 0(120000.00, 120000.00) 872 742 80 867 434 838 0(28370.00, 28370.00)
route 189, node_num 6, cost 1110.662000, nodes: 0(120000.00, 120000.00) 469 871 285 572 0(40667.00, 40667.00)
route 190, node_num 7, cost 1546.846000, nodes: 0(120000.00, 120000.00) 14 270 125 155 1006(45749.00, 45749.00) 0(9511.00, 9511.00)
route 191, node_num 7, cost 1483.804000, nodes: 0(120000.00, 120000.00) 1064(110411.00, 120000.00) 123 224 355 212 0(23603.00, 23603.00)
route 192, node_num 6, cost 1577.982000, nodes: 0(120000.00, 120000.00) 315 446 475 12 0(7287.00, 7287.00)
route 193, node_num 6, cost 1271.606000, nodes: 0(120000.00, 120000.00) 712 599 402 949 0(29171.00, 29171.00)
route 194, node_num 6, cost 460.558000, nodes: 0(120000.00, 120000.00) 219 396 566 487 0(87103.00, 87103.00)
route 195, node_num 8, cost 1169.616000, nodes: 0(120000.00, 120000.00) 644 738 139 5 800 545 0(36456.00, 36456.00)
route 196, node_num 7, cost 1063.916000, nodes: 0(120000.00, 120000.00) 225 951 107 424 543 0(44006.00, 44006.00)
route 197, node_num 8, cost 1486.898000, nodes: 0(120000.00, 120000.00) 660 645 911 698 342 1032(47760.00, 47760.00) 0(13793.00, 13793.00)
route 198, node_num 7, cost 1100.512000, nodes: 0(120000.00, 120000.00) 102 831 827 85 928 0(41392.00, 41392.00)
route 199, node_num 6, cost 1479.254000, nodes: 0(120000.00, 120000.00) 612 786 934 135 0(14339.00, 14339.00)
route 200, node_num 7, cost 941.332000, nodes: 0(120000.00, 120000.00) 868 108 383 677 507 0(52762.00, 52762.00)
route 201, node_num 8, cost 625.940000, nodes: 0(120000.00, 120000.00) 969 181 953 153 479 200 0(75290.00, 75290.00)
route 202, node_num 6, cost 779.324000, nodes: 0(120000.00, 120000.00) 185 140 846 884 0(64334.00, 64334.00)
route 203, node_num 6, cost 266.560000, nodes: 0(120000.00, 120000.00) 944 220 89 442 0(100960.00, 100960.00)
route 204, node_num 7, cost 1457.064000, nodes: 0(120000.00, 120000.00) 188 671 998 524 28 0(15924.00, 15924.00)
route 205, node_num 7, cost 1353.156000, nodes: 0(120000.00, 120000.00) 709 757 76 184 101 0(23346.00, 23346.00)
route 206, node_num 6, cost 1250.116000, nodes: 0(120000.00, 120000.00) 305 6 950 244 0(30706.00, 30706.00)
route 207, node_num 5, cost 918.918000, nodes: 0(120000.00, 120000.00) 269 210 974 0(54363.00, 54363.00)
route 208, node_num 8, cost 1533.308000, nodes: 0(120000.00, 120000.00) 683 648 56 167 194 1014(48094.00, 48094.00) 0(10478.00, 10478.00)
route 209, node_num 7, cost 640.150000, nodes: 0(120000.00, 120000.00) 971 443 334 74 393 0(74275.00, 74275.00)
route 210, node_num 8, cost 896.994000, nodes: 0(120000.00, 120000.00) 893 360 569 319 209 697 0(55929.00, 55929.00)
route 211, node_num 7, cost 498.862000, nodes: 0(120000.00, 120000.00) 551 542 589 289 609 0(84367.00, 84367.00)
route 212, node_num 7, cost 1086.512000, nodes: 0(120000.00, 120000.00) 622 29 552 803 562 0(42392.00, 42392.00)
route 213, node_num 5, cost 1058.834000, nodes: 0(120000.00, 120000.00) 822 741 653 0(44369.00, 44369.00)
route 214, node_num 8, cost 1605.058000, nodes: 0(120000.00, 120000.00) 616 680 844 292 714 1075(43170.00, 43170.00) 0(5353.00, 5353.00)
vehicle (route) number: 215
Total cost: 325780.40
329694.62, 32705.98
328358.42, 32409.57
325989.16, 32428.59
325780.40, 32437.95
329265.93, 32428.11
331758.65, 32618.45
332165.48, 32410.30
329851.39, 32419.87
329294.59, 32430.91
333710.30, 32402.55
