Details of the solution:
route 0, node_num 6, cost 1366.876000, nodes: 0(120000.00, 120000.00) 22 432 729 385 0(22366.00, 22366.00)
route 1, node_num 8, cost 2002.728000, nodes: 0(120000.00, 120000.00) 841 431 128 960 209 1047(26146.00, 49198.00) 0(0.00, 0.00)
route 2, node_num 6, cost 230.258000, nodes: 0(120000.00, 120000.00) 891 398 201 808 0(103553.00, 103553.00)
route 3, node_num 6, cost 1311.184000, nodes: 0(120000.00, 120000.00) 587 768 315 30 0(26344.00, 26344.00)
route 4, node_num 5, cost 276.766000, nodes: 0(120000.00, 120000.00) 829 311 462 0(100231.00, 100231.00)
route 5, node_num 7, cost 522.886000, nodes: 0(120000.00, 120000.00) 778 675 280 206 342 0(82651.00, 82651.00)
route 6, node_num 7, cost 1058.974000, nodes: 0(120000.00, 120000.00) 131 386 690 397 448 0(44359.00, 44359.00)
route 7, node_num 8, cost 1551.242000, nodes: 0(120000.00, 120000.00) 411 259 894 639 159 1023(13711.00, 13711.00) 0(9197.00, 9197.00)
route 8, node_num 8, cost 1505.028000, nodes: 0(120000.00, 120000.00) 594 574 698 723 463 1003(21613.00, 21613.00) 0(12498.00, 12498.00)
route 9, node_num 8, cost 1719.158000, nodes: 0(120000.00, 120000.00) 541 418 512 613 83 1023(1717.00, 4514.00) 0(0.00, 0.00)
route 10, node_num 8, cost 480.158000, nodes: 0(120000.00, 120000.00) 869 357 70 212 938 14 0(85703.00, 85703.00)
route 11, node_num 5, cost 457.100000, nodes: 0(120000.00, 120000.00) 124 654 943 0(87350.00, 87350.00)
route 12, node_num 5, cost 981.484000, nodes: 0(120000.00, 120000.00) 415 144 547 0(49894.00, 49894.00)
route 13, node_num 5, cost 150.878000, nodes: 0(120000.00, 120000.00) 603 327 286 0(109223.00, 109223.00)
route 14, node_num 7, cost 1315.804000, nodes: 0(120000.00, 120000.00) 543 953 252 607 165 0(26014.00, 26014.00)
route 15, node_num 7, cost 554.806000, nodes: 0(120000.00, 120000.00) 728 919 241 451 306 0(80371.00, 80371.00)
route 16, node_num 8, cost 1851.010000, nodes: 0(120000.00, 120000.00) 362 601 709 291 378 1077(7808.00, 20023.00) 0(0.00, 0.00)
route 17, node_num 7, cost 960.610000, nodes: 0(120000.00, 120000.00) 713 18 763 493 275 0(51385.00, 51385.00)
route 18, node_num 7, cost 1661.184000, nodes: 0(120000.00, 120000.00) 1021(81946.00, 113946.00) 245 832 62 487 0(33344.00, 33344.00)
route 19, node_num 7, cost 1153.824000, nodes: 0(120000.00, 120000.00) 627 298 262 714 416 0(37584.00, 37584.00)
route 20, node_num 7, cost 524.118000, nodes: 0(120000.00, 120000.00) 568 268 360 336 216 0(82563.00, 82563.00)
route 21, node_num 8, cost 1655.738000, nodes: 0(120000.00, 120000.00) 615 629 756 477 194 1064(21067.00, 21067.00) 0(1733.00, 1733.00)
route 22, node_num 8, cost 1549.170000, nodes: 0(120000.00, 120000.00) 1021(81946.00, 101946.00) 593 854 584 412 224 0(29345.00, 29345.00)
route 23, node_num 8, cost 488.418000, nodes: 0(120000.00, 120000.00) 824 967 838 467 964 458 0(85113.00, 85113.00)
route 24, node_num 7, cost 696.122000, nodes: 0(120000.00, 120000.00) 341 441 301 993 98 0(70277.00, 70277.00)
route 25, node_num 5, cost 743.694000, nodes: 0(120000.00, 120000.00) 328 776 956 0(66879.00, 66879.00)
route 26, node_num 7, cost 632.856000, nodes: 0(120000.00, 120000.00) 326 46 707 865 140 0(74796.00, 74796.00)
route 27, node_num 7, cost 612.332000, nodes: 0(120000.00, 120000.00) 450 582 826 384 300 0(76262.00, 76262.00)
route 28, node_num 8, cost 1711.682000, nodes: 0(120000.00, 120000.00) 1024(78004.00, 106004.00) 950 972 208 494 562 0(25737.00, 25737.00)
route 29, node_num 8, cost 1631.056000, nodes: 0(120000.00, 120000.00) 204 339 821 251 693 1098(21339.00, 21339.00) 0(3496.00, 3496.00)
route 30, node_num 7, cost 1134.462000, nodes: 0(120000.00, 120000.00) 604 651 481 857 122 0(38967.00, 38967.00)
route 31, node_num 7, cost 542.584000, nodes: 0(120000.00, 120000.00) 907 445 221 354 634 0(81244.00, 81244.00)
route 32, node_num 5, cost 876.764000, nodes: 0(120000.00, 120000.00) 565 17 169 0(57374.00, 57374.00)
route 33, node_num 8, cost 1564.248000, nodes: 0(120000.00, 120000.00) 1021(81946.00, 81946.00) 814 437 998 550 921 0(8268.00, 8268.00)
route 34, node_num 7, cost 958.930000, nodes: 0(120000.00, 120000.00) 999 190 345 237 320 0(51505.00, 51505.00)
route 35, node_num 8, cost 1286.586000, nodes: 0(120000.00, 120000.00) 955 726 962 959 484 631 0(28101.00, 28101.00)
route 36, node_num 7, cost 1802.472000, nodes: 0(120000.00, 120000.00) 1077(102343.00, 111091.00) 80 460 989 236 0(0.00, 0.00)
route 37, node_num 8, cost 1517.082000, nodes: 0(120000.00, 120000.00) 706 680 609 219 50 1061(16123.00, 16123.00) 0(11637.00, 11637.00)
route 38, node_num 7, cost 1677.704000, nodes: 0(120000.00, 120000.00) 885 816 549 984 577 0(164.00, 164.00)
route 39, node_num 6, cost 718.872000, nodes: 0(120000.00, 120000.00) 403 970 853 846 0(68652.00, 68652.00)
route 40, node_num 7, cost 443.968000, nodes: 0(120000.00, 120000.00) 247 502 82 189 12 0(88288.00, 88288.00)
route 41, node_num 9, cost 1727.082000, nodes: 0(120000.00, 120000.00) 755 26 684 29 701 176 1056(20015.00, 23378.00) 0(0.00, 0.00)
route 42, node_num 6, cost 651.210000, nodes: 0(120000.00, 120000.00) 261 605 775 705 0(73485.00, 73485.00)
route 43, node_num 8, cost 1672.468000, nodes: 0(120000.00, 120000.00) 497 101 329 125 34 1003(9653.00, 9653.00) 0(538.00, 538.00)
route 44, node_num 7, cost 1266.300000, nodes: 0(120000.00, 120000.00) 174 653 349 937 370 0(29550.00, 29550.00)
route 45, node_num 7, cost 964.026000, nodes: 0(120000.00, 120000.00) 496 806 304 647 949 0(51141.00, 51141.00)
route 46, node_num 8, cost 1625.064000, nodes: 0(120000.00, 120000.00) 1024(78004.00, 120000.00) 669 229 915 134 265 0(45920.00, 45920.00)
route 47, node_num 6, cost 766.724000, nodes: 0(120000.00, 120000.00) 473 930 655 804 0(65234.00, 65234.00)
route 48, node_num 6, cost 1279.614000, nodes: 0(120000.00, 120000.00) 57 620 358 649 0(28599.00, 28599.00)
route 49, node_num 6, cost 1100.638000, nodes: 0(120000.00, 120000.00) 867 332 888 94 0(41383.00, 41383.00)
route 50, node_num 8, cost 1493.912000, nodes: 0(120000.00, 120000.00) 1021(81946.00, 120000.00) 878 890 862 849 911 0(51346.00, 51346.00)
route 51, node_num 7, cost 1496.516000, nodes: 0(120000.00, 120000.00) 571 534 742 365 624 0(13106.00, 13106.00)
route 52, node_num 8, cost 1770.426000, nodes: 0(120000.00, 120000.00) 1030(107152.00, 113611.00) 558 355 652 923 900 0(0.00, 0.00)
route 53, node_num 9, cost 1930.502000, nodes: 0(120000.00, 120000.00) 1030(107152.00, 107152.00) 223 368 527 491 281 1011(29651.00, 47544.00) 0(0.00, 0.00)
route 54, node_num 8, cost 1673.392000, nodes: 0(120000.00, 120000.00) 788 132 743 429 45 1061(4958.00, 4958.00) 0(472.00, 472.00)
route 55, node_num 6, cost 1156.260000, nodes: 0(120000.00, 120000.00) 119 305 981 187 0(37410.00, 37410.00)
route 56, node_num 7, cost 929.950000, nodes: 0(120000.00, 120000.00) 882 765 109 457 1000 0(53575.00, 53575.00)
route 57, node_num 5, cost 696.654000, nodes: 0(120000.00, 120000.00) 772 786 9 0(70239.00, 70239.00)
route 58, node_num 8, cost 925.078000, nodes: 0(120000.00, 120000.00) 774 472 19 423 254 783 0(53923.00, 53923.00)
route 59, node_num 7, cost 592.802000, nodes: 0(120000.00, 120000.00) 266 453 939 994 906 0(77657.00, 77657.00)
route 60, node_num 8, cost 1457.260000, nodes: 0(120000.00, 120000.00) 1021(81946.00, 81946.00) 485 700 750 436 866 0(15910.00, 15910.00)
route 61, node_num 7, cost 1294.300000, nodes: 0(120000.00, 120000.00) 731 40 592 887 376 0(27550.00, 27550.00)
route 62, node_num 8, cost 1636.936000, nodes: 0(120000.00, 120000.00) 1024(78004.00, 82004.00) 746 350 276 13 934 0(7076.00, 7076.00)
route 63, node_num 8, cost 963.564000, nodes: 0(120000.00, 120000.00) 532 792 486 240 945 36 0(51174.00, 51174.00)
route 64, node_num 9, cost 1788.136000, nodes: 0(120000.00, 120000.00) 1030(107152.00, 107152.00) 120 988 215 182 871 1003(1391.00, 9115.00) 0(0.00, 0.00)
route 65, node_num 8, cost 820.372000, nodes: 0(120000.00, 120000.00) 621 195 490 110 115 733 0(61402.00, 61402.00)
route 66, node_num 8, cost 707.196000, nodes: 0(120000.00, 120000.00) 612 796 270 156 670 61 0(69486.00, 69486.00)
route 67, node_num 8, cost 1658.958000, nodes: 0(120000.00, 120000.00) 1024(78004.00, 114004.00) 691 507 747 794 856 0(37503.00, 37503.00)
route 68, node_num 4, cost 98.364000, nodes: 0(120000.00, 120000.00) 347 455 0(112974.00, 112974.00)
route 69, node_num 8, cost 1701.154000, nodes: 0(120000.00, 120000.00) 1024(78004.00, 106004.00) 619 812 104 54 325 0(26489.00, 26489.00)
route 70, node_num 8, cost 1641.290000, nodes: 0(120000.00, 120000.00) 454 319 831 51 66 1023(7279.00, 7279.00) 0(2765.00, 2765.00)
route 71, node_num 6, cost 544.712000, nodes: 0(120000.00, 120000.00) 544 514 459 968 0(81092.00, 81092.00)
route 72, node_num 7, cost 1034.152000, nodes: 0(120000.00, 120000.00) 898 168 815 908 886 0(46132.00, 46132.00)
route 73, node_num 7, cost 1217.524000, nodes: 0(120000.00, 120000.00) 539 183 444 407 932 0(33034.00, 33034.00)
route 74, node_num 7, cost 1378.608000, nodes: 0(120000.00, 120000.00) 126 546 15 112 346 0(21528.00, 21528.00)
route 75, node_num 6, cost 310.352000, nodes: 0(120000.00, 120000.00) 338 561 310 501 0(97832.00, 97832.00)
route 76, node_num 5, cost 1566.656000, nodes: 0(120000.00, 120000.00) 694 426 610 0(8096.00, 8096.00)
route 77, node_num 5, cost 821.408000, nodes: 0(120000.00, 120000.00) 762 340 271 0(61328.00, 61328.00)
route 78, node_num 8, cost 1418.452000, nodes: 0(120000.00, 120000.00) 614 535 809 979 28 741 0(18682.00, 18682.00)
route 79, node_num 7, cost 1090.152000, nodes: 0(120000.00, 120000.00) 618 767 528 552 702 0(42132.00, 42132.00)
route 80, node_num 7, cost 1493.296000, nodes: 0(120000.00, 120000.00) 68 232 334 180 773 0(13336.00, 13336.00)
route 81, node_num 7, cost 1277.318000, nodes: 0(120000.00, 120000.00) 566 222 492 954 401 0(28763.00, 28763.00)
route 82, node_num 6, cost 1063.524000, nodes: 0(120000.00, 120000.00) 863 689 711 399 0(44034.00, 44034.00)
route 83, node_num 8, cost 1046.052000, nodes: 0(120000.00, 120000.00) 475 210 538 548 127 205 0(45282.00, 45282.00)
route 84, node_num 7, cost 1660.050000, nodes: 0(120000.00, 120000.00) 1024(78004.00, 120000.00) 449 85 439 207 0(43421.00, 43421.00)
route 85, node_num 6, cost 811.440000, nodes: 0(120000.00, 120000.00) 296 312 961 674 0(62040.00, 62040.00)
route 86, node_num 8, cost 1673.980000, nodes: 0(120000.00, 120000.00) 1003(111689.00, 111689.00) 966 149 33 32 47 0(430.00, 430.00)
route 87, node_num 8, cost 874.370000, nodes: 0(120000.00, 120000.00) 640 860 807 823 597 77 0(57545.00, 57545.00)
route 88, node_num 4, cost 375.074000, nodes: 0(120000.00, 120000.00) 295 314 0(93209.00, 93209.00)
route 89, node_num 7, cost 1178.716000, nodes: 0(120000.00, 120000.00) 154 446 777 152 138 0(35806.00, 35806.00)
route 90, node_num 5, cost 877.534000, nodes: 0(120000.00, 120000.00) 136 2 81 0(57319.00, 57319.00)
route 91, node_num 8, cost 1653.708000, nodes: 0(120000.00, 120000.00) 1030(107152.00, 107152.00) 681 91 5 129 503 0(1878.00, 1878.00)
route 92, node_num 6, cost 945.910000, nodes: 0(120000.00, 120000.00) 899 646 641 724 0(52435.00, 52435.00)
route 93, node_num 6, cost 1079.414000, nodes: 0(120000.00, 120000.00) 146 422 363 364 0(42899.00, 42899.00)
route 94, node_num 7, cost 1255.226000, nodes: 0(120000.00, 120000.00) 166 569 287 508 371 0(30341.00, 30341.00)
route 95, node_num 6, cost 1602.510000, nodes: 0(120000.00, 120000.00) 757 356 941 260 0(5535.00, 5535.00)
route 96, node_num 5, cost 720.258000, nodes: 0(120000.00, 120000.00) 545 813 3 0(68553.00, 68553.00)
route 97, node_num 6, cost 860.188000, nodes: 0(120000.00, 120000.00) 367 819 406 164 0(58558.00, 58558.00)
route 98, node_num 7, cost 1713.236000, nodes: 0(120000.00, 120000.00) 1024(78004.00, 80378.00) 926 874 214 540 0(0.00, 0.00)
route 99, node_num 7, cost 1698.032000, nodes: 0(120000.00, 120000.00) 1030(107152.00, 108440.00) 16 996 504 827 0(0.00, 0.00)
route 100, node_num 6, cost 804.608000, nodes: 0(120000.00, 120000.00) 21 93 851 343 0(62528.00, 62528.00)
route 101, node_num 5, cost 1231.300000, nodes: 0(120000.00, 120000.00) 235 163 277 0(32050.00, 32050.00)
route 102, node_num 6, cost 1049.440000, nodes: 0(120000.00, 120000.00) 595 388 588 599 0(45040.00, 45040.00)
route 103, node_num 7, cost 1062.376000, nodes: 0(120000.00, 120000.00) 740 754 447 10 184 0(44116.00, 44116.00)
route 104, node_num 7, cost 1090.530000, nodes: 0(120000.00, 120000.00) 510 737 922 975 366 0(42105.00, 42105.00)
route 105, node_num 7, cost 1031.240000, nodes: 0(120000.00, 120000.00) 760 991 438 20 53 0(46340.00, 46340.00)
route 106, node_num 8, cost 1733.886000, nodes: 0(120000.00, 120000.00) 102 625 881 79 805 1077(16174.00, 20023.00) 0(0.00, 0.00)
route 107, node_num 8, cost 951.230000, nodes: 0(120000.00, 120000.00) 716 471 56 642 417 983 0(52055.00, 52055.00)
route 108, node_num 8, cost 1650.474000, nodes: 0(120000.00, 120000.00) 160 452 181 616 148 1023(6623.00, 6623.00) 0(2109.00, 2109.00)
route 109, node_num 5, cost 570.542000, nodes: 0(120000.00, 120000.00) 499 942 498 0(79247.00, 79247.00)
route 110, node_num 7, cost 812.728000, nodes: 0(120000.00, 120000.00) 255 524 108 413 817 0(61948.00, 61948.00)
route 111, node_num 6, cost 1092.014000, nodes: 0(120000.00, 120000.00) 55 904 645 687 0(41999.00, 41999.00)
route 112, node_num 9, cost 876.792000, nodes: 0(120000.00, 120000.00) 671 830 985 297 910 72 844 0(57372.00, 57372.00)
route 113, node_num 8, cost 1553.426000, nodes: 0(120000.00, 120000.00) 987 402 330 529 679 1003(18156.00, 18156.00) 0(9041.00, 9041.00)
route 114, node_num 5, cost 884.170000, nodes: 0(120000.00, 120000.00) 889 769 203 0(56845.00, 56845.00)
route 115, node_num 7, cost 1636.544000, nodes: 0(120000.00, 120000.00) 1077(102343.00, 120000.00) 555 316 474 656 0(20761.00, 20761.00)
route 116, node_num 8, cost 1692.866000, nodes: 0(120000.00, 120000.00) 797 470 850 748 73 1077(19104.00, 20023.00) 0(0.00, 0.00)
route 117, node_num 7, cost 842.576000, nodes: 0(120000.00, 120000.00) 290 736 495 282 404 0(59816.00, 59816.00)
route 118, node_num 7, cost 815.570000, nodes: 0(120000.00, 120000.00) 228 581 563 117 837 0(61745.00, 61745.00)
route 119, node_num 6, cost 1333.934000, nodes: 0(120000.00, 120000.00) 442 258 600 253 0(24719.00, 24719.00)
route 120, node_num 6, cost 1003.870000, nodes: 0(120000.00, 120000.00) 430 759 520 658 0(48295.00, 48295.00)
route 121, node_num 7, cost 1664.670000, nodes: 0(120000.00, 120000.00) 1024(78004.00, 78004.00) 198 720 800 425 0(1095.00, 1095.00)
route 122, node_num 7, cost 1320.956000, nodes: 0(120000.00, 120000.00) 522 990 623 456 105 0(25646.00, 25646.00)
route 123, node_num 7, cost 1204.168000, nodes: 0(120000.00, 120000.00) 633 688 699 965 113 0(33988.00, 33988.00)
route 124, node_num 5, cost 501.914000, nodes: 0(120000.00, 120000.00) 784 23 556 0(84149.00, 84149.00)
route 125, node_num 8, cost 1659.770000, nodes: 0(120000.00, 120000.00) 1030(107152.00, 107152.00) 779 892 802 895 697 0(1445.00, 1445.00)
route 126, node_num 6, cost 846.846000, nodes: 0(120000.00, 120000.00) 217 196 63 324 0(59511.00, 59511.00)
route 127, node_num 5, cost 1257.494000, nodes: 0(120000.00, 120000.00) 870 803 650 0(30179.00, 30179.00)
route 128, node_num 7, cost 1405.222000, nodes: 0(120000.00, 120000.00) 289 293 167 722 608 0(19627.00, 19627.00)
route 129, node_num 7, cost 1237.810000, nodes: 0(120000.00, 120000.00) 409 935 738 269 278 0(31585.00, 31585.00)
route 130, node_num 7, cost 1516.046000, nodes: 0(120000.00, 120000.00) 883 89 810 48 798 0(11711.00, 11711.00)
route 131, node_num 7, cost 1377.712000, nodes: 0(120000.00, 120000.00) 31 318 897 761 695 0(21592.00, 21592.00)
route 132, node_num 7, cost 1076.026000, nodes: 0(120000.00, 120000.00) 178 86 630 500 590 0(43141.00, 43141.00)
route 133, node_num 7, cost 961.548000, nodes: 0(120000.00, 120000.00) 536 657 933 509 660 0(51318.00, 51318.00)
route 134, node_num 5, cost 1125.782000, nodes: 0(120000.00, 120000.00) 843 331 97 0(39587.00, 39587.00)
route 135, node_num 7, cost 1694.518000, nodes: 0(120000.00, 120000.00) 1021(81946.00, 82983.00) 141 896 958 414 0(0.00, 0.00)
route 136, node_num 5, cost 844.844000, nodes: 0(120000.00, 120000.00) 288 335 559 0(59654.00, 59654.00)
route 137, node_num 7, cost 1288.854000, nodes: 0(120000.00, 120000.00) 876 352 884 396 947 0(27939.00, 27939.00)
route 138, node_num 7, cost 1623.384000, nodes: 0(120000.00, 120000.00) 1024(78004.00, 106004.00) 644 143 944 107 0(32044.00, 32044.00)
route 139, node_num 5, cost 1569.890000, nodes: 0(120000.00, 120000.00) 992 99 710 0(7865.00, 7865.00)
route 140, node_num 9, cost 1557.024000, nodes: 0(120000.00, 120000.00) 158 861 974 523 677 782 1081(46033.00, 46033.00) 0(8784.00, 8784.00)
route 141, node_num 7, cost 1438.892000, nodes: 0(120000.00, 120000.00) 303 1 308 835 771 0(17222.00, 17222.00)
route 142, node_num 7, cost 1608.754000, nodes: 0(120000.00, 120000.00) 789 825 686 202 667 0(5089.00, 5089.00)
route 143, node_num 7, cost 1068.032000, nodes: 0(120000.00, 120000.00) 175 8 957 121 130 0(43712.00, 43712.00)
route 144, node_num 7, cost 1475.866000, nodes: 0(120000.00, 120000.00) 321 696 637 575 59 0(14581.00, 14581.00)
route 145, node_num 6, cost 1267.168000, nodes: 0(120000.00, 120000.00) 533 220 554 785 0(29488.00, 29488.00)
route 146, node_num 7, cost 1066.058000, nodes: 0(120000.00, 120000.00) 38 973 606 58 836 0(43853.00, 43853.00)
route 147, node_num 8, cost 1227.912000, nodes: 0(120000.00, 120000.00) 24 795 893 845 952 95 0(32292.00, 32292.00)
route 148, node_num 7, cost 1618.946000, nodes: 0(120000.00, 120000.00) 1024(78004.00, 120000.00) 735 483 106 818 0(46357.00, 46357.00)
route 149, node_num 7, cost 935.242000, nodes: 0(120000.00, 120000.00) 739 734 299 410 663 0(53197.00, 53197.00)
route 150, node_num 6, cost 1107.288000, nodes: 0(120000.00, 120000.00) 913 443 842 405 0(40908.00, 40908.00)
route 151, node_num 7, cost 1182.622000, nodes: 0(120000.00, 120000.00) 171 801 567 717 170 0(35527.00, 35527.00)
route 152, node_num 6, cost 1591.170000, nodes: 0(120000.00, 120000.00) 511 408 525 191 0(6345.00, 6345.00)
route 153, node_num 7, cost 1838.088000, nodes: 0(120000.00, 120000.00) 924 162 292 730 1077(8731.00, 20023.00) 0(0.00, 0.00)
route 154, node_num 7, cost 1007.720000, nodes: 0(120000.00, 120000.00) 116 820 901 71 361 0(48020.00, 48020.00)
route 155, node_num 7, cost 1710.576000, nodes: 0(120000.00, 120000.00) 1030(107152.00, 109336.00) 585 435 264 521 0(0.00, 0.00)
route 156, node_num 8, cost 1468.796000, nodes: 0(120000.00, 120000.00) 137 576 537 323 283 1098(32929.00, 32929.00) 0(15086.00, 15086.00)
route 157, node_num 4, cost 1220.940000, nodes: 0(120000.00, 120000.00) 193 69 0(32790.00, 32790.00)
route 158, node_num 6, cost 1666.658000, nodes: 0(120000.00, 120000.00) 564 744 233 466 0(953.00, 953.00)
route 159, node_num 6, cost 981.470000, nodes: 0(120000.00, 120000.00) 249 880 678 359 0(49895.00, 49895.00)
route 160, node_num 6, cost 513.212000, nodes: 0(120000.00, 120000.00) 583 142 858 153 0(83342.00, 83342.00)
route 161, node_num 7, cost 1463.028000, nodes: 0(120000.00, 120000.00) 790 719 622 872 638 0(15498.00, 15498.00)
route 162, node_num 8, cost 1304.618000, nodes: 0(120000.00, 120000.00) 133 914 199 226 506 916 0(26813.00, 26813.00)
route 163, node_num 6, cost 1609.188000, nodes: 0(120000.00, 120000.00) 648 348 526 369 0(5058.00, 5058.00)
route 164, node_num 6, cost 1706.530000, nodes: 0(120000.00, 120000.00) 1030(107152.00, 109047.00) 791 186 751 0(0.00, 0.00)
route 165, node_num 7, cost 1435.462000, nodes: 0(120000.00, 120000.00) 100 238 560 834 248 0(17467.00, 17467.00)
route 166, node_num 6, cost 1343.398000, nodes: 0(120000.00, 120000.00) 480 997 764 766 0(24043.00, 24043.00)
route 167, node_num 6, cost 1233.526000, nodes: 0(120000.00, 120000.00) 213 591 676 665 0(31891.00, 31891.00)
route 168, node_num 5, cost 657.538000, nodes: 0(120000.00, 120000.00) 551 419 469 0(73033.00, 73033.00)
route 169, node_num 8, cost 1243.998000, nodes: 0(120000.00, 120000.00) 135 793 517 49 392 661 0(31143.00, 31143.00)
route 170, node_num 7, cost 1097.502000, nodes: 0(120000.00, 120000.00) 382 877 103 632 307 0(41607.00, 41607.00)
route 171, node_num 7, cost 1532.664000, nodes: 0(120000.00, 120000.00) 513 951 92 118 75 0(10524.00, 10524.00)
route 172, node_num 7, cost 1276.240000, nodes: 0(120000.00, 120000.00) 267 940 617 11 643 0(28840.00, 28840.00)
route 173, node_num 6, cost 1005.018000, nodes: 0(120000.00, 120000.00) 822 239 389 35 0(48213.00, 48213.00)
route 174, node_num 7, cost 906.850000, nodes: 0(120000.00, 120000.00) 333 628 685 257 573 0(55225.00, 55225.00)
route 175, node_num 6, cost 1652.896000, nodes: 0(120000.00, 120000.00) 635 476 151 721 0(1936.00, 1936.00)
route 176, node_num 6, cost 1299.760000, nodes: 0(120000.00, 120000.00) 393 515 250 242 0(27160.00, 27160.00)
route 177, node_num 7, cost 1614.914000, nodes: 0(120000.00, 120000.00) 284 969 428 668 1064(23983.00, 23983.00) 0(4649.00, 4649.00)
route 178, node_num 7, cost 1143.884000, nodes: 0(120000.00, 120000.00) 90 421 489 518 580 0(38294.00, 38294.00)
route 179, node_num 7, cost 1171.506000, nodes: 0(120000.00, 120000.00) 596 811 39 42 111 0(36321.00, 36321.00)
route 180, node_num 8, cost 1425.718000, nodes: 0(120000.00, 120000.00) 294 482 572 905 840 995 0(18163.00, 18163.00)
route 181, node_num 6, cost 1232.140000, nodes: 0(120000.00, 120000.00) 912 864 60 390 0(31990.00, 31990.00)
route 182, node_num 6, cost 1451.814000, nodes: 0(120000.00, 120000.00) 982 980 828 712 0(16299.00, 16299.00)
route 183, node_num 8, cost 1563.870000, nodes: 0(120000.00, 120000.00) 1021(81946.00, 113946.00) 230 683 67 570 752 0(40295.00, 40295.00)
route 184, node_num 8, cost 1340.920000, nodes: 0(120000.00, 120000.00) 161 925 172 909 279 875 0(24220.00, 24220.00)
route 185, node_num 5, cost 1429.582000, nodes: 0(120000.00, 120000.00) 395 197 185 0(17887.00, 17887.00)
route 186, node_num 7, cost 1129.114000, nodes: 0(120000.00, 120000.00) 672 931 978 929 192 0(39349.00, 39349.00)
route 187, node_num 6, cost 1628.928000, nodes: 0(120000.00, 120000.00) 1021(81946.00, 105946.00) 478 420 787 0(27648.00, 27648.00)
route 188, node_num 6, cost 1405.922000, nodes: 0(120000.00, 120000.00) 848 322 78 531 0(19577.00, 19577.00)
route 189, node_num 7, cost 667.016000, nodes: 0(120000.00, 120000.00) 659 557 375 37 758 0(72356.00, 72356.00)
route 190, node_num 6, cost 909.678000, nodes: 0(120000.00, 120000.00) 732 188 833 88 0(55023.00, 55023.00)
route 191, node_num 6, cost 733.124000, nodes: 0(120000.00, 120000.00) 218 879 353 65 0(67634.00, 67634.00)
route 192, node_num 6, cost 1377.278000, nodes: 0(120000.00, 120000.00) 662 177 200 274 0(21623.00, 21623.00)
route 193, node_num 6, cost 1268.680000, nodes: 0(120000.00, 120000.00) 383 799 530 76 0(29380.00, 29380.00)
route 194, node_num 6, cost 797.608000, nodes: 0(120000.00, 120000.00) 855 387 25 374 0(63028.00, 63028.00)
route 195, node_num 7, cost 1019.438000, nodes: 0(120000.00, 120000.00) 246 351 505 781 434 0(47183.00, 47183.00)
route 196, node_num 7, cost 950.908000, nodes: 0(120000.00, 120000.00) 44 27 272 74 464 0(52078.00, 52078.00)
route 197, node_num 6, cost 1103.452000, nodes: 0(120000.00, 120000.00) 52 87 313 317 0(41182.00, 41182.00)
route 198, node_num 7, cost 1295.112000, nodes: 0(120000.00, 120000.00) 173 64 936 977 381 0(27492.00, 27492.00)
route 199, node_num 7, cost 1045.982000, nodes: 0(120000.00, 120000.00) 703 664 927 479 227 0(45287.00, 45287.00)
route 200, node_num 7, cost 1049.258000, nodes: 0(120000.00, 120000.00) 123 971 725 225 263 0(45053.00, 45053.00)
route 201, node_num 5, cost 861.308000, nodes: 0(120000.00, 120000.00) 673 946 578 0(58478.00, 58478.00)
route 202, node_num 7, cost 1129.688000, nodes: 0(120000.00, 120000.00) 147 400 302 611 873 0(39308.00, 39308.00)
route 203, node_num 7, cost 1623.160000, nodes: 0(120000.00, 120000.00) 917 41 43 244 1003(13175.00, 13175.00) 0(4060.00, 4060.00)
route 204, node_num 6, cost 1475.936000, nodes: 0(120000.00, 120000.00) 465 948 516 770 0(14576.00, 14576.00)
route 205, node_num 8, cost 1579.788000, nodes: 0(120000.00, 120000.00) 150 986 145 868 589 1081(44407.00, 44407.00) 0(7158.00, 7158.00)
route 206, node_num 6, cost 1349.782000, nodes: 0(120000.00, 120000.00) 963 918 586 902 0(23587.00, 23587.00)
route 207, node_num 6, cost 1398.082000, nodes: 0(120000.00, 120000.00) 84 337 273 718 0(20137.00, 20137.00)
route 208, node_num 6, cost 1428.952000, nodes: 0(120000.00, 120000.00) 139 285 373 749 0(17932.00, 17932.00)
route 209, node_num 7, cost 868.350000, nodes: 0(120000.00, 120000.00) 692 708 4 380 234 0(57975.00, 57975.00)
route 210, node_num 6, cost 1302.700000, nodes: 0(120000.00, 120000.00) 231 859 179 211 0(26950.00, 26950.00)
route 211, node_num 7, cost 1308.650000, nodes: 0(120000.00, 120000.00) 928 372 666 243 852 0(26525.00, 26525.00)
route 212, node_num 7, cost 1099.364000, nodes: 0(120000.00, 120000.00) 7 715 780 256 903 0(41474.00, 41474.00)
route 213, node_num 6, cost 1285.298000, nodes: 0(120000.00, 120000.00) 553 377 542 114 0(28193.00, 28193.00)
route 214, node_num 7, cost 1485.750000, nodes: 0(120000.00, 120000.00) 682 753 519 155 1061(18361.00, 18361.00) 0(13875.00, 13875.00)
route 215, node_num 6, cost 1077.384000, nodes: 0(120000.00, 120000.00) 626 468 727 379 0(43044.00, 43044.00)
route 216, node_num 6, cost 1089.718000, nodes: 0(120000.00, 120000.00) 6 394 579 920 0(42163.00, 42163.00)
route 217, node_num 5, cost 904.988000, nodes: 0(120000.00, 120000.00) 598 344 976 0(55358.00, 55358.00)
route 218, node_num 6, cost 1466.108000, nodes: 0(120000.00, 120000.00) 461 427 433 157 0(15278.00, 15278.00)
route 219, node_num 6, cost 1446.004000, nodes: 0(120000.00, 120000.00) 424 309 440 839 0(16714.00, 16714.00)
route 220, node_num 6, cost 1353.940000, nodes: 0(120000.00, 120000.00) 847 704 96 488 0(23290.00, 23290.00)
route 221, node_num 6, cost 842.814000, nodes: 0(120000.00, 120000.00) 745 391 636 602 0(59799.00, 59799.00)
vehicle (route) number: 222
Total cost: 332560.65
417318.54, 32594.81
386521.34, 32474.65
366110.57, 32402.27
332560.65, 32450.51
335807.91, 32428.39
Details of the solution:
route 0, node_num 5, cost 1454.040000, nodes: 0(120000.00, 120000.00) 100 986 79 0(16140.00, 16140.00)
route 1, node_num 7, cost 1738.002000, nodes: 0(120000.00, 120000.00) 1030(107152.00, 111295.00) 591 355 923 491 0(0.00, 0.00)
route 2, node_num 7, cost 1654.632000, nodes: 0(120000.00, 120000.00) 1077(102343.00, 120000.00) 160 145 742 764 0(19469.00, 19469.00)
route 3, node_num 8, cost 1662.682000, nodes: 0(120000.00, 120000.00) 966 791 476 151 71 1023(5751.00, 5751.00) 0(1237.00, 1237.00)
route 4, node_num 8, cost 1596.238000, nodes: 0(120000.00, 120000.00) 1021(81946.00, 89946.00) 470 319 857 219 921 0(13983.00, 13983.00)
route 5, node_num 7, cost 962.766000, nodes: 0(120000.00, 120000.00) 822 139 759 417 599 0(51231.00, 51231.00)
route 6, node_num 6, cost 1104.796000, nodes: 0(120000.00, 120000.00) 422 627 22 253 0(41086.00, 41086.00)
route 7, node_num 7, cost 1707.608000, nodes: 0(120000.00, 120000.00) 917 512 613 83 1023(2542.00, 4514.00) 0(0.00, 0.00)
route 8, node_num 7, cost 1739.864000, nodes: 0(120000.00, 120000.00) 553 163 960 41 1023(238.00, 4514.00) 0(0.00, 0.00)
route 9, node_num 7, cost 1523.634000, nodes: 0(120000.00, 120000.00) 1098(102863.00, 102863.00) 991 339 251 72 0(11169.00, 11169.00)
route 10, node_num 8, cost 1598.534000, nodes: 0(120000.00, 120000.00) 987 534 433 529 679 1003(14934.00, 14934.00) 0(5819.00, 5819.00)
route 11, node_num 6, cost 999.236000, nodes: 0(120000.00, 120000.00) 288 335 598 509 0(48626.00, 48626.00)
route 12, node_num 8, cost 1742.202000, nodes: 0(120000.00, 120000.00) 1024(78004.00, 94004.00) 635 85 494 827 562 0(11557.00, 11557.00)
route 13, node_num 6, cost 1069.236000, nodes: 0(120000.00, 120000.00) 367 819 976 234 0(43626.00, 43626.00)
route 14, node_num 7, cost 1775.354000, nodes: 0(120000.00, 120000.00) 594 292 209 730 1077(13212.00, 20023.00) 0(0.00, 0.00)
route 15, node_num 6, cost 1604.232000, nodes: 0(120000.00, 120000.00) 619 872 639 363 0(5412.00, 5412.00)
route 16, node_num 7, cost 1744.442000, nodes: 0(120000.00, 120000.00) 1024(78004.00, 120000.00) 735 517 952 844 0(37393.00, 37393.00)
route 17, node_num 5, cost 743.750000, nodes: 0(120000.00, 120000.00) 713 858 153 0(66875.00, 66875.00)
route 18, node_num 7, cost 1798.384000, nodes: 0(120000.00, 120000.00) 415 555 805 380 1003(659.00, 9115.00) 0(0.00, 0.00)
route 19, node_num 8, cost 1773.912000, nodes: 0(120000.00, 120000.00) 543 633 601 709 378 1077(13315.00, 20023.00) 0(0.00, 0.00)
route 20, node_num 7, cost 1442.812000, nodes: 0(120000.00, 120000.00) 16 252 717 456 105 0(16942.00, 16942.00)
route 21, node_num 7, cost 1325.800000, nodes: 0(120000.00, 120000.00) 341 769 954 96 346 0(25300.00, 25300.00)
route 22, node_num 8, cost 1475.824000, nodes: 0(120000.00, 120000.00) 848 322 78 723 463 1003(23699.00, 23699.00) 0(14584.00, 14584.00)
route 23, node_num 6, cost 967.428000, nodes: 0(120000.00, 120000.00) 6 116 520 956 0(50898.00, 50898.00)
route 24, node_num 8, cost 1680.994000, nodes: 0(120000.00, 120000.00) 1021(81946.00, 120000.00) 245 683 67 477 589 0(37983.00, 37983.00)
route 25, node_num 6, cost 1262.968000, nodes: 0(120000.00, 120000.00) 662 200 274 888 0(29788.00, 29788.00)
route 26, node_num 6, cost 959.854000, nodes: 0(120000.00, 120000.00) 541 522 801 87 0(51439.00, 51439.00)
route 27, node_num 7, cost 1329.818000, nodes: 0(120000.00, 120000.00) 175 596 780 575 59 0(25013.00, 25013.00)
route 28, node_num 7, cost 1432.704000, nodes: 0(120000.00, 120000.00) 348 432 525 909 390 0(17664.00, 17664.00)
route 29, node_num 8, cost 1619.688000, nodes: 0(120000.00, 120000.00) 1021(81946.00, 113946.00) 230 437 756 194 787 0(36308.00, 36308.00)
route 30, node_num 7, cost 886.718000, nodes: 0(120000.00, 120000.00) 774 736 451 343 306 0(56663.00, 56663.00)
route 31, node_num 7, cost 1359.078000, nodes: 0(120000.00, 120000.00) 147 971 447 10 798 0(22923.00, 22923.00)
route 32, node_num 8, cost 1715.672000, nodes: 0(120000.00, 120000.00) 757 356 329 29 900 1003(6567.00, 9115.00) 0(0.00, 0.00)
route 33, node_num 7, cost 1691.102000, nodes: 0(120000.00, 120000.00) 171 408 944 233 1003(8322.00, 9115.00) 0(0.00, 0.00)
route 34, node_num 7, cost 1704.444000, nodes: 0(120000.00, 120000.00) 1024(78004.00, 120000.00) 644 915 276 425 0(40250.00, 40250.00)
route 35, node_num 6, cost 846.510000, nodes: 0(120000.00, 120000.00) 296 312 254 783 0(59535.00, 59535.00)
route 36, node_num 6, cost 808.094000, nodes: 0(120000.00, 120000.00) 255 496 958 9 0(62279.00, 62279.00)
route 37, node_num 7, cost 1607.088000, nodes: 0(120000.00, 120000.00) 284 523 698 570 1003(14323.00, 14323.00) 0(5208.00, 5208.00)
route 38, node_num 8, cost 1000.454000, nodes: 0(120000.00, 120000.00) 963 4 299 410 641 663 0(48539.00, 48539.00)
route 39, node_num 7, cost 939.106000, nodes: 0(120000.00, 120000.00) 673 423 946 493 559 0(52921.00, 52921.00)
route 40, node_num 7, cost 490.938000, nodes: 0(120000.00, 120000.00) 671 830 985 297 354 0(84933.00, 84933.00)
route 41, node_num 7, cost 620.494000, nodes: 0(120000.00, 120000.00) 907 357 23 270 670 0(75679.00, 75679.00)
route 42, node_num 9, cost 1771.000000, nodes: 0(120000.00, 120000.00) 755 26 162 291 701 176 1056(16878.00, 23378.00) 0(0.00, 0.00)
route 43, node_num 7, cost 1303.498000, nodes: 0(120000.00, 120000.00) 52 843 859 552 721 0(26893.00, 26893.00)
route 44, node_num 5, cost 1470.392000, nodes: 0(120000.00, 120000.00) 492 883 676 0(14972.00, 14972.00)
route 45, node_num 8, cost 1705.816000, nodes: 0(120000.00, 120000.00) 564 744 452 684 125 1023(2670.00, 4514.00) 0(0.00, 0.00)
route 46, node_num 7, cost 831.404000, nodes: 0(120000.00, 120000.00) 174 173 936 206 342 0(60614.00, 60614.00)
route 47, node_num 8, cost 1042.846000, nodes: 0(120000.00, 120000.00) 450 532 655 108 945 763 0(45511.00, 45511.00)
route 48, node_num 6, cost 1456.056000, nodes: 0(120000.00, 120000.00) 424 309 440 531 0(15996.00, 15996.00)
route 49, node_num 6, cost 1186.262000, nodes: 0(120000.00, 120000.00) 332 101 248 766 0(35267.00, 35267.00)
route 50, node_num 7, cost 804.734000, nodes: 0(120000.00, 120000.00) 544 762 37 405 187 0(62519.00, 62519.00)
route 51, node_num 6, cost 1337.490000, nodes: 0(120000.00, 120000.00) 289 293 167 464 0(24465.00, 24465.00)
route 52, node_num 6, cost 927.262000, nodes: 0(120000.00, 120000.00) 740 190 345 320 0(53767.00, 53767.00)
route 53, node_num 6, cost 796.264000, nodes: 0(120000.00, 120000.00) 21 93 851 201 0(63124.00, 63124.00)
route 54, node_num 7, cost 1502.550000, nodes: 0(120000.00, 120000.00) 480 427 43 244 1003(21790.00, 21790.00) 0(12675.00, 12675.00)
route 55, node_num 6, cost 1528.338000, nodes: 0(120000.00, 120000.00) 80 285 315 30 0(10833.00, 10833.00)
route 56, node_num 7, cost 795.270000, nodes: 0(120000.00, 120000.00) 855 195 490 110 12 0(63195.00, 63195.00)
route 57, node_num 7, cost 1493.002000, nodes: 0(120000.00, 120000.00) 235 753 519 155 1061(17843.00, 17843.00) 0(13357.00, 13357.00)
route 58, node_num 6, cost 507.990000, nodes: 0(120000.00, 120000.00) 280 441 469 189 0(83715.00, 83715.00)
route 59, node_num 7, cost 1783.712000, nodes: 0(120000.00, 120000.00) 1024(78004.00, 85412.00) 926 5 460 45 0(0.00, 0.00)
route 60, node_num 7, cost 1991.598000, nodes: 0(120000.00, 120000.00) 158 128 373 875 1044(19934.00, 42191.00) 0(0.00, 0.00)
route 61, node_num 5, cost 946.106000, nodes: 0(120000.00, 120000.00) 899 820 81 0(52421.00, 52421.00)
route 62, node_num 7, cost 1281.924000, nodes: 0(120000.00, 120000.00) 935 377 542 11 164 0(28434.00, 28434.00)
route 63, node_num 7, cost 1579.382000, nodes: 0(120000.00, 120000.00) 585 104 856 54 1092(29378.00, 29378.00) 0(7187.00, 7187.00)
route 64, node_num 6, cost 1234.646000, nodes: 0(120000.00, 120000.00) 222 258 60 111 0(31811.00, 31811.00)
route 65, node_num 7, cost 1011.332000, nodes: 0(120000.00, 120000.00) 889 351 505 833 203 0(47762.00, 47762.00)
route 66, node_num 6, cost 1330.210000, nodes: 0(120000.00, 120000.00) 461 574 677 157 0(24985.00, 24985.00)
route 67, node_num 6, cost 545.538000, nodes: 0(120000.00, 120000.00) 728 919 241 462 0(81033.00, 81033.00)
route 68, node_num 6, cost 1069.334000, nodes: 0(120000.00, 120000.00) 626 468 727 660 0(43619.00, 43619.00)
route 69, node_num 7, cost 1116.850000, nodes: 0(120000.00, 120000.00) 536 690 699 172 317 0(40225.00, 40225.00)
route 70, node_num 7, cost 236.026000, nodes: 0(120000.00, 120000.00) 583 829 603 327 286 0(103141.00, 103141.00)
route 71, node_num 6, cost 1348.074000, nodes: 0(120000.00, 120000.00) 719 892 802 76 0(23709.00, 23709.00)
route 72, node_num 7, cost 1089.340000, nodes: 0(120000.00, 120000.00) 261 931 617 508 371 0(42190.00, 42190.00)
route 73, node_num 6, cost 1041.824000, nodes: 0(120000.00, 120000.00) 473 930 409 687 0(45584.00, 45584.00)
route 74, node_num 3, cost 78.400000, nodes: 0(120000.00, 120000.00) 455 0(114400.00, 114400.00)
route 75, node_num 7, cost 1144.920000, nodes: 0(120000.00, 120000.00) 267 406 929 486 192 0(38220.00, 38220.00)
route 76, node_num 8, cost 1631.448000, nodes: 0(120000.00, 120000.00) 1024(78004.00, 78004.00) 696 812 810 208 622 0(3468.00, 3468.00)
route 77, node_num 7, cost 757.624000, nodes: 0(120000.00, 120000.00) 640 605 775 654 705 0(65884.00, 65884.00)
route 78, node_num 6, cost 1569.666000, nodes: 0(120000.00, 120000.00) 595 418 941 170 0(7881.00, 7881.00)
route 79, node_num 7, cost 848.652000, nodes: 0(120000.00, 120000.00) 266 471 56 628 724 0(59382.00, 59382.00)
route 80, node_num 6, cost 1604.876000, nodes: 0(120000.00, 120000.00) 694 99 710 667 0(5366.00, 5366.00)
route 81, node_num 6, cost 1330.574000, nodes: 0(120000.00, 120000.00) 973 331 337 718 0(24959.00, 24959.00)
route 82, node_num 6, cost 1430.296000, nodes: 0(120000.00, 120000.00) 768 948 260 191 0(17836.00, 17836.00)
route 83, node_num 7, cost 535.024000, nodes: 0(120000.00, 120000.00) 778 675 459 968 758 0(81784.00, 81784.00)
route 84, node_num 7, cost 1838.480000, nodes: 0(120000.00, 120000.00) 431 652 474 656 1011(36224.00, 47544.00) 0(0.00, 0.00)
route 85, node_num 7, cost 1568.602000, nodes: 0(120000.00, 120000.00) 1024(78004.00, 90004.00) 449 950 747 741 0(19957.00, 19957.00)
route 86, node_num 8, cost 1154.776000, nodes: 0(120000.00, 120000.00) 154 282 495 18 961 674 0(37516.00, 37516.00)
route 87, node_num 9, cost 1583.988000, nodes: 0(120000.00, 120000.00) 706 680 862 849 51 66 1023(11372.00, 11372.00) 0(6858.00, 6858.00)
route 88, node_num 6, cost 958.748000, nodes: 0(120000.00, 120000.00) 867 806 184 74 0(51518.00, 51518.00)
route 89, node_num 6, cost 747.376000, nodes: 0(120000.00, 120000.00) 218 879 353 359 0(66616.00, 66616.00)
route 90, node_num 6, cost 623.560000, nodes: 0(120000.00, 120000.00) 545 499 942 360 0(75460.00, 75460.00)
route 91, node_num 8, cost 1305.962000, nodes: 0(120000.00, 120000.00) 955 533 554 722 866 631 0(26717.00, 26717.00)
route 92, node_num 6, cost 1142.890000, nodes: 0(120000.00, 120000.00) 672 615 682 114 0(38365.00, 38365.00)
route 93, node_num 6, cost 1313.872000, nodes: 0(120000.00, 120000.00) 400 665 650 873 0(26152.00, 26152.00)
route 94, node_num 8, cost 559.524000, nodes: 0(120000.00, 120000.00) 338 445 221 634 458 212 0(80034.00, 80034.00)
route 95, node_num 6, cost 719.936000, nodes: 0(120000.00, 120000.00) 772 786 3 578 0(68576.00, 68576.00)
route 96, node_num 6, cost 1239.980000, nodes: 0(120000.00, 120000.00) 928 372 225 263 0(31430.00, 31430.00)
route 97, node_num 7, cost 1498.518000, nodes: 0(120000.00, 120000.00) 1021(81946.00, 81946.00) 878 421 489 404 0(12963.00, 12963.00)
route 98, node_num 6, cost 1328.880000, nodes: 0(120000.00, 120000.00) 992 69 761 399 0(25080.00, 25080.00)
route 99, node_num 6, cost 331.562000, nodes: 0(120000.00, 120000.00) 347 498 336 733 0(96317.00, 96317.00)
route 100, node_num 7, cost 1637.846000, nodes: 0(120000.00, 120000.00) 861 832 420 782 1081(40260.00, 40260.00) 0(3011.00, 3011.00)
route 101, node_num 8, cost 1744.820000, nodes: 0(120000.00, 120000.00) 204 981 816 937 693 1098(13213.00, 17843.00) 0(0.00, 0.00)
route 102, node_num 7, cost 1090.530000, nodes: 0(120000.00, 120000.00) 510 737 922 975 366 0(42105.00, 42105.00)
route 103, node_num 5, cost 1499.442000, nodes: 0(120000.00, 120000.00) 402 330 177 0(12897.00, 12897.00)
route 104, node_num 7, cost 1611.176000, nodes: 0(120000.00, 120000.00) 1024(78004.00, 120000.00) 229 439 794 521 0(46912.00, 46912.00)
route 105, node_num 7, cost 1179.808000, nodes: 0(120000.00, 120000.00) 388 925 567 688 113 0(35728.00, 35728.00)
route 106, node_num 7, cost 1323.840000, nodes: 0(120000.00, 120000.00) 220 726 962 959 376 0(25440.00, 25440.00)
route 107, node_num 7, cost 883.988000, nodes: 0(120000.00, 120000.00) 268 217 826 434 590 0(56858.00, 56858.00)
route 108, node_num 6, cost 1418.858000, nodes: 0(120000.00, 120000.00) 294 620 358 572 0(18653.00, 18653.00)
route 109, node_num 7, cost 1276.772000, nodes: 0(120000.00, 120000.00) 393 515 250 712 773 0(28802.00, 28802.00)
route 110, node_num 6, cost 923.734000, nodes: 0(120000.00, 120000.00) 776 344 933 379 0(54019.00, 54019.00)
route 111, node_num 9, cost 1722.196000, nodes: 0(120000.00, 120000.00) 411 795 323 283 159 28 1003(6101.00, 9115.00) 0(0.00, 0.00)
route 112, node_num 6, cost 690.578000, nodes: 0(120000.00, 120000.00) 913 970 375 88 0(70673.00, 70673.00)
route 113, node_num 6, cost 949.158000, nodes: 0(120000.00, 120000.00) 813 657 588 237 0(52203.00, 52203.00)
route 114, node_num 7, cost 1099.000000, nodes: 0(120000.00, 120000.00) 382 860 645 518 580 0(41500.00, 41500.00)
route 115, node_num 7, cost 864.962000, nodes: 0(120000.00, 120000.00) 55 807 823 597 77 0(58217.00, 58217.00)
route 116, node_num 7, cost 1556.184000, nodes: 0(120000.00, 120000.00) 90 924 238 560 834 0(8844.00, 8844.00)
route 117, node_num 7, cost 1581.902000, nodes: 0(120000.00, 120000.00) 482 797 287 1000 1003(16122.00, 16122.00) 0(7007.00, 7007.00)
route 118, node_num 6, cost 970.410000, nodes: 0(120000.00, 120000.00) 119 957 479 886 0(50685.00, 50685.00)
route 119, node_num 6, cost 1297.758000, nodes: 0(120000.00, 120000.00) 870 168 725 207 0(27303.00, 27303.00)
route 120, node_num 6, cost 1271.284000, nodes: 0(120000.00, 120000.00) 454 481 396 943 0(29194.00, 29194.00)
route 121, node_num 7, cost 961.366000, nodes: 0(120000.00, 120000.00) 692 863 901 642 702 0(51331.00, 51331.00)
route 122, node_num 8, cost 1463.742000, nodes: 0(120000.00, 120000.00) 1024(78004.00, 120000.00) 972 435 835 771 265 0(57443.00, 57443.00)
route 123, node_num 8, cost 1482.278000, nodes: 0(120000.00, 120000.00) 446 877 547 868 73 1077(34146.00, 34146.00) 0(14123.00, 14123.00)
route 124, node_num 7, cost 1218.826000, nodes: 0(120000.00, 120000.00) 876 352 884 840 995 0(32941.00, 32941.00)
route 125, node_num 6, cost 1314.810000, nodes: 0(120000.00, 120000.00) 442 847 179 211 0(26085.00, 26085.00)
route 126, node_num 8, cost 1659.826000, nodes: 0(120000.00, 120000.00) 1021(81946.00, 105946.00) 814 609 969 748 752 0(25441.00, 25441.00)
route 127, node_num 6, cost 1366.274000, nodes: 0(120000.00, 120000.00) 653 811 803 370 0(22409.00, 22409.00)
route 128, node_num 8, cost 619.234000, nodes: 0(120000.00, 120000.00) 765 403 846 853 324 140 0(75769.00, 75769.00)
route 129, node_num 7, cost 1749.454000, nodes: 0(120000.00, 120000.00) 1030(107152.00, 120000.00) 223 429 989 369 0(7887.00, 7887.00)
route 130, node_num 8, cost 1053.682000, nodes: 0(120000.00, 120000.00) 24 664 443 927 95 938 0(44737.00, 44737.00)
route 131, node_num 7, cost 1544.704000, nodes: 0(120000.00, 120000.00) 893 305 821 845 53 0(9664.00, 9664.00)
route 132, node_num 5, cost 933.926000, nodes: 0(120000.00, 120000.00) 618 430 35 0(53291.00, 53291.00)
route 133, node_num 7, cost 922.782000, nodes: 0(120000.00, 120000.00) 333 210 809 257 573 0(54087.00, 54087.00)
route 134, node_num 6, cost 1483.636000, nodes: 0(120000.00, 120000.00) 89 132 397 932 0(14026.00, 14026.00)
route 135, node_num 6, cost 1145.172000, nodes: 0(120000.00, 120000.00) 604 651 785 649 0(38202.00, 38202.00)
route 136, node_num 8, cost 1481.676000, nodes: 0(120000.00, 120000.00) 539 183 334 444 428 668 0(14166.00, 14166.00)
route 137, node_num 7, cost 1513.680000, nodes: 0(120000.00, 120000.00) 681 483 325 48 1045(34683.00, 34683.00) 0(11880.00, 11880.00)
route 138, node_num 7, cost 1005.550000, nodes: 0(120000.00, 120000.00) 708 689 711 487 749 0(48175.00, 48175.00)
route 139, node_num 7, cost 1195.502000, nodes: 0(120000.00, 120000.00) 882 231 729 127 361 0(34607.00, 34607.00)
route 140, node_num 7, cost 1109.094000, nodes: 0(120000.00, 120000.00) 2 767 528 516 983 0(40779.00, 40779.00)
route 141, node_num 7, cost 679.392000, nodes: 0(120000.00, 120000.00) 703 557 514 130 707 0(71472.00, 71472.00)
route 142, node_num 8, cost 1019.270000, nodes: 0(120000.00, 120000.00) 131 386 965 934 647 949 0(47195.00, 47195.00)
route 143, node_num 7, cost 837.774000, nodes: 0(120000.00, 120000.00) 38 391 636 734 658 0(60159.00, 60159.00)
route 144, node_num 8, cost 1636.796000, nodes: 0(120000.00, 120000.00) 1023(116496.00, 116496.00) 885 500 685 538 540 0(3086.00, 3086.00)
route 145, node_num 8, cost 1536.500000, nodes: 0(120000.00, 120000.00) 1021(81946.00, 81946.00) 478 484 777 632 643 0(10250.00, 10250.00)
route 146, node_num 7, cost 1602.902000, nodes: 0(120000.00, 120000.00) 142 700 584 224 854 0(5507.00, 5507.00)
route 147, node_num 7, cost 1637.398000, nodes: 0(120000.00, 120000.00) 779 264 704 800 638 0(3043.00, 3043.00)
route 148, node_num 8, cost 1535.856000, nodes: 0(120000.00, 120000.00) 166 896 629 850 180 1023(14810.00, 14810.00) 0(10296.00, 10296.00)
route 149, node_num 8, cost 1485.890000, nodes: 0(120000.00, 120000.00) 1021(81946.00, 81946.00) 485 750 436 905 608 0(13865.00, 13865.00)
route 150, node_num 6, cost 1280.594000, nodes: 0(120000.00, 120000.00) 31 990 623 902 0(28529.00, 28529.00)
route 151, node_num 6, cost 1430.030000, nodes: 0(120000.00, 120000.00) 982 980 828 839 0(17855.00, 17855.00)
route 152, node_num 7, cost 1178.996000, nodes: 0(120000.00, 120000.00) 565 732 364 903 836 0(35786.00, 35786.00)
route 153, node_num 7, cost 1489.222000, nodes: 0(120000.00, 120000.00) 621 953 997 616 624 0(13627.00, 13627.00)
route 154, node_num 6, cost 262.164000, nodes: 0(120000.00, 120000.00) 731 824 556 277 0(101274.00, 101274.00)
route 155, node_num 6, cost 771.680000, nodes: 0(120000.00, 120000.00) 228 563 994 906 0(64880.00, 64880.00)
route 156, node_num 7, cost 1158.248000, nodes: 0(120000.00, 120000.00) 891 239 389 548 414 0(37268.00, 37268.00)
route 157, node_num 8, cost 1634.108000, nodes: 0(120000.00, 120000.00) 40 625 527 897 269 1003(12393.00, 12393.00) 0(3278.00, 3278.00)
route 158, node_num 8, cost 1506.428000, nodes: 0(120000.00, 120000.00) 1024(78004.00, 120000.00) 691 507 637 895 697 0(54394.00, 54394.00)
route 159, node_num 6, cost 1114.960000, nodes: 0(120000.00, 120000.00) 328 754 738 448 0(40360.00, 40360.00)
route 160, node_num 5, cost 745.878000, nodes: 0(120000.00, 120000.00) 999 102 568 0(66723.00, 66723.00)
route 161, node_num 8, cost 1446.704000, nodes: 0(120000.00, 120000.00) 1021(81946.00, 81946.00) 593 592 887 947 152 0(16664.00, 16664.00)
route 162, node_num 7, cost 1122.730000, nodes: 0(120000.00, 120000.00) 7 715 259 506 227 0(39805.00, 39805.00)
route 163, node_num 7, cost 374.094000, nodes: 0(120000.00, 120000.00) 838 967 784 14 467 0(93279.00, 93279.00)
route 164, node_num 6, cost 1008.924000, nodes: 0(120000.00, 120000.00) 880 940 678 65 0(47934.00, 47934.00)
route 165, node_num 6, cost 1310.848000, nodes: 0(120000.00, 120000.00) 788 648 214 97 0(26368.00, 26368.00)
route 166, node_num 7, cost 1329.440000, nodes: 0(120000.00, 120000.00) 161 918 586 503 385 0(25040.00, 25040.00)
route 167, node_num 6, cost 819.196000, nodes: 0(120000.00, 120000.00) 497 524 413 817 0(61486.00, 61486.00)
route 168, node_num 7, cost 1293.614000, nodes: 0(120000.00, 120000.00) 566 912 864 600 920 0(27599.00, 27599.00)
route 169, node_num 8, cost 1039.178000, nodes: 0(120000.00, 120000.00) 133 438 908 815 20 865 0(45773.00, 45773.00)
route 170, node_num 7, cost 1411.620000, nodes: 0(120000.00, 120000.00) 383 799 530 243 666 0(19170.00, 19170.00)
route 171, node_num 6, cost 940.562000, nodes: 0(120000.00, 120000.00) 739 313 581 993 0(52817.00, 52817.00)
route 172, node_num 7, cost 1471.442000, nodes: 0(120000.00, 120000.00) 1024(78004.00, 102004.00) 669 350 13 182 0(38897.00, 38897.00)
route 173, node_num 7, cost 1563.688000, nodes: 0(120000.00, 120000.00) 150 988 215 743 107 0(8308.00, 8308.00)
route 174, node_num 5, cost 1366.484000, nodes: 0(120000.00, 120000.00) 571 318 185 0(22394.00, 22394.00)
route 175, node_num 7, cost 1611.708000, nodes: 0(120000.00, 120000.00) 513 951 92 118 365 0(4878.00, 4878.00)
route 176, node_num 7, cost 1667.008000, nodes: 0(120000.00, 120000.00) 1077(102343.00, 120000.00) 149 281 202 47 0(18585.00, 18585.00)
route 177, node_num 4, cost 222.642000, nodes: 0(120000.00, 120000.00) 249 124 0(104097.00, 104097.00)
route 178, node_num 7, cost 1406.916000, nodes: 0(120000.00, 120000.00) 232 407 978 457 275 0(19506.00, 19506.00)
route 179, node_num 8, cost 1321.600000, nodes: 0(120000.00, 120000.00) 123 914 199 549 392 256 0(25600.00, 25600.00)
route 180, node_num 7, cost 1654.170000, nodes: 0(120000.00, 120000.00) 1024(78004.00, 120000.00) 198 143 504 236 0(43841.00, 43841.00)
route 181, node_num 8, cost 1203.300000, nodes: 0(120000.00, 120000.00) 465 979 579 112 34 165 0(34050.00, 34050.00)
route 182, node_num 8, cost 1342.782000, nodes: 0(120000.00, 120000.00) 8 894 302 349 226 661 0(24087.00, 24087.00)
route 183, node_num 5, cost 862.414000, nodes: 0(120000.00, 120000.00) 64 340 271 0(58399.00, 58399.00)
route 184, node_num 6, cost 1218.224000, nodes: 0(120000.00, 120000.00) 303 1 818 106 0(32984.00, 32984.00)
route 185, node_num 6, cost 1544.746000, nodes: 0(120000.00, 120000.00) 587 686 881 129 0(9661.00, 9661.00)
route 186, node_num 8, cost 1245.580000, nodes: 0(120000.00, 120000.00) 178 86 537 630 611 916 0(31030.00, 31030.00)
route 187, node_num 8, cost 1626.632000, nodes: 0(120000.00, 120000.00) 582 368 33 32 148 1023(8326.00, 8326.00) 0(3812.00, 3812.00)
route 188, node_num 8, cost 873.964000, nodes: 0(120000.00, 120000.00) 472 792 19 240 36 138 0(57574.00, 57574.00)
route 189, node_num 7, cost 1038.198000, nodes: 0(120000.00, 120000.00) 27 272 304 62 205 0(45843.00, 45843.00)
route 190, node_num 5, cost 1532.258000, nodes: 0(120000.00, 120000.00) 84 426 610 0(10553.00, 10553.00)
route 191, node_num 5, cost 501.396000, nodes: 0(120000.00, 120000.00) 453 745 109 0(84186.00, 84186.00)
route 192, node_num 8, cost 1685.250000, nodes: 0(120000.00, 120000.00) 1021(81946.00, 120000.00) 141 831 998 412 911 0(37679.00, 37679.00)
route 193, node_num 5, cost 997.640000, nodes: 0(120000.00, 120000.00) 213 17 384 0(48740.00, 48740.00)
route 194, node_num 6, cost 816.760000, nodes: 0(120000.00, 120000.00) 558 25 387 602 0(61660.00, 61660.00)
route 195, node_num 7, cost 1543.178000, nodes: 0(120000.00, 120000.00) 1024(78004.00, 120000.00) 746 720 134 278 0(51769.00, 51769.00)
route 196, node_num 5, cost 382.704000, nodes: 0(120000.00, 120000.00) 841 295 314 0(92664.00, 92664.00)
route 197, node_num 7, cost 376.460000, nodes: 0(120000.00, 120000.00) 869 716 561 310 501 0(93110.00, 93110.00)
route 198, node_num 6, cost 1590.050000, nodes: 0(120000.00, 120000.00) 395 197 466 526 0(6425.00, 6425.00)
route 199, node_num 5, cost 716.506000, nodes: 0(120000.00, 120000.00) 614 535 117 0(68821.00, 68821.00)
route 200, node_num 8, cost 1120.896000, nodes: 0(120000.00, 120000.00) 475 790 298 262 714 416 0(39936.00, 39936.00)
route 201, node_num 7, cost 889.812000, nodes: 0(120000.00, 120000.00) 290 569 103 307 122 0(56442.00, 56442.00)
route 202, node_num 6, cost 947.814000, nodes: 0(120000.00, 120000.00) 196 246 188 837 0(52299.00, 52299.00)
route 203, node_num 7, cost 1533.854000, nodes: 0(120000.00, 120000.00) 789 825 316 181 75 0(10439.00, 10439.00)
route 204, node_num 8, cost 1428.448000, nodes: 0(120000.00, 120000.00) 68 904 144 550 50 1061(22454.00, 22454.00) 0(17968.00, 17968.00)
route 205, node_num 7, cost 998.200000, nodes: 0(120000.00, 120000.00) 135 793 49 39 216 0(48700.00, 48700.00)
route 206, node_num 5, cost 1204.518000, nodes: 0(120000.00, 120000.00) 362 193 94 0(33963.00, 33963.00)
route 207, node_num 7, cost 619.976000, nodes: 0(120000.00, 120000.00) 612 796 156 70 381 0(75716.00, 75716.00)
route 208, node_num 8, cost 806.638000, nodes: 0(120000.00, 120000.00) 326 46 910 977 61 964 0(62383.00, 62383.00)
route 209, node_num 7, cost 989.324000, nodes: 0(120000.00, 120000.00) 760 576 137 121 842 0(49334.00, 49334.00)
route 210, node_num 8, cost 920.934000, nodes: 0(120000.00, 120000.00) 659 898 63 781 984 577 0(54219.00, 54219.00)
route 211, node_num 7, cost 1455.426000, nodes: 0(120000.00, 120000.00) 126 546 308 401 852 0(16041.00, 16041.00)
route 212, node_num 6, cost 291.396000, nodes: 0(120000.00, 120000.00) 57 398 311 808 0(99186.00, 99186.00)
route 213, node_num 7, cost 1269.870000, nodes: 0(120000.00, 120000.00) 136 273 695 279 770 0(29295.00, 29295.00)
route 214, node_num 8, cost 682.542000, nodes: 0(120000.00, 120000.00) 247 502 82 804 115 42 0(71247.00, 71247.00)
route 215, node_num 6, cost 1459.276000, nodes: 0(120000.00, 120000.00) 1021(81946.00, 120000.00) 890 974 242 0(53820.00, 53820.00)
route 216, node_num 7, cost 1472.408000, nodes: 0(120000.00, 120000.00) 146 91 15 751 607 0(14828.00, 14828.00)
route 217, node_num 5, cost 1544.522000, nodes: 0(120000.00, 120000.00) 511 874 996 0(9677.00, 9677.00)
route 218, node_num 7, cost 1017.184000, nodes: 0(120000.00, 120000.00) 646 394 606 58 98 0(47344.00, 47344.00)
route 219, node_num 6, cost 683.662000, nodes: 0(120000.00, 120000.00) 551 419 939 374 0(71167.00, 71167.00)
route 220, node_num 6, cost 1132.558000, nodes: 0(120000.00, 120000.00) 321 169 301 300 0(39103.00, 39103.00)
route 221, node_num 7, cost 1473.472000, nodes: 0(120000.00, 120000.00) 44 120 186 871 488 0(14752.00, 14752.00)
vehicle (route) number: 222
Total cost: 336462.22
410117.72, 32662.46
384475.33, 32466.28
374629.74, 32459.25
336462.22, 32404.40
337366.11, 32430.44
