Details of the solution:
route 0, node_num 7, cost 1438.248000, nodes: 0(120000.00, 120000.00) 617 536 764 170 870 0(17268.00, 17268.00)
route 1, node_num 5, cost 302.204000, nodes: 0(120000.00, 120000.00) 675 670 767 0(98414.00, 98414.00)
route 2, node_num 7, cost 1574.692000, nodes: 0(120000.00, 120000.00) 1025(97482.00, 97482.00) 11 610 193 217 0(7522.00, 7522.00)
route 3, node_num 6, cost 680.540000, nodes: 0(120000.00, 120000.00) 508 136 266 65 0(71390.00, 71390.00)
route 4, node_num 6, cost 1125.950000, nodes: 0(120000.00, 120000.00) 761 481 851 74 0(39575.00, 39575.00)
route 5, node_num 7, cost 445.592000, nodes: 0(120000.00, 120000.00) 249 261 290 124 800 0(88172.00, 88172.00)
route 6, node_num 8, cost 432.488000, nodes: 0(120000.00, 120000.00) 277 109 135 858 123 336 0(89108.00, 89108.00)
route 7, node_num 9, cost 1793.540000, nodes: 0(120000.00, 120000.00) 499 966 978 519 562 938 1060(14609.00, 22719.00) 0(0.00, 0.00)
route 8, node_num 7, cost 1421.560000, nodes: 0(120000.00, 120000.00) 8 763 121 889 1086(23551.00, 23551.00) 0(18460.00, 18460.00)
route 9, node_num 8, cost 1615.656000, nodes: 0(120000.00, 120000.00) 1030(107271.00, 107271.00) 614 134 725 15 214 0(4596.00, 4596.00)
route 10, node_num 5, cost 739.914000, nodes: 0(120000.00, 120000.00) 21 862 93 0(67149.00, 67149.00)
route 11, node_num 7, cost 255.290000, nodes: 0(120000.00, 120000.00) 327 111 983 970 216 0(101765.00, 101765.00)
route 12, node_num 7, cost 287.014000, nodes: 0(120000.00, 120000.00) 850 133 973 948 908 0(99499.00, 99499.00)
route 13, node_num 9, cost 1484.140000, nodes: 0(120000.00, 120000.00) 226 449 792 612 872 909 1019(38740.00, 38740.00) 0(13990.00, 13990.00)
route 14, node_num 7, cost 1364.034000, nodes: 0(120000.00, 120000.00) 505 422 552 199 1019(47319.00, 47319.00) 0(22569.00, 22569.00)
route 15, node_num 6, cost 1366.358000, nodes: 0(120000.00, 120000.00) 303 485 54 435 0(22403.00, 22403.00)
route 16, node_num 6, cost 267.750000, nodes: 0(120000.00, 120000.00) 311 738 684 628 0(100875.00, 100875.00)
route 17, node_num 5, cost 1078.252000, nodes: 0(120000.00, 120000.00) 626 739 975 0(42982.00, 42982.00)
route 18, node_num 8, cost 1794.926000, nodes: 0(120000.00, 120000.00) 502 128 26 329 682 1043(8308.00, 16517.00) 0(0.00, 0.00)
route 19, node_num 8, cost 400.092000, nodes: 0(120000.00, 120000.00) 338 674 639 713 751 310 0(91422.00, 91422.00)
route 20, node_num 7, cost 528.710000, nodes: 0(120000.00, 120000.00) 540 61 656 70 737 0(82235.00, 82235.00)
route 21, node_num 7, cost 1027.390000, nodes: 0(120000.00, 120000.00) 630 578 27 320 534 0(46615.00, 46615.00)
route 22, node_num 7, cost 1031.982000, nodes: 0(120000.00, 120000.00) 998 366 740 691 473 0(46287.00, 46287.00)
route 23, node_num 7, cost 1036.308000, nodes: 0(120000.00, 120000.00) 81 127 87 417 596 0(45978.00, 45978.00)
route 24, node_num 7, cost 1306.872000, nodes: 0(120000.00, 120000.00) 795 24 895 75 94 0(26652.00, 26652.00)
route 25, node_num 6, cost 724.570000, nodes: 0(120000.00, 120000.00) 570 719 196 491 0(68245.00, 68245.00)
route 26, node_num 8, cost 887.572000, nodes: 0(120000.00, 120000.00) 475 629 982 434 645 63 0(56602.00, 56602.00)
route 27, node_num 7, cost 1559.334000, nodes: 0(120000.00, 120000.00) 1031(83199.00, 120000.00) 775 145 588 346 0(45420.00, 45420.00)
route 28, node_num 8, cost 1792.392000, nodes: 0(120000.00, 120000.00) 1030(107271.00, 115299.00) 567 550 613 571 40 0(0.00, 0.00)
route 29, node_num 6, cost 672.756000, nodes: 0(120000.00, 120000.00) 881 838 641 46 0(71946.00, 71946.00)
route 30, node_num 8, cost 1749.986000, nodes: 0(120000.00, 120000.00) 961 41 292 356 729 1043(11518.00, 16517.00) 0(0.00, 0.00)
route 31, node_num 9, cost 1725.724000, nodes: 0(120000.00, 120000.00) 79 125 996 543 316 947 1031(33624.00, 36890.00) 0(0.00, 0.00)
route 32, node_num 6, cost 260.694000, nodes: 0(120000.00, 120000.00) 138 569 566 14 0(101379.00, 101379.00)
route 33, node_num 8, cost 847.896000, nodes: 0(120000.00, 120000.00) 651 57 201 611 512 1000 0(59436.00, 59436.00)
route 34, node_num 6, cost 428.316000, nodes: 0(120000.00, 120000.00) 189 654 342 467 0(89406.00, 89406.00)
route 35, node_num 7, cost 991.298000, nodes: 0(120000.00, 120000.00) 827 313 732 414 360 0(49193.00, 49193.00)
route 36, node_num 6, cost 693.714000, nodes: 0(120000.00, 120000.00) 733 98 666 374 0(70449.00, 70449.00)
route 37, node_num 5, cost 553.378000, nodes: 0(120000.00, 120000.00) 798 694 624 0(80473.00, 80473.00)
route 38, node_num 7, cost 1171.058000, nodes: 0(120000.00, 120000.00) 359 913 544 242 965 0(36353.00, 36353.00)
route 39, node_num 7, cost 1375.780000, nodes: 0(120000.00, 120000.00) 598 846 496 28 1072(30438.00, 30438.00) 0(21730.00, 21730.00)
route 40, node_num 6, cost 879.172000, nodes: 0(120000.00, 120000.00) 353 102 413 255 0(57202.00, 57202.00)
route 41, node_num 8, cost 1024.184000, nodes: 0(120000.00, 120000.00) 549 396 68 152 843 783 0(46844.00, 46844.00)
route 42, node_num 6, cost 1113.196000, nodes: 0(120000.00, 120000.00) 108 659 388 661 0(40486.00, 40486.00)
route 43, node_num 8, cost 791.966000, nodes: 0(120000.00, 120000.00) 493 254 824 240 789 636 0(63431.00, 63431.00)
route 44, node_num 6, cost 1744.484000, nodes: 0(120000.00, 120000.00) 83 770 71 1043(11911.00, 16517.00) 0(0.00, 0.00)
route 45, node_num 6, cost 1143.492000, nodes: 0(120000.00, 120000.00) 637 772 620 686 0(38322.00, 38322.00)
route 46, node_num 6, cost 869.484000, nodes: 0(120000.00, 120000.00) 218 773 601 268 0(57894.00, 57894.00)
route 47, node_num 8, cost 1620.192000, nodes: 0(120000.00, 120000.00) 450 945 208 59 840 1014(49022.00, 49022.00) 0(4272.00, 4272.00)
route 48, node_num 9, cost 1444.576000, nodes: 0(120000.00, 120000.00) 702 652 497 746 104 48 1075(55666.00, 55666.00) 0(16816.00, 16816.00)
route 49, node_num 8, cost 1041.698000, nodes: 0(120000.00, 120000.00) 228 56 731 581 677 616 0(45593.00, 45593.00)
route 50, node_num 7, cost 1295.826000, nodes: 0(120000.00, 120000.00) 527 129 172 868 52 0(27441.00, 27441.00)
route 51, node_num 8, cost 1679.888000, nodes: 0(120000.00, 120000.00) 547 580 533 784 43 1091(7049.00, 7049.00) 0(8.00, 8.00)
route 52, node_num 6, cost 903.658000, nodes: 0(120000.00, 120000.00) 44 707 379 551 0(55453.00, 55453.00)
route 53, node_num 6, cost 1565.970000, nodes: 0(120000.00, 120000.00) 599 238 526 642 0(8145.00, 8145.00)
route 54, node_num 8, cost 1591.800000, nodes: 0(120000.00, 120000.00) 389 181 281 373 432 1043(22817.00, 22817.00) 0(6300.00, 6300.00)
route 55, node_num 7, cost 611.044000, nodes: 0(120000.00, 120000.00) 831 808 357 724 354 0(76354.00, 76354.00)
route 56, node_num 6, cost 783.636000, nodes: 0(120000.00, 120000.00) 545 926 625 361 0(64026.00, 64026.00)
route 57, node_num 6, cost 1058.876000, nodes: 0(120000.00, 120000.00) 887 854 522 387 0(44366.00, 44366.00)
route 58, node_num 8, cost 1290.450000, nodes: 0(120000.00, 120000.00) 804 335 367 50 802 479 0(27825.00, 27825.00)
route 59, node_num 8, cost 1609.566000, nodes: 0(120000.00, 120000.00) 1035(84119.00, 84119.00) 180 284 114 377 158 0(5031.00, 5031.00)
route 60, node_num 6, cost 189.980000, nodes: 0(120000.00, 120000.00) 315 689 455 741 0(106430.00, 106430.00)
route 61, node_num 6, cost 821.996000, nodes: 0(120000.00, 120000.00) 343 282 923 946 0(61286.00, 61286.00)
route 62, node_num 8, cost 1569.148000, nodes: 0(120000.00, 120000.00) 883 640 632 582 428 1052(46338.00, 46338.00) 0(7918.00, 7918.00)
route 63, node_num 8, cost 1047.886000, nodes: 0(120000.00, 120000.00) 914 257 225 957 646 972 0(45151.00, 45151.00)
route 64, node_num 6, cost 530.278000, nodes: 0(120000.00, 120000.00) 839 247 341 175 0(82123.00, 82123.00)
route 65, node_num 6, cost 740.446000, nodes: 0(120000.00, 120000.00) 797 53 119 488 0(67111.00, 67111.00)
route 66, node_num 9, cost 1535.254000, nodes: 0(120000.00, 120000.00) 1035(84119.00, 84119.00) 709 742 842 194 799 477 0(10339.00, 10339.00)
route 67, node_num 7, cost 1722.686000, nodes: 0(120000.00, 120000.00) 1074(83303.00, 86352.00) 456 876 330 312 0(0.00, 0.00)
route 68, node_num 7, cost 1740.928000, nodes: 0(120000.00, 120000.00) 1030(107271.00, 120000.00) 696 916 365 690 0(8377.00, 8377.00)
route 69, node_num 5, cost 996.002000, nodes: 0(120000.00, 120000.00) 302 392 539 0(48857.00, 48857.00)
route 70, node_num 8, cost 934.794000, nodes: 0(120000.00, 120000.00) 885 634 538 648 295 221 0(53229.00, 53229.00)
route 71, node_num 8, cost 1956.472000, nodes: 0(120000.00, 120000.00) 186 590 460 954 209 1005(34156.00, 53904.00) 0(0.00, 0.00)
route 72, node_num 6, cost 991.676000, nodes: 0(120000.00, 120000.00) 506 848 754 482 0(49166.00, 49166.00)
route 73, node_num 9, cost 1752.058000, nodes: 0(120000.00, 120000.00) 1030(107271.00, 120000.00) 718 980 736 427 92 1091(14623.00, 14623.00) 0(7582.00, 7582.00)
route 74, node_num 6, cost 1177.302000, nodes: 0(120000.00, 120000.00) 720 899 932 421 0(35907.00, 35907.00)
route 75, node_num 9, cost 1803.438000, nodes: 0(120000.00, 120000.00) 1030(107271.00, 107271.00) 17 16 765 182 236 1043(7700.00, 16517.00) 0(0.00, 0.00)
route 76, node_num 8, cost 1733.200000, nodes: 0(120000.00, 120000.00) 148 703 672 29 33 1091(3241.00, 7041.00) 0(0.00, 0.00)
route 77, node_num 7, cost 1623.426000, nodes: 0(120000.00, 120000.00) 90 708 653 67 920 0(4041.00, 4041.00)
route 78, node_num 6, cost 1834.854000, nodes: 0(120000.00, 120000.00) 498 378 869 1046(41870.00, 52931.00) 0(0.00, 0.00)
route 79, node_num 9, cost 1759.786000, nodes: 0(120000.00, 120000.00) 468 607 723 5 408 776 1043(10818.00, 16517.00) 0(0.00, 0.00)
route 80, node_num 7, cost 1311.058000, nodes: 0(120000.00, 120000.00) 785 204 554 495 510 0(26353.00, 26353.00)
route 81, node_num 7, cost 1306.522000, nodes: 0(120000.00, 120000.00) 518 823 443 188 364 0(26677.00, 26677.00)
route 82, node_num 8, cost 1617.728000, nodes: 0(120000.00, 120000.00) 623 788 803 818 635 1043(20965.00, 20965.00) 0(4448.00, 4448.00)
route 83, node_num 6, cost 1190.280000, nodes: 0(120000.00, 120000.00) 232 183 600 878 0(34980.00, 34980.00)
route 84, node_num 8, cost 1601.866000, nodes: 0(120000.00, 120000.00) 1073(97835.00, 120000.00) 433 553 917 248 949 0(27746.00, 27746.00)
route 85, node_num 8, cost 1575.952000, nodes: 0(120000.00, 120000.00) 1030(107271.00, 120000.00) 556 85 856 517 448 0(20161.00, 20161.00)
route 86, node_num 7, cost 1555.512000, nodes: 0(120000.00, 120000.00) 716 51 647 454 376 0(8892.00, 8892.00)
route 87, node_num 6, cost 1504.706000, nodes: 0(120000.00, 120000.00) 420 622 440 10 0(12521.00, 12521.00)
route 88, node_num 8, cost 1494.206000, nodes: 0(120000.00, 120000.00) 1004(114583.00, 114583.00) 951 141 245 478 903 0(13271.00, 13271.00)
route 89, node_num 8, cost 1634.892000, nodes: 0(120000.00, 120000.00) 424 781 833 322 710 1091(10263.00, 10263.00) 0(3222.00, 3222.00)
route 90, node_num 8, cost 1699.880000, nodes: 0(120000.00, 120000.00) 820 446 1035(72660.00, 74080.00) 979 309 584 0(0.00, 0.00)
route 91, node_num 8, cost 1631.210000, nodes: 0(120000.00, 120000.00) 1086(112711.00, 112711.00) 695 472 407 244 200 0(3485.00, 3485.00)
route 92, node_num 7, cost 1569.022000, nodes: 0(120000.00, 120000.00) 875 177 905 704 1091(14968.00, 14968.00) 0(7927.00, 7927.00)
route 93, node_num 6, cost 739.088000, nodes: 0(120000.00, 120000.00) 154 296 18 933 0(67208.00, 67208.00)
route 94, node_num 8, cost 1764.070000, nodes: 0(120000.00, 120000.00) 429 355 32 466 252 1043(10512.00, 16517.00) 0(0.00, 0.00)
route 95, node_num 7, cost 587.832000, nodes: 0(120000.00, 120000.00) 206 174 747 667 757 0(78012.00, 78012.00)
route 96, node_num 9, cost 947.534000, nodes: 0(120000.00, 120000.00) 464 532 585 2 299 410 679 0(52319.00, 52319.00)
route 97, node_num 7, cost 1146.320000, nodes: 0(120000.00, 120000.00) 487 615 20 95 405 0(38120.00, 38120.00)
route 98, node_num 8, cost 1753.822000, nodes: 0(120000.00, 120000.00) 1029(89163.00, 120000.00) 442 591 223 692 814 0(25564.00, 25564.00)
route 99, node_num 7, cost 926.660000, nodes: 0(120000.00, 120000.00) 658 340 64 37 187 0(53810.00, 53810.00)
route 100, node_num 7, cost 1082.228000, nodes: 0(120000.00, 120000.00) 344 685 272 937 925 0(42698.00, 42698.00)
route 101, node_num 8, cost 1702.316000, nodes: 0(120000.00, 120000.00) 1030(107271.00, 108865.00) 139 394 504 608 865 0(0.00, 0.00)
route 102, node_num 6, cost 743.778000, nodes: 0(120000.00, 120000.00) 453 131 558 9 0(66873.00, 66873.00)
route 103, node_num 8, cost 1339.408000, nodes: 0(120000.00, 120000.00) 832 251 339 968 411 722 0(24328.00, 24328.00)
route 104, node_num 7, cost 872.326000, nodes: 0(120000.00, 120000.00) 762 314 324 270 297 0(57691.00, 57691.00)
route 105, node_num 9, cost 983.206000, nodes: 0(120000.00, 120000.00) 423 604 699 602 701 457 649 0(49771.00, 49771.00)
route 106, node_num 8, cost 1404.494000, nodes: 0(120000.00, 120000.00) 618 627 768 935 786 523 0(19679.00, 19679.00)
route 107, node_num 8, cost 764.260000, nodes: 0(120000.00, 120000.00) 300 910 812 943 515 115 0(65410.00, 65410.00)
route 108, node_num 8, cost 1415.232000, nodes: 0(120000.00, 120000.00) 561 557 564 352 758 358 0(18912.00, 18912.00)
route 109, node_num 8, cost 1318.940000, nodes: 0(120000.00, 120000.00) 289 167 879 806 815 597 0(25790.00, 25790.00)
route 110, node_num 9, cost 1752.338000, nodes: 0(120000.00, 120000.00) 1030(107271.00, 120000.00) 603 941 476 215 45 753 0(7562.00, 7562.00)
route 111, node_num 7, cost 822.878000, nodes: 0(120000.00, 120000.00) 301 766 328 234 3 0(61223.00, 61223.00)
route 112, node_num 7, cost 990.780000, nodes: 0(120000.00, 120000.00) 307 605 166 928 122 0(49230.00, 49230.00)
route 113, node_num 7, cost 521.472000, nodes: 0(120000.00, 120000.00) 153 563 142 398 462 0(82752.00, 82752.00)
route 114, node_num 8, cost 1822.478000, nodes: 0(120000.00, 120000.00) 431 176 619 857 483 1043(6340.00, 16517.00) 0(0.00, 0.00)
route 115, node_num 7, cost 1242.374000, nodes: 0(120000.00, 120000.00) 964 855 243 793 258 0(31259.00, 31259.00)
route 116, node_num 7, cost 1187.480000, nodes: 0(120000.00, 120000.00) 415 371 782 288 985 0(35180.00, 35180.00)
route 117, node_num 6, cost 1049.328000, nodes: 0(120000.00, 120000.00) 880 971 712 486 0(45048.00, 45048.00)
route 118, node_num 8, cost 1725.458000, nodes: 0(120000.00, 120000.00) 1030(107271.00, 120000.00) 263 760 929 525 927 0(9482.00, 9482.00)
route 119, node_num 6, cost 445.634000, nodes: 0(120000.00, 120000.00) 212 23 381 458 0(88169.00, 88169.00)
route 120, node_num 7, cost 1677.886000, nodes: 0(120000.00, 120000.00) 1075(81210.00, 81210.00) 439 276 96 771 0(151.00, 151.00)
route 121, node_num 8, cost 1033.298000, nodes: 0(120000.00, 120000.00) 306 521 22 146 253 830 0(46193.00, 46193.00)
route 122, node_num 7, cost 1507.800000, nodes: 0(120000.00, 120000.00) 1033(110242.00, 120000.00) 559 160 202 592 0(22058.00, 22058.00)
route 123, node_num 8, cost 1672.146000, nodes: 0(120000.00, 120000.00) 229 350 325 308 106 1014(45311.00, 45311.00) 0(561.00, 561.00)
route 124, node_num 7, cost 904.148000, nodes: 0(120000.00, 120000.00) 759 939 755 380 853 0(55418.00, 55418.00)
route 125, node_num 6, cost 1303.470000, nodes: 0(120000.00, 120000.00) 811 69 638 399 0(26895.00, 26895.00)
route 126, node_num 8, cost 1924.482000, nodes: 0(120000.00, 120000.00) 1025(97482.00, 120000.00) 537 162 291 769 922 0(5055.00, 5055.00)
route 127, node_num 8, cost 560.070000, nodes: 0(120000.00, 120000.00) 906 403 568 82 864 42 0(79995.00, 79995.00)
route 128, node_num 8, cost 1472.380000, nodes: 0(120000.00, 120000.00) 1025(97482.00, 120000.00) 444 334 436 219 267 0(37348.00, 37348.00)
route 129, node_num 5, cost 592.956000, nodes: 0(120000.00, 120000.00) 140 326 286 0(77646.00, 77646.00)
route 130, node_num 7, cost 1707.552000, nodes: 0(120000.00, 120000.00) 368 940 426 80 1062(42617.00, 44585.00) 0(0.00, 0.00)
route 131, node_num 6, cost 550.788000, nodes: 0(120000.00, 120000.00) 280 987 459 995 0(80658.00, 80658.00)
route 132, node_num 7, cost 1719.214000, nodes: 0(120000.00, 120000.00) 494 860 936 813 1091(4240.00, 7041.00) 0(0.00, 0.00)
route 133, node_num 8, cost 1677.046000, nodes: 0(120000.00, 120000.00) 233 149 452 744 269 1091(7252.00, 7252.00) 0(211.00, 211.00)
route 134, node_num 7, cost 1387.554000, nodes: 0(120000.00, 120000.00) 224 698 470 293 507 0(20889.00, 20889.00)
route 135, node_num 6, cost 1012.676000, nodes: 0(120000.00, 120000.00) 103 287 489 531 0(47666.00, 47666.00)
route 136, node_num 8, cost 1644.902000, nodes: 0(120000.00, 120000.00) 705 107 873 528 671 1075(41357.00, 41357.00) 0(2507.00, 2507.00)
route 137, node_num 7, cost 1594.684000, nodes: 0(120000.00, 120000.00) 404 386 101 665 915 0(6094.00, 6094.00)
route 138, node_num 8, cost 1421.448000, nodes: 0(120000.00, 120000.00) 1097(109074.00, 109074.00) 990 801 227 529 807 0(18468.00, 18468.00)
route 139, node_num 6, cost 1157.310000, nodes: 0(120000.00, 120000.00) 676 34 779 787 0(37335.00, 37335.00)
route 140, node_num 7, cost 994.280000, nodes: 0(120000.00, 120000.00) 902 213 416 169 384 0(48980.00, 48980.00)
route 141, node_num 7, cost 1042.580000, nodes: 0(120000.00, 120000.00) 237 190 345 668 171 0(45530.00, 45530.00)
route 142, node_num 7, cost 1513.596000, nodes: 0(120000.00, 120000.00) 480 984 976 606 220 0(11886.00, 11886.00)
route 143, node_num 7, cost 822.682000, nodes: 0(120000.00, 120000.00) 888 375 465 147 7 0(61237.00, 61237.00)
route 144, node_num 7, cost 1207.934000, nodes: 0(120000.00, 120000.00) 191 179 901 6 391 0(33719.00, 33719.00)
route 145, node_num 6, cost 1649.872000, nodes: 0(120000.00, 120000.00) 1030(107271.00, 107271.00) 967 418 150 0(2152.00, 2152.00)
route 146, node_num 7, cost 1436.316000, nodes: 0(120000.00, 120000.00) 560 318 743 594 931 0(17406.00, 17406.00)
route 147, node_num 6, cost 1117.228000, nodes: 0(120000.00, 120000.00) 390 953 165 715 0(40198.00, 40198.00)
route 148, node_num 7, cost 1484.014000, nodes: 0(120000.00, 120000.00) 294 681 192 805 1013(23735.00, 23735.00) 0(13999.00, 13999.00)
route 149, node_num 6, cost 1071.476000, nodes: 0(120000.00, 120000.00) 819 31 304 930 0(43466.00, 43466.00)
route 150, node_num 7, cost 1685.642000, nodes: 0(120000.00, 120000.00) 1030(107271.00, 107674.00) 898 849 143 369 0(0.00, 0.00)
route 151, node_num 8, cost 1384.250000, nodes: 0(120000.00, 120000.00) 882 112 231 511 918 555 0(21125.00, 21125.00)
route 152, node_num 8, cost 1669.038000, nodes: 0(120000.00, 120000.00) 1029(89163.00, 89163.00) 900 790 958 986 633 0(783.00, 783.00)
route 153, node_num 7, cost 1147.398000, nodes: 0(120000.00, 120000.00) 861 105 447 896 161 0(38043.00, 38043.00)
route 154, node_num 6, cost 1543.486000, nodes: 0(120000.00, 120000.00) 1030(107271.00, 120000.00) 516 956 546 0(22480.00, 22480.00)
route 155, node_num 7, cost 1484.000000, nodes: 0(120000.00, 120000.00) 969 877 412 791 1052(52420.00, 52420.00) 0(14000.00, 14000.00)
route 156, node_num 8, cost 1739.206000, nodes: 0(120000.00, 120000.00) 1030(107271.00, 120000.00) 273 474 992 822 955 0(8500.00, 8500.00)
route 157, node_num 6, cost 1238.370000, nodes: 0(120000.00, 120000.00) 886 756 332 184 0(31545.00, 31545.00)
route 158, node_num 7, cost 1340.668000, nodes: 0(120000.00, 120000.00) 921 655 950 362 397 0(24238.00, 24238.00)
route 159, node_num 7, cost 1613.206000, nodes: 0(120000.00, 120000.00) 541 185 919 144 1060(27490.00, 27490.00) 0(4771.00, 4771.00)
route 160, node_num 7, cost 895.440000, nodes: 0(120000.00, 120000.00) 734 631 25 841 445 0(56040.00, 56040.00)
route 161, node_num 6, cost 1273.272000, nodes: 0(120000.00, 120000.00) 866 126 47 116 0(29052.00, 29052.00)
route 162, node_num 8, cost 1560.188000, nodes: 0(120000.00, 120000.00) 1 89 774 151 717 1019(33308.00, 33308.00) 0(8558.00, 8558.00)
route 163, node_num 8, cost 1796.620000, nodes: 0(120000.00, 120000.00) 565 673 520 118 794 1013(1406.00, 9736.00) 0(0.00, 0.00)
route 164, node_num 8, cost 1618.498000, nodes: 0(120000.00, 120000.00) 660 264 91 13 835 1075(43243.00, 43243.00) 0(4393.00, 4393.00)
route 165, node_num 8, cost 1530.984000, nodes: 0(120000.00, 120000.00) 963 66 890 810 492 1079(22471.00, 22471.00) 0(10644.00, 10644.00)
route 166, node_num 7, cost 1584.982000, nodes: 0(120000.00, 120000.00) 1025(97482.00, 97482.00) 542 99 395 197 0(6787.00, 6787.00)
route 167, node_num 7, cost 862.050000, nodes: 0(120000.00, 120000.00) 548 164 999 275 863 0(58425.00, 58425.00)
route 168, node_num 9, cost 1519.728000, nodes: 0(120000.00, 120000.00) 1032(86549.00, 86549.00) 513 230 437 235 836 576 0(11448.00, 11448.00)
route 169, node_num 6, cost 1608.152000, nodes: 0(120000.00, 120000.00) 650 643 84 748 0(5132.00, 5132.00)
route 170, node_num 6, cost 899.724000, nodes: 0(120000.00, 120000.00) 195 110 816 441 0(55734.00, 55734.00)
route 171, node_num 7, cost 1436.134000, nodes: 0(120000.00, 120000.00) 348 752 904 778 750 0(17419.00, 17419.00)
route 172, node_num 7, cost 1131.788000, nodes: 0(120000.00, 120000.00) 663 593 438 669 39 0(39158.00, 39158.00)
route 173, node_num 8, cost 664.132000, nodes: 0(120000.00, 120000.00) 469 817 88 697 891 500 0(72562.00, 72562.00)
route 174, node_num 7, cost 1541.498000, nodes: 0(120000.00, 120000.00) 1026(87936.00, 87936.00) 944 714 62 609 0(9893.00, 9893.00)
route 175, node_num 8, cost 1495.242000, nodes: 0(120000.00, 120000.00) 1004(114583.00, 120000.00) 583 305 974 847 323 0(18614.00, 18614.00)
route 176, node_num 7, cost 1699.082000, nodes: 0(120000.00, 120000.00) 1031(83199.00, 87199.00) 727 260 780 402 0(2637.00, 2637.00)
route 177, node_num 8, cost 1577.982000, nodes: 0(120000.00, 120000.00) 12 222 425 198 279 1043(23804.00, 23804.00) 0(7287.00, 7287.00)
route 178, node_num 6, cost 1112.104000, nodes: 0(120000.00, 120000.00) 471 58 730 271 0(40564.00, 40564.00)
route 179, node_num 6, cost 899.108000, nodes: 0(120000.00, 120000.00) 959 321 256 573 0(55778.00, 55778.00)
route 180, node_num 8, cost 1508.878000, nodes: 0(120000.00, 120000.00) 409 163 73 826 988 1091(19264.00, 19264.00) 0(12223.00, 12223.00)
route 181, node_num 6, cost 917.994000, nodes: 0(120000.00, 120000.00) 834 825 934 688 0(54429.00, 54429.00)
route 182, node_num 6, cost 1299.256000, nodes: 0(120000.00, 120000.00) 577 678 393 205 0(27196.00, 27196.00)
route 183, node_num 5, cost 1112.664000, nodes: 0(120000.00, 120000.00) 168 351 586 0(40524.00, 40524.00)
route 184, node_num 8, cost 1552.236000, nodes: 0(120000.00, 120000.00) 837 100 589 461 55 1064(29309.00, 29309.00) 0(9126.00, 9126.00)
route 185, node_num 8, cost 1087.366000, nodes: 0(120000.00, 120000.00) 587 796 981 721 173 130 0(42331.00, 42331.00)
route 186, node_num 7, cost 1527.932000, nodes: 0(120000.00, 120000.00) 430 680 285 337 331 0(10862.00, 10862.00)
route 187, node_num 7, cost 473.312000, nodes: 0(120000.00, 120000.00) 997 993 726 241 451 0(86192.00, 86192.00)
route 188, node_num 6, cost 1174.292000, nodes: 0(120000.00, 120000.00) 621 262 60 514 0(36122.00, 36122.00)
route 189, node_num 7, cost 1113.532000, nodes: 0(120000.00, 120000.00) 911 246 728 159 207 0(40462.00, 40462.00)
route 190, node_num 5, cost 1222.116000, nodes: 0(120000.00, 120000.00) 924 383 363 0(32706.00, 32706.00)
route 191, node_num 8, cost 1147.790000, nodes: 0(120000.00, 120000.00) 749 907 874 239 97 575 0(38015.00, 38015.00)
route 192, node_num 8, cost 591.388000, nodes: 0(120000.00, 120000.00) 994 484 657 989 572 509 0(77758.00, 77758.00)
route 193, node_num 8, cost 1649.830000, nodes: 0(120000.00, 120000.00) 960 735 962 78 463 1091(9196.00, 9196.00) 0(2155.00, 2155.00)
route 194, node_num 8, cost 1191.652000, nodes: 0(120000.00, 120000.00) 36 19 977 406 829 693 0(34882.00, 34882.00)
route 195, node_num 7, cost 997.808000, nodes: 0(120000.00, 120000.00) 579 871 72 711 156 0(48728.00, 48728.00)
route 196, node_num 7, cost 1562.526000, nodes: 0(120000.00, 120000.00) 132 120 400 86 1019(33141.00, 33141.00) 0(8391.00, 8391.00)
route 197, node_num 8, cost 1428.084000, nodes: 0(120000.00, 120000.00) 1028(112837.00, 120000.00) 137 894 844 259 283 0(25157.00, 25157.00)
route 198, node_num 7, cost 1567.440000, nodes: 0(120000.00, 120000.00) 401 687 76 852 265 0(8040.00, 8040.00)
route 199, node_num 6, cost 857.990000, nodes: 0(120000.00, 120000.00) 38 317 893 942 0(58715.00, 58715.00)
route 200, node_num 6, cost 1114.162000, nodes: 0(120000.00, 120000.00) 683 319 912 347 0(40417.00, 40417.00)
route 201, node_num 6, cost 1061.844000, nodes: 0(120000.00, 120000.00) 419 385 35 503 0(44154.00, 44154.00)
route 202, node_num 7, cost 1447.992000, nodes: 0(120000.00, 120000.00) 30 490 991 382 77 0(16572.00, 16572.00)
route 203, node_num 8, cost 1114.988000, nodes: 0(120000.00, 120000.00) 664 595 952 298 372 530 0(40358.00, 40358.00)
route 204, node_num 8, cost 1622.530000, nodes: 0(120000.00, 120000.00) 1004(114583.00, 114583.00) 574 745 49 370 349 0(4105.00, 4105.00)
route 205, node_num 7, cost 1374.128000, nodes: 0(120000.00, 120000.00) 700 845 828 274 250 0(21848.00, 21848.00)
route 206, node_num 7, cost 786.492000, nodes: 0(120000.00, 120000.00) 662 777 178 203 809 0(63822.00, 63822.00)
route 207, node_num 7, cost 1054.130000, nodes: 0(120000.00, 120000.00) 535 867 4 892 117 0(44705.00, 44705.00)
route 208, node_num 7, cost 1145.494000, nodes: 0(120000.00, 120000.00) 501 113 644 897 278 0(38179.00, 38179.00)
route 209, node_num 7, cost 1135.680000, nodes: 0(120000.00, 120000.00) 706 211 821 210 333 0(38880.00, 38880.00)
route 210, node_num 7, cost 1296.946000, nodes: 0(120000.00, 120000.00) 884 157 155 859 524 0(27361.00, 27361.00)
vehicle (route) number: 211
Total cost: 322355.54
381201.99, 32660.86
363194.31, 32457.69
332033.17, 32412.81
322355.54, 32435.20
323739.25, 32423.48
381325.93, 32481.31
355120.63, 32455.24
353098.18, 32430.26
323800.65, 32400.31
330909.32, 32432.67