Details of the solution:
route 0, node_num 8, cost 1891.778000, nodes: 0(120000.00, 120000.00) 1011(68610.00, 83737.00) 754 647 53 564 207 0(0.00, 0.00)
route 1, node_num 8, cost 1870.162000, nodes: 0(120000.00, 120000.00) 251 812 6 141 125 1025(10544.00, 24127.00) 0(0.00, 0.00)
route 2, node_num 7, cost 1232.630000, nodes: 0(120000.00, 120000.00) 728 904 313 976 990 0(31955.00, 31955.00)
route 3, node_num 8, cost 1912.932000, nodes: 0(120000.00, 120000.00) 597 687 815 495 1039(36744.00, 53382.00) 517 0(0.00, 0.00)
route 4, node_num 7, cost 1081.360000, nodes: 0(120000.00, 120000.00) 189 292 915 785 877 0(42760.00, 42760.00)
route 5, node_num 5, cost 892.822000, nodes: 0(120000.00, 120000.00) 825 163 20 0(56227.00, 56227.00)
route 6, node_num 5, cost 707.770000, nodes: 0(120000.00, 120000.00) 621 982 312 0(69445.00, 69445.00)
route 7, node_num 7, cost 1391.110000, nodes: 0(120000.00, 120000.00) 829 897 919 571 267 0(20635.00, 20635.00)
route 8, node_num 7, cost 1646.176000, nodes: 0(120000.00, 120000.00) 672 863 793 644 635 0(2416.00, 2416.00)
route 9, node_num 7, cost 1564.444000, nodes: 0(120000.00, 120000.00) 300 610 836 851 989 0(8254.00, 8254.00)
route 10, node_num 8, cost 747.908000, nodes: 0(120000.00, 120000.00) 389 120 750 62 699 927 0(66578.00, 66578.00)
route 11, node_num 6, cost 861.168000, nodes: 0(120000.00, 120000.00) 794 87 197 4 0(58488.00, 58488.00)
route 12, node_num 8, cost 1755.404000, nodes: 0(120000.00, 120000.00) 710 240 759 302 928 1096(20099.00, 25485.00) 0(0.00, 0.00)
route 13, node_num 7, cost 1498.280000, nodes: 0(120000.00, 120000.00) 834 667 128 848 205 0(12980.00, 12980.00)
route 14, node_num 7, cost 1631.042000, nodes: 0(120000.00, 120000.00) 442 937 8 144 560 0(3497.00, 3497.00)
route 15, node_num 7, cost 1548.680000, nodes: 0(120000.00, 120000.00) 142 729 324 520 435 0(9380.00, 9380.00)
route 16, node_num 6, cost 1200.528000, nodes: 0(120000.00, 120000.00) 446 522 746 988 0(34248.00, 34248.00)
route 17, node_num 5, cost 574.602000, nodes: 0(120000.00, 120000.00) 391 706 878 0(78957.00, 78957.00)
route 18, node_num 6, cost 813.288000, nodes: 0(120000.00, 120000.00) 261 675 73 997 0(61908.00, 61908.00)
route 19, node_num 8, cost 941.192000, nodes: 0(120000.00, 120000.00) 322 101 704 561 232 767 0(52772.00, 52772.00)
route 20, node_num 9, cost 1690.346000, nodes: 0(120000.00, 120000.00) 368 303 769 269 640 766 1012(45549.00, 46288.00) 0(0.00, 0.00)
route 21, node_num 5, cost 838.656000, nodes: 0(120000.00, 120000.00) 757 453 575 0(60096.00, 60096.00)
route 22, node_num 8, cost 1038.884000, nodes: 0(120000.00, 120000.00) 565 748 274 986 723 352 0(45794.00, 45794.00)
route 23, node_num 8, cost 730.422000, nodes: 0(120000.00, 120000.00) 201 735 74 106 134 837 0(67827.00, 67827.00)
route 24, node_num 7, cost 1622.894000, nodes: 0(120000.00, 120000.00) 14 260 436 518 384 0(4079.00, 4079.00)
route 25, node_num 6, cost 1382.164000, nodes: 0(120000.00, 120000.00) 839 874 913 68 0(21274.00, 21274.00)
route 26, node_num 5, cost 489.748000, nodes: 0(120000.00, 120000.00) 529 270 249 0(85018.00, 85018.00)
route 27, node_num 6, cost 692.104000, nodes: 0(120000.00, 120000.00) 736 501 258 164 0(70564.00, 70564.00)
route 28, node_num 4, cost 519.092000, nodes: 0(120000.00, 120000.00) 826 939 0(82922.00, 82922.00)
route 29, node_num 8, cost 1782.900000, nodes: 0(120000.00, 120000.00) 378 985 922 281 65 1096(18135.00, 25485.00) 0(0.00, 0.00)
route 30, node_num 7, cost 730.646000, nodes: 0(120000.00, 120000.00) 995 873 929 835 519 0(67811.00, 67811.00)
route 31, node_num 7, cost 1410.444000, nodes: 0(120000.00, 120000.00) 549 309 421 424 228 0(19254.00, 19254.00)
route 32, node_num 7, cost 889.070000, nodes: 0(120000.00, 120000.00) 950 907 701 119 536 0(56495.00, 56495.00)
route 33, node_num 7, cost 728.868000, nodes: 0(120000.00, 120000.00) 311 400 751 181 888 0(67938.00, 67938.00)
route 34, node_num 8, cost 1529.066000, nodes: 0(120000.00, 120000.00) 185 104 194 697 319 543 0(10781.00, 10781.00)
route 35, node_num 7, cost 1397.186000, nodes: 0(120000.00, 120000.00) 606 19 715 857 906 0(20201.00, 20201.00)
route 36, node_num 5, cost 222.278000, nodes: 0(120000.00, 120000.00) 46 650 333 0(104123.00, 104123.00)
route 37, node_num 7, cost 1547.994000, nodes: 0(120000.00, 120000.00) 613 605 705 64 354 0(9429.00, 9429.00)
route 38, node_num 7, cost 930.020000, nodes: 0(120000.00, 120000.00) 898 656 680 652 991 0(53570.00, 53570.00)
route 39, node_num 8, cost 1718.024000, nodes: 0(120000.00, 120000.00) 924 159 740 1098(55167.00, 57883.00) 951 23 0(0.00, 0.00)
route 40, node_num 7, cost 1465.856000, nodes: 0(120000.00, 120000.00) 643 116 461 49 143 0(15296.00, 15296.00)
route 41, node_num 5, cost 613.256000, nodes: 0(120000.00, 120000.00) 810 727 490 0(76196.00, 76196.00)
route 42, node_num 8, cost 1010.086000, nodes: 0(120000.00, 120000.00) 731 804 802 297 137 900 0(47851.00, 47851.00)
route 43, node_num 6, cost 1596.588000, nodes: 0(120000.00, 120000.00) 533 631 405 404 0(5958.00, 5958.00)
route 44, node_num 6, cost 1510.586000, nodes: 0(120000.00, 120000.00) 946 945 440 553 0(12101.00, 12101.00)
route 45, node_num 6, cost 369.376000, nodes: 0(120000.00, 120000.00) 942 558 525 500 0(93616.00, 93616.00)
route 46, node_num 8, cost 1647.492000, nodes: 0(120000.00, 120000.00) 388 307 466 455 617 996 0(2322.00, 2322.00)
route 47, node_num 7, cost 406.056000, nodes: 0(120000.00, 120000.00) 663 853 909 485 124 0(90996.00, 90996.00)
route 48, node_num 8, cost 975.422000, nodes: 0(120000.00, 120000.00) 492 775 345 831 934 340 0(50327.00, 50327.00)
route 49, node_num 7, cost 930.314000, nodes: 0(120000.00, 120000.00) 896 932 350 342 216 0(53549.00, 53549.00)
route 50, node_num 6, cost 722.456000, nodes: 0(120000.00, 120000.00) 146 182 955 449 0(68396.00, 68396.00)
route 51, node_num 6, cost 1775.592000, nodes: 0(120000.00, 120000.00) 1039(67416.00, 74244.00) 695 213 316 0(0.00, 0.00)
route 52, node_num 7, cost 851.018000, nodes: 0(120000.00, 120000.00) 250 622 665 978 188 0(59213.00, 59213.00)
route 53, node_num 8, cost 1831.466000, nodes: 0(120000.00, 120000.00) 351 783 852 1077(45664.00, 56483.00) 498 241 0(0.00, 0.00)
route 54, node_num 5, cost 598.626000, nodes: 0(120000.00, 120000.00) 357 960 293 0(77241.00, 77241.00)
route 55, node_num 7, cost 870.254000, nodes: 0(120000.00, 120000.00) 765 438 337 130 510 0(57839.00, 57839.00)
route 56, node_num 8, cost 1611.050000, nodes: 0(120000.00, 120000.00) 1012(72845.00, 72845.00) 88 129 626 112 864 0(4925.00, 4925.00)
route 57, node_num 7, cost 1109.780000, nodes: 0(120000.00, 120000.00) 611 59 948 781 572 0(40730.00, 40730.00)
route 58, node_num 8, cost 1642.312000, nodes: 0(120000.00, 120000.00) 487 9 58 123 172 308 0(2692.00, 2692.00)
route 59, node_num 7, cost 1099.224000, nodes: 0(120000.00, 120000.00) 212 375 27 931 420 0(41484.00, 41484.00)
route 60, node_num 5, cost 591.234000, nodes: 0(120000.00, 120000.00) 489 211 908 0(77769.00, 77769.00)
route 61, node_num 8, cost 1703.674000, nodes: 0(120000.00, 120000.00) 1012(72845.00, 104845.00) 473 183 358 1000 961 0(30309.00, 30309.00)
route 62, node_num 8, cost 1364.846000, nodes: 0(120000.00, 120000.00) 688 562 580 477 505 816 0(22511.00, 22511.00)
route 63, node_num 6, cost 1201.046000, nodes: 0(120000.00, 120000.00) 526 795 507 891 0(34211.00, 34211.00)
route 64, node_num 7, cost 1336.678000, nodes: 0(120000.00, 120000.00) 380 102 648 186 959 0(24523.00, 24523.00)
route 65, node_num 8, cost 1570.982000, nodes: 0(120000.00, 120000.00) 917 696 151 28 739 398 0(7787.00, 7787.00)
route 66, node_num 7, cost 852.488000, nodes: 0(120000.00, 120000.00) 412 496 35 980 823 0(59108.00, 59108.00)
route 67, node_num 7, cost 681.366000, nodes: 0(120000.00, 120000.00) 861 397 52 956 865 0(71331.00, 71331.00)
route 68, node_num 8, cost 1183.448000, nodes: 0(120000.00, 120000.00) 905 798 887 620 105 590 0(35468.00, 35468.00)
route 69, node_num 8, cost 767.466000, nodes: 0(120000.00, 120000.00) 847 508 713 692 239 981 0(65181.00, 65181.00)
route 70, node_num 6, cost 1801.296000, nodes: 0(120000.00, 120000.00) 1012(72845.00, 81509.00) 586 811 856 0(0.00, 0.00)
route 71, node_num 7, cost 530.138000, nodes: 0(120000.00, 120000.00) 514 320 291 539 464 0(82133.00, 82133.00)
route 72, node_num 6, cost 506.506000, nodes: 0(120000.00, 120000.00) 158 532 94 813 0(83821.00, 83821.00)
route 73, node_num 7, cost 1382.192000, nodes: 0(120000.00, 120000.00) 660 56 585 576 474 0(21272.00, 21272.00)
route 74, node_num 7, cost 1245.944000, nodes: 0(120000.00, 120000.00) 108 530 301 343 215 0(31004.00, 31004.00)
route 75, node_num 8, cost 545.328000, nodes: 0(120000.00, 120000.00) 481 362 799 418 789 636 0(81048.00, 81048.00)
route 76, node_num 6, cost 1001.462000, nodes: 0(120000.00, 120000.00) 77 407 206 349 0(48467.00, 48467.00)
route 77, node_num 7, cost 1542.884000, nodes: 0(120000.00, 120000.00) 363 247 671 18 161 0(9794.00, 9794.00)
route 78, node_num 6, cost 967.008000, nodes: 0(120000.00, 120000.00) 949 531 33 54 0(50928.00, 50928.00)
route 79, node_num 8, cost 1526.896000, nodes: 0(120000.00, 120000.00) 612 377 387 439 614 237 0(10936.00, 10936.00)
route 80, node_num 8, cost 1209.278000, nodes: 0(120000.00, 120000.00) 993 714 666 24 756 294 0(33623.00, 33623.00)
route 81, node_num 8, cost 862.652000, nodes: 0(120000.00, 120000.00) 263 355 447 797 410 198 0(58382.00, 58382.00)
route 82, node_num 6, cost 1436.708000, nodes: 0(120000.00, 120000.00) 432 413 869 452 0(17378.00, 17378.00)
route 83, node_num 9, cost 1709.834000, nodes: 0(120000.00, 120000.00) 1 618 716 1059(57373.00, 59504.00) 499 902 595 0(0.00, 0.00)
route 84, node_num 6, cost 782.838000, nodes: 0(120000.00, 120000.00) 366 546 792 720 0(64083.00, 64083.00)
route 85, node_num 5, cost 162.218000, nodes: 0(120000.00, 120000.00) 242 265 372 0(108413.00, 108413.00)
route 86, node_num 6, cost 504.364000, nodes: 0(120000.00, 120000.00) 627 488 726 544 0(83974.00, 83974.00)
route 87, node_num 5, cost 675.738000, nodes: 0(120000.00, 120000.00) 173 737 584 0(71733.00, 71733.00)
route 88, node_num 8, cost 748.468000, nodes: 0(120000.00, 120000.00) 229 570 139 133 645 369 0(66538.00, 66538.00)
route 89, node_num 8, cost 955.472000, nodes: 0(120000.00, 120000.00) 528 406 587 22 707 374 0(51752.00, 51752.00)
route 90, node_num 8, cost 824.992000, nodes: 0(120000.00, 120000.00) 214 958 386 26 552 782 0(61072.00, 61072.00)
route 91, node_num 6, cost 799.022000, nodes: 0(120000.00, 120000.00) 599 160 284 395 0(62927.00, 62927.00)
route 92, node_num 6, cost 706.482000, nodes: 0(120000.00, 120000.00) 780 742 954 419 0(69537.00, 69537.00)
route 93, node_num 7, cost 1463.028000, nodes: 0(120000.00, 120000.00) 98 653 145 253 973 0(15498.00, 15498.00)
route 94, node_num 8, cost 785.498000, nodes: 0(120000.00, 120000.00) 315 502 916 651 664 32 0(63893.00, 63893.00)
route 95, node_num 8, cost 1316.266000, nodes: 0(120000.00, 120000.00) 51 63 92 456 901 288 0(25981.00, 25981.00)
route 96, node_num 7, cost 1555.092000, nodes: 0(120000.00, 120000.00) 684 639 264 763 476 0(8922.00, 8922.00)
route 97, node_num 6, cost 798.056000, nodes: 0(120000.00, 120000.00) 682 749 689 341 0(62996.00, 62996.00)
route 98, node_num 6, cost 1055.712000, nodes: 0(120000.00, 120000.00) 475 515 445 625 0(44592.00, 44592.00)
route 99, node_num 6, cost 1362.424000, nodes: 0(120000.00, 120000.00) 717 31 814 807 0(22684.00, 22684.00)
route 100, node_num 5, cost 1258.334000, nodes: 0(120000.00, 120000.00) 504 770 359 0(30119.00, 30119.00)
route 101, node_num 8, cost 1308.398000, nodes: 0(120000.00, 120000.00) 516 638 55 393 971 569 0(26543.00, 26543.00)
route 102, node_num 7, cost 844.074000, nodes: 0(120000.00, 120000.00) 512 328 268 607 403 0(59709.00, 59709.00)
route 103, node_num 6, cost 671.538000, nodes: 0(120000.00, 120000.00) 376 390 669 778 0(72033.00, 72033.00)
route 104, node_num 8, cost 956.774000, nodes: 0(120000.00, 120000.00) 480 983 433 761 678 154 0(51659.00, 51659.00)
route 105, node_num 7, cost 1045.100000, nodes: 0(120000.00, 120000.00) 255 416 148 221 577 0(45350.00, 45350.00)
route 106, node_num 9, cost 893.312000, nodes: 0(120000.00, 120000.00) 411 280 96 422 95 91 616 0(56192.00, 56192.00)
route 107, node_num 8, cost 1243.088000, nodes: 0(120000.00, 120000.00) 244 483 506 637 66 290 0(31208.00, 31208.00)
route 108, node_num 7, cost 1078.294000, nodes: 0(120000.00, 120000.00) 196 330 15 218 318 0(42979.00, 42979.00)
route 109, node_num 8, cost 902.258000, nodes: 0(120000.00, 120000.00) 89 434 248 178 579 371 0(55553.00, 55553.00)
route 110, node_num 6, cost 239.736000, nodes: 0(120000.00, 120000.00) 479 179 344 641 0(102876.00, 102876.00)
route 111, node_num 7, cost 1025.682000, nodes: 0(120000.00, 120000.00) 356 335 121 136 246 0(46737.00, 46737.00)
route 112, node_num 7, cost 657.874000, nodes: 0(120000.00, 120000.00) 132 314 180 511 753 0(73009.00, 73009.00)
route 113, node_num 6, cost 721.238000, nodes: 0(120000.00, 120000.00) 838 71 855 840 0(68483.00, 68483.00)
route 114, node_num 6, cost 608.986000, nodes: 0(120000.00, 120000.00) 542 190 317 195 0(76501.00, 76501.00)
route 115, node_num 8, cost 1249.794000, nodes: 0(120000.00, 120000.00) 673 649 450 227 437 661 0(30729.00, 30729.00)
route 116, node_num 8, cost 641.340000, nodes: 0(120000.00, 120000.00) 630 272 482 999 634 111 0(74190.00, 74190.00)
route 117, node_num 6, cost 1358.588000, nodes: 0(120000.00, 120000.00) 441 582 467 381 0(22958.00, 22958.00)
route 118, node_num 8, cost 1157.170000, nodes: 0(120000.00, 120000.00) 824 591 894 745 619 457 0(37345.00, 37345.00)
route 119, node_num 6, cost 1319.052000, nodes: 0(120000.00, 120000.00) 998 821 370 744 0(25782.00, 25782.00)
route 120, node_num 6, cost 1144.850000, nodes: 0(120000.00, 120000.00) 468 45 876 603 0(38225.00, 38225.00)
route 121, node_num 6, cost 920.332000, nodes: 0(120000.00, 120000.00) 233 262 17 454 0(54262.00, 54262.00)
route 122, node_num 6, cost 741.496000, nodes: 0(120000.00, 120000.00) 75 305 964 559 0(67036.00, 67036.00)
route 123, node_num 6, cost 1495.186000, nodes: 0(120000.00, 120000.00) 277 266 200 114 0(13201.00, 13201.00)
route 124, node_num 8, cost 1001.280000, nodes: 0(120000.00, 120000.00) 430 273 444 12 30 193 0(48480.00, 48480.00)
route 125, node_num 7, cost 986.020000, nodes: 0(120000.00, 120000.00) 135 365 541 115 80 0(49570.00, 49570.00)
route 126, node_num 6, cost 1224.160000, nodes: 0(120000.00, 120000.00) 592 224 100 402 0(32560.00, 32560.00)
route 127, node_num 8, cost 1137.318000, nodes: 0(120000.00, 120000.00) 296 629 364 965 276 336 0(38763.00, 38763.00)
route 128, node_num 7, cost 966.672000, nodes: 0(120000.00, 120000.00) 615 796 708 758 36 0(50952.00, 50952.00)
route 129, node_num 7, cost 718.578000, nodes: 0(120000.00, 120000.00) 719 131 970 415 762 0(68673.00, 68673.00)
route 130, node_num 7, cost 1408.792000, nodes: 0(120000.00, 120000.00) 658 992 127 471 78 0(19372.00, 19372.00)
route 131, node_num 7, cost 1565.368000, nodes: 0(120000.00, 120000.00) 346 841 82 768 741 0(8188.00, 8188.00)
route 132, node_num 7, cost 503.664000, nodes: 0(120000.00, 120000.00) 76 566 426 832 918 0(84024.00, 84024.00)
route 133, node_num 7, cost 1114.848000, nodes: 0(120000.00, 120000.00) 676 210 790 819 969 0(40368.00, 40368.00)
route 134, node_num 7, cost 518.336000, nodes: 0(120000.00, 120000.00) 994 984 975 40 331 0(82976.00, 82976.00)
route 135, node_num 7, cost 695.940000, nodes: 0(120000.00, 120000.00) 935 279 806 287 226 0(70290.00, 70290.00)
route 136, node_num 9, cost 1768.438000, nodes: 0(120000.00, 120000.00) 176 347 957 962 779 72 1021(22376.00, 28693.00) 0(0.00, 0.00)
route 137, node_num 5, cost 416.402000, nodes: 0(120000.00, 120000.00) 167 204 808 0(90257.00, 90257.00)
route 138, node_num 7, cost 1231.412000, nodes: 0(120000.00, 120000.00) 306 923 545 171 880 0(32042.00, 32042.00)
route 139, node_num 8, cost 1793.274000, nodes: 0(120000.00, 120000.00) 187 722 61 107 623 1025(16036.00, 24127.00) 0(0.00, 0.00)
route 140, node_num 7, cost 498.092000, nodes: 0(120000.00, 120000.00) 235 540 568 690 2 0(84422.00, 84422.00)
route 141, node_num 8, cost 1629.852000, nodes: 0(120000.00, 120000.00) 1089(78600.00, 82600.00) 700 392 921 718 177 0(7582.00, 7582.00)
route 142, node_num 7, cost 787.024000, nodes: 0(120000.00, 120000.00) 903 83 725 458 788 0(63784.00, 63784.00)
route 143, node_num 8, cost 1163.176000, nodes: 0(120000.00, 120000.00) 963 846 408 425 944 50 0(36916.00, 36916.00)
route 144, node_num 7, cost 1559.096000, nodes: 0(120000.00, 120000.00) 930 245 947 867 219 0(8636.00, 8636.00)
route 145, node_num 7, cost 398.902000, nodes: 0(120000.00, 120000.00) 222 822 484 776 417 0(91507.00, 91507.00)
route 146, node_num 7, cost 682.612000, nodes: 0(120000.00, 120000.00) 321 486 557 93 220 0(71242.00, 71242.00)
route 147, node_num 7, cost 1199.058000, nodes: 0(120000.00, 120000.00) 383 772 5 803 423 0(34353.00, 34353.00)
route 148, node_num 6, cost 871.290000, nodes: 0(120000.00, 120000.00) 57 299 7 830 0(57765.00, 57765.00)
route 149, node_num 7, cost 1310.372000, nodes: 0(120000.00, 120000.00) 966 103 628 523 987 0(26402.00, 26402.00)
route 150, node_num 8, cost 1278.592000, nodes: 0(120000.00, 120000.00) 409 429 860 67 203 469 0(28672.00, 28672.00)
route 151, node_num 7, cost 766.752000, nodes: 0(120000.00, 120000.00) 460 401 578 459 396 0(65232.00, 65232.00)
route 152, node_num 7, cost 1545.922000, nodes: 0(120000.00, 120000.00) 752 493 537 773 527 0(9577.00, 9577.00)
route 153, node_num 6, cost 1421.602000, nodes: 0(120000.00, 120000.00) 933 138 97 126 0(18457.00, 18457.00)
route 154, node_num 6, cost 1347.640000, nodes: 0(120000.00, 120000.00) 431 283 721 43 0(23740.00, 23740.00)
route 155, node_num 7, cost 813.554000, nodes: 0(120000.00, 120000.00) 734 90 868 122 39 0(61889.00, 61889.00)
route 156, node_num 7, cost 975.996000, nodes: 0(120000.00, 120000.00) 360 657 866 760 338 0(50286.00, 50286.00)
route 157, node_num 7, cost 1089.886000, nodes: 0(120000.00, 120000.00) 70 162 547 624 494 0(42151.00, 42151.00)
route 158, node_num 8, cost 1522.318000, nodes: 0(120000.00, 120000.00) 361 149 884 385 828 252 0(11263.00, 11263.00)
route 159, node_num 8, cost 1121.470000, nodes: 0(120000.00, 120000.00) 150 278 952 16 943 755 0(39895.00, 39895.00)
route 160, node_num 8, cost 1446.284000, nodes: 0(120000.00, 120000.00) 979 165 478 463 202 654 0(16694.00, 16694.00)
route 161, node_num 7, cost 1101.814000, nodes: 0(120000.00, 120000.00) 225 895 295 169 940 0(41299.00, 41299.00)
route 162, node_num 7, cost 509.726000, nodes: 0(120000.00, 120000.00) 555 633 771 550 784 0(83591.00, 83591.00)
route 163, node_num 7, cost 1311.996000, nodes: 0(120000.00, 120000.00) 674 521 694 573 234 0(26286.00, 26286.00)
route 164, node_num 7, cost 807.128000, nodes: 0(120000.00, 120000.00) 86 34 659 883 800 0(62348.00, 62348.00)
route 165, node_num 7, cost 941.948000, nodes: 0(120000.00, 120000.00) 801 588 574 681 155 0(52718.00, 52718.00)
route 166, node_num 8, cost 1647.114000, nodes: 0(120000.00, 120000.00) 535 271 787 911 646 1031(32731.00, 32731.00) 0(2349.00, 2349.00)
route 167, node_num 6, cost 982.366000, nodes: 0(120000.00, 120000.00) 157 25 892 254 0(49831.00, 49831.00)
route 168, node_num 8, cost 1652.854000, nodes: 0(120000.00, 120000.00) 632 156 712 414 598 1061(33932.00, 33932.00) 0(1939.00, 1939.00)
route 169, node_num 7, cost 936.096000, nodes: 0(120000.00, 120000.00) 594 899 208 470 589 0(53136.00, 53136.00)
route 170, node_num 8, cost 750.302000, nodes: 0(120000.00, 120000.00) 373 199 513 491 809 428 0(66407.00, 66407.00)
route 171, node_num 7, cost 1542.604000, nodes: 0(120000.00, 120000.00) 79 117 967 889 875 0(9814.00, 9814.00)
route 172, node_num 6, cost 889.980000, nodes: 0(120000.00, 120000.00) 711 327 427 11 0(56430.00, 56430.00)
route 173, node_num 7, cost 1159.564000, nodes: 0(120000.00, 120000.00) 977 862 379 879 448 0(37174.00, 37174.00)
route 174, node_num 7, cost 1039.668000, nodes: 0(120000.00, 120000.00) 259 538 850 42 747 0(45738.00, 45738.00)
route 175, node_num 7, cost 1295.532000, nodes: 0(120000.00, 120000.00) 285 596 152 348 791 0(27462.00, 27462.00)
route 176, node_num 5, cost 1244.670000, nodes: 0(120000.00, 120000.00) 602 548 38 0(31095.00, 31095.00)
route 177, node_num 6, cost 856.562000, nodes: 0(120000.00, 120000.00) 686 394 733 382 0(58817.00, 58817.00)
route 178, node_num 6, cost 744.716000, nodes: 0(120000.00, 120000.00) 230 818 827 47 0(66806.00, 66806.00)
route 179, node_num 9, cost 961.100000, nodes: 0(120000.00, 120000.00) 912 668 524 805 451 881 642 0(51350.00, 51350.00)
route 180, node_num 6, cost 1073.730000, nodes: 0(120000.00, 120000.00) 677 175 890 974 0(43305.00, 43305.00)
route 181, node_num 6, cost 932.246000, nodes: 0(120000.00, 120000.00) 326 184 84 893 0(53411.00, 53411.00)
route 182, node_num 7, cost 897.848000, nodes: 0(120000.00, 120000.00) 563 41 191 833 703 0(55868.00, 55868.00)
route 183, node_num 6, cost 659.036000, nodes: 0(120000.00, 120000.00) 556 608 844 282 0(72926.00, 72926.00)
route 184, node_num 7, cost 888.440000, nodes: 0(120000.00, 120000.00) 743 702 503 872 118 0(56540.00, 56540.00)
route 185, node_num 8, cost 1411.382000, nodes: 0(120000.00, 120000.00) 289 110 685 323 925 871 0(19187.00, 19187.00)
route 186, node_num 7, cost 1433.376000, nodes: 0(120000.00, 120000.00) 153 786 583 48 534 0(17616.00, 17616.00)
route 187, node_num 6, cost 1247.428000, nodes: 0(120000.00, 120000.00) 192 174 730 13 0(30898.00, 30898.00)
route 188, node_num 6, cost 1201.340000, nodes: 0(120000.00, 120000.00) 581 332 683 882 0(34190.00, 34190.00)
route 189, node_num 8, cost 1684.102000, nodes: 0(120000.00, 120000.00) 304 655 845 858 509 1040(22322.00, 22615.00) 0(0.00, 0.00)
route 190, node_num 6, cost 1553.454000, nodes: 0(120000.00, 120000.00) 243 472 99 854 0(9039.00, 9039.00)
route 191, node_num 7, cost 763.882000, nodes: 0(120000.00, 120000.00) 764 286 21 256 238 0(65437.00, 65437.00)
route 192, node_num 7, cost 1427.272000, nodes: 0(120000.00, 120000.00) 257 870 334 926 732 0(18052.00, 18052.00)
route 193, node_num 7, cost 842.058000, nodes: 0(120000.00, 120000.00) 310 69 609 662 724 0(59853.00, 59853.00)
route 194, node_num 4, cost 277.592000, nodes: 0(120000.00, 120000.00) 910 554 0(100172.00, 100172.00)
route 195, node_num 6, cost 494.200000, nodes: 0(120000.00, 120000.00) 44 777 325 914 0(84700.00, 84700.00)
route 196, node_num 6, cost 464.716000, nodes: 0(120000.00, 120000.00) 972 820 886 936 0(86806.00, 86806.00)
route 197, node_num 6, cost 965.174000, nodes: 0(120000.00, 120000.00) 231 953 593 170 0(51059.00, 51059.00)
route 198, node_num 7, cost 1502.214000, nodes: 0(120000.00, 120000.00) 10 774 604 601 60 0(12699.00, 12699.00)
route 199, node_num 6, cost 860.874000, nodes: 0(120000.00, 120000.00) 497 81 843 329 0(58509.00, 58509.00)
route 200, node_num 6, cost 1375.192000, nodes: 0(120000.00, 120000.00) 140 567 849 168 0(21772.00, 21772.00)
route 201, node_num 6, cost 1509.186000, nodes: 0(120000.00, 120000.00) 465 738 29 443 0(12201.00, 12201.00)
route 202, node_num 6, cost 1666.056000, nodes: 0(120000.00, 120000.00) 691 236 941 709 0(996.00, 996.00)
route 203, node_num 7, cost 884.744000, nodes: 0(120000.00, 120000.00) 842 885 217 37 670 0(56804.00, 56804.00)
route 204, node_num 7, cost 1626.002000, nodes: 0(120000.00, 120000.00) 693 113 938 3 109 0(3857.00, 3857.00)
route 205, node_num 8, cost 1011.850000, nodes: 0(120000.00, 120000.00) 679 399 353 275 600 462 0(47725.00, 47725.00)
route 206, node_num 6, cost 1591.016000, nodes: 0(120000.00, 120000.00) 166 85 339 367 0(6356.00, 6356.00)
route 207, node_num 7, cost 770.924000, nodes: 0(120000.00, 120000.00) 817 551 298 147 859 0(64934.00, 64934.00)
route 208, node_num 7, cost 818.804000, nodes: 0(120000.00, 120000.00) 968 698 209 920 223 0(61514.00, 61514.00)
vehicle (route) number: 209
Total cost: 291180.28
369497.80, 32454.14
356014.08, 32433.27
317635.45, 32419.26
291180.28, 32412.07
291251.36, 32413.05
Details of the solution:
route 0, node_num 6, cost 1099.924000, nodes: 0(120000.00, 120000.00) 189 375 19 219 0(41434.00, 41434.00)
route 1, node_num 7, cost 960.106000, nodes: 0(120000.00, 120000.00) 765 966 915 877 760 0(51421.00, 51421.00)
route 2, node_num 4, cost 293.398000, nodes: 0(120000.00, 120000.00) 222 822 0(99043.00, 99043.00)
route 3, node_num 7, cost 852.138000, nodes: 0(120000.00, 120000.00) 563 794 843 699 927 0(59133.00, 59133.00)
route 4, node_num 8, cost 1117.774000, nodes: 0(120000.00, 120000.00) 225 895 748 295 576 973 0(40159.00, 40159.00)
route 5, node_num 7, cost 1197.728000, nodes: 0(120000.00, 120000.00) 993 45 174 402 720 0(34448.00, 34448.00)
route 6, node_num 6, cost 811.300000, nodes: 0(120000.00, 120000.00) 75 41 350 490 0(62050.00, 62050.00)
route 7, node_num 7, cost 1666.336000, nodes: 0(120000.00, 120000.00) 533 631 405 1000 961 0(976.00, 976.00)
route 8, node_num 8, cost 606.620000, nodes: 0(120000.00, 120000.00) 132 975 40 488 832 918 0(76670.00, 76670.00)
route 9, node_num 8, cost 1606.150000, nodes: 0(120000.00, 120000.00) 304 461 359 73 858 207 0(5275.00, 5275.00)
route 10, node_num 7, cost 1313.004000, nodes: 0(120000.00, 120000.00) 674 521 694 66 323 0(26214.00, 26214.00)
route 11, node_num 7, cost 766.024000, nodes: 0(120000.00, 120000.00) 502 916 287 981 500 0(65284.00, 65284.00)
route 12, node_num 7, cost 1120.224000, nodes: 0(120000.00, 120000.00) 977 862 379 906 193 0(39984.00, 39984.00)
route 13, node_num 8, cost 1790.446000, nodes: 0(120000.00, 120000.00) 924 159 811 766 640 1012(38399.00, 46288.00) 0(0.00, 0.00)
route 14, node_num 8, cost 1839.138000, nodes: 0(120000.00, 120000.00) 378 240 815 793 644 1096(14118.00, 25485.00) 0(0.00, 0.00)
route 15, node_num 4, cost 164.612000, nodes: 0(120000.00, 120000.00) 265 372 0(108242.00, 108242.00)
route 16, node_num 7, cost 929.124000, nodes: 0(120000.00, 120000.00) 356 335 209 246 908 0(53634.00, 53634.00)
route 17, node_num 6, cost 1084.216000, nodes: 0(120000.00, 120000.00) 442 507 577 37 0(42556.00, 42556.00)
route 18, node_num 6, cost 554.344000, nodes: 0(120000.00, 120000.00) 158 118 726 544 0(80404.00, 80404.00)
route 19, node_num 7, cost 912.912000, nodes: 0(120000.00, 120000.00) 199 139 531 62 960 0(54792.00, 54792.00)
route 20, node_num 8, cost 1678.250000, nodes: 0(120000.00, 120000.00) 300 247 951 414 598 72 0(125.00, 125.00)
route 21, node_num 6, cost 1007.510000, nodes: 0(120000.00, 120000.00) 231 923 262 254 0(48035.00, 48035.00)
route 22, node_num 5, cost 1438.920000, nodes: 0(120000.00, 120000.00) 613 339 292 0(17220.00, 17220.00)
route 23, node_num 6, cost 566.804000, nodes: 0(120000.00, 120000.00) 86 34 136 417 0(79514.00, 79514.00)
route 24, node_num 7, cost 1555.554000, nodes: 0(120000.00, 120000.00) 696 946 194 902 64 0(8889.00, 8889.00)
route 25, node_num 7, cost 708.904000, nodes: 0(120000.00, 120000.00) 727 501 844 134 837 0(69364.00, 69364.00)
route 26, node_num 7, cost 899.878000, nodes: 0(120000.00, 120000.00) 898 656 713 651 32 0(55723.00, 55723.00)
route 27, node_num 8, cost 1092.154000, nodes: 0(120000.00, 120000.00) 409 649 24 16 943 755 0(41989.00, 41989.00)
route 28, node_num 8, cost 1757.266000, nodes: 0(120000.00, 120000.00) 1060(66386.00, 71905.00) 985 687 125 617 517 0(0.00, 0.00)
route 29, node_num 8, cost 1647.380000, nodes: 0(120000.00, 120000.00) 693 113 836 763 476 1019(26044.00, 26044.00) 0(2330.00, 2330.00)
route 30, node_num 7, cost 1670.970000, nodes: 0(120000.00, 120000.00) 326 98 851 626 709 0(645.00, 645.00)
route 31, node_num 7, cost 885.220000, nodes: 0(120000.00, 120000.00) 481 702 790 819 969 0(56770.00, 56770.00)
route 32, node_num 7, cost 645.442000, nodes: 0(120000.00, 120000.00) 719 532 220 276 788 0(73897.00, 73897.00)
route 33, node_num 7, cost 1545.054000, nodes: 0(120000.00, 120000.00) 594 149 129 828 875 0(9639.00, 9639.00)
route 34, node_num 7, cost 1758.358000, nodes: 0(120000.00, 120000.00) 1039(67416.00, 73013.00) 695 922 53 435 0(0.00, 0.00)
route 35, node_num 6, cost 1349.040000, nodes: 0(120000.00, 120000.00) 998 370 926 732 0(23640.00, 23640.00)
route 36, node_num 5, cost 559.118000, nodes: 0(120000.00, 120000.00) 167 683 882 0(80063.00, 80063.00)
route 37, node_num 6, cost 317.198000, nodes: 0(120000.00, 120000.00) 853 663 589 784 0(97343.00, 97343.00)
route 38, node_num 8, cost 835.492000, nodes: 0(120000.00, 120000.00) 400 955 541 101 879 448 0(60322.00, 60322.00)
route 39, node_num 7, cost 1074.920000, nodes: 0(120000.00, 120000.00) 979 408 27 781 420 0(43220.00, 43220.00)
route 40, node_num 7, cost 1596.434000, nodes: 0(120000.00, 120000.00) 632 156 99 787 779 0(5969.00, 5969.00)
route 41, node_num 7, cost 1571.892000, nodes: 0(120000.00, 120000.00) 565 3 200 884 938 0(7722.00, 7722.00)
route 42, node_num 6, cost 1345.568000, nodes: 0(120000.00, 120000.00) 257 266 456 297 0(23888.00, 23888.00)
route 43, node_num 8, cost 545.622000, nodes: 0(120000.00, 120000.00) 641 554 972 820 956 840 0(81027.00, 81027.00)
route 44, node_num 6, cost 782.866000, nodes: 0(120000.00, 120000.00) 903 83 35 4 0(64081.00, 64081.00)
route 45, node_num 8, cost 801.794000, nodes: 0(120000.00, 120000.00) 968 698 680 818 827 239 0(62729.00, 62729.00)
route 46, node_num 7, cost 712.642000, nodes: 0(120000.00, 120000.00) 861 397 447 920 474 0(69097.00, 69097.00)
route 47, node_num 7, cost 744.954000, nodes: 0(120000.00, 120000.00) 479 847 386 991 652 0(66789.00, 66789.00)
route 48, node_num 7, cost 1089.592000, nodes: 0(120000.00, 120000.00) 611 273 831 833 188 0(42172.00, 42172.00)
route 49, node_num 7, cost 1027.208000, nodes: 0(120000.00, 120000.00) 905 673 450 234 553 0(46628.00, 46628.00)
route 50, node_num 7, cost 744.100000, nodes: 0(120000.00, 120000.00) 390 90 868 217 940 0(66850.00, 66850.00)
route 51, node_num 8, cost 875.112000, nodes: 0(120000.00, 120000.00) 686 394 668 761 678 154 0(57492.00, 57492.00)
route 52, node_num 7, cost 1132.124000, nodes: 0(120000.00, 120000.00) 70 162 547 741 758 0(39134.00, 39134.00)
route 53, node_num 8, cost 1025.318000, nodes: 0(120000.00, 120000.00) 526 795 337 785 600 462 0(46763.00, 46763.00)
route 54, node_num 7, cost 1692.362000, nodes: 0(120000.00, 120000.00) 660 653 114 109 1034(27432.00, 28315.00) 0(0.00, 0.00)
route 55, node_num 7, cost 728.518000, nodes: 0(120000.00, 120000.00) 964 929 305 835 519 0(67963.00, 67963.00)
route 56, node_num 8, cost 1618.470000, nodes: 0(120000.00, 120000.00) 277 937 671 112 962 23 0(4395.00, 4395.00)
route 57, node_num 5, cost 673.540000, nodes: 0(120000.00, 120000.00) 886 669 778 0(71890.00, 71890.00)
route 58, node_num 6, cost 870.072000, nodes: 0(120000.00, 120000.00) 157 725 503 970 0(57852.00, 57852.00)
route 59, node_num 6, cost 608.524000, nodes: 0(120000.00, 120000.00) 355 706 312 878 0(76534.00, 76534.00)
route 60, node_num 6, cost 1401.540000, nodes: 0(120000.00, 120000.00) 643 18 639 891 0(19890.00, 19890.00)
route 61, node_num 8, cost 1807.512000, nodes: 0(120000.00, 120000.00) 1039(67416.00, 76524.00) 754 647 623 141 308 0(0.00, 0.00)
route 62, node_num 8, cost 949.326000, nodes: 0(120000.00, 120000.00) 310 208 899 538 901 168 0(52191.00, 52191.00)
route 63, node_num 8, cost 1574.580000, nodes: 0(120000.00, 120000.00) 798 581 377 697 319 595 0(7530.00, 7530.00)
route 64, node_num 8, cost 1129.226000, nodes: 0(120000.00, 120000.00) 824 591 894 745 457 959 0(39341.00, 39341.00)
route 65, node_num 7, cost 562.982000, nodes: 0(120000.00, 120000.00) 52 566 568 690 2 0(79787.00, 79787.00)
route 66, node_num 5, cost 502.320000, nodes: 0(120000.00, 120000.00) 362 799 559 0(84120.00, 84120.00)
route 67, node_num 5, cost 474.278000, nodes: 0(120000.00, 120000.00) 373 270 249 0(86123.00, 86123.00)
route 68, node_num 8, cost 446.040000, nodes: 0(120000.00, 120000.00) 935 525 558 909 485 124 0(88140.00, 88140.00)
route 69, node_num 9, cost 948.220000, nodes: 0(120000.00, 120000.00) 749 983 433 805 451 881 642 0(52270.00, 52270.00)
route 70, node_num 6, cost 1498.490000, nodes: 0(120000.00, 120000.00) 8 841 144 116 0(12965.00, 12965.00)
route 71, node_num 8, cost 1509.424000, nodes: 0(120000.00, 120000.00) 496 478 852 499 467 203 0(12184.00, 12184.00)
route 72, node_num 6, cost 688.520000, nodes: 0(120000.00, 120000.00) 743 314 415 753 0(70820.00, 70820.00)
route 73, node_num 6, cost 646.688000, nodes: 0(120000.00, 120000.00) 486 557 93 331 0(73808.00, 73808.00)
route 74, node_num 8, cost 1281.742000, nodes: 0(120000.00, 120000.00) 255 530 721 43 145 253 0(28447.00, 28447.00)
route 75, node_num 8, cost 1468.138000, nodes: 0(120000.00, 120000.00) 251 945 440 543 100 654 0(15133.00, 15133.00)
route 76, node_num 7, cost 1371.664000, nodes: 0(120000.00, 120000.00) 728 522 31 78 241 0(22024.00, 22024.00)
route 77, node_num 8, cost 1061.186000, nodes: 0(120000.00, 120000.00) 504 176 347 353 68 343 0(44201.00, 44201.00)
route 78, node_num 8, cost 658.168000, nodes: 0(120000.00, 120000.00) 235 842 885 74 106 428 0(72988.00, 72988.00)
route 79, node_num 6, cost 1031.058000, nodes: 0(120000.00, 120000.00) 608 950 449 952 0(46353.00, 46353.00)
route 80, node_num 7, cost 798.420000, nodes: 0(120000.00, 120000.00) 89 434 248 733 382 0(62970.00, 62970.00)
route 81, node_num 6, cost 975.338000, nodes: 0(120000.00, 120000.00) 825 163 221 155 0(50333.00, 50333.00)
route 82, node_num 6, cost 1305.122000, nodes: 0(120000.00, 120000.00) 212 700 392 267 0(26777.00, 26777.00)
route 83, node_num 7, cost 943.670000, nodes: 0(120000.00, 120000.00) 615 796 708 624 494 0(52595.00, 52595.00)
route 84, node_num 7, cost 1724.478000, nodes: 0(120000.00, 120000.00) 472 911 848 560 1075(14348.00, 17525.00) 0(0.00, 0.00)
route 85, node_num 6, cost 1327.186000, nodes: 0(120000.00, 120000.00) 658 127 548 807 0(25201.00, 25201.00)
route 86, node_num 6, cost 1414.518000, nodes: 0(120000.00, 120000.00) 368 303 947 205 0(18963.00, 18963.00)
route 87, node_num 7, cost 1245.062000, nodes: 0(120000.00, 120000.00) 233 602 227 976 990 0(31067.00, 31067.00)
route 88, node_num 7, cost 1632.022000, nodes: 0(120000.00, 120000.00) 1012(72845.00, 72845.00) 610 385 821 619 0(3427.00, 3427.00)
route 89, node_num 7, cost 854.574000, nodes: 0(120000.00, 120000.00) 682 742 689 178 238 0(58959.00, 58959.00)
route 90, node_num 7, cost 800.968000, nodes: 0(120000.00, 120000.00) 817 401 578 130 510 0(62788.00, 62788.00)
route 91, node_num 8, cost 1077.048000, nodes: 0(120000.00, 120000.00) 764 524 96 422 26 552 0(43068.00, 43068.00)
route 92, node_num 8, cost 1406.678000, nodes: 0(120000.00, 120000.00) 153 307 931 523 987 934 0(19523.00, 19523.00)
route 93, node_num 6, cost 712.264000, nodes: 0(120000.00, 120000.00) 736 71 258 855 0(69124.00, 69124.00)
route 94, node_num 5, cost 242.060000, nodes: 0(120000.00, 120000.00) 179 325 914 0(102710.00, 102710.00)
route 95, node_num 8, cost 1511.930000, nodes: 0(120000.00, 120000.00) 606 957 82 867 477 505 0(12005.00, 12005.00)
route 96, node_num 7, cost 913.304000, nodes: 0(120000.00, 120000.00) 250 465 438 701 80 0(54764.00, 54764.00)
route 97, node_num 7, cost 908.124000, nodes: 0(120000.00, 120000.00) 57 588 574 299 20 0(55134.00, 55134.00)
route 98, node_num 6, cost 648.928000, nodes: 0(120000.00, 120000.00) 411 280 508 395 0(73648.00, 73648.00)
route 99, node_num 8, cost 1525.426000, nodes: 0(120000.00, 120000.00) 441 582 151 28 739 398 0(11041.00, 11041.00)
route 100, node_num 7, cost 957.712000, nodes: 0(120000.00, 120000.00) 357 87 197 458 872 0(51592.00, 51592.00)
route 101, node_num 6, cost 871.990000, nodes: 0(120000.00, 120000.00) 322 115 119 536 0(57715.00, 57715.00)
route 102, node_num 8, cost 962.794000, nodes: 0(120000.00, 120000.00) 801 84 206 893 137 900 0(51229.00, 51229.00)
route 103, node_num 5, cost 1409.198000, nodes: 0(120000.00, 120000.00) 51 870 967 0(19343.00, 19343.00)
route 104, node_num 7, cost 1179.920000, nodes: 0(120000.00, 120000.00) 330 714 666 67 60 0(35720.00, 35720.00)
route 105, node_num 8, cost 939.932000, nodes: 0(120000.00, 120000.00) 942 279 121 341 579 371 0(52862.00, 52862.00)
route 106, node_num 7, cost 1438.864000, nodes: 0(120000.00, 120000.00) 243 688 919 5 423 0(17224.00, 17224.00)
route 107, node_num 6, cost 1450.638000, nodes: 0(120000.00, 120000.00) 383 142 564 444 0(16383.00, 16383.00)
route 108, node_num 6, cost 135.548000, nodes: 0(120000.00, 120000.00) 242 650 333 226 0(110318.00, 110318.00)
route 109, node_num 8, cost 959.658000, nodes: 0(120000.00, 120000.00) 711 81 33 425 944 164 0(51453.00, 51453.00)
route 110, node_num 5, cost 482.398000, nodes: 0(120000.00, 120000.00) 994 984 11 0(85543.00, 85543.00)
route 111, node_num 8, cost 1603.686000, nodes: 0(120000.00, 120000.00) 605 759 672 455 281 177 0(5451.00, 5451.00)
route 112, node_num 6, cost 1365.238000, nodes: 0(120000.00, 120000.00) 108 92 63 334 0(22483.00, 22483.00)
route 113, node_num 8, cost 771.946000, nodes: 0(120000.00, 120000.00) 912 286 659 883 256 670 0(64861.00, 64861.00)
route 114, node_num 8, cost 1182.384000, nodes: 0(120000.00, 120000.00) 244 110 685 620 756 294 0(35544.00, 35544.00)
route 115, node_num 8, cost 1045.940000, nodes: 0(120000.00, 120000.00) 949 876 722 133 645 369 0(45290.00, 45290.00)
route 116, node_num 7, cost 1156.498000, nodes: 0(120000.00, 120000.00) 717 296 545 228 329 0(37393.00, 37393.00)
route 117, node_num 7, cost 1676.220000, nodes: 0(120000.00, 120000.00) 351 1 348 437 661 0(270.00, 270.00)
route 118, node_num 7, cost 702.366000, nodes: 0(120000.00, 120000.00) 780 480 211 724 575 0(69831.00, 69831.00)
route 119, node_num 5, cost 1279.936000, nodes: 0(120000.00, 120000.00) 917 604 54 0(28576.00, 28576.00)
route 120, node_num 7, cost 1391.656000, nodes: 0(120000.00, 120000.00) 691 897 845 48 571 0(20596.00, 20596.00)
route 121, node_num 7, cost 1409.422000, nodes: 0(120000.00, 120000.00) 839 874 913 7 830 0(19327.00, 19327.00)
route 122, node_num 7, cost 1650.824000, nodes: 0(120000.00, 120000.00) 166 245 716 498 424 0(2084.00, 2084.00)
route 123, node_num 7, cost 701.736000, nodes: 0(120000.00, 120000.00) 229 131 988 980 823 0(69876.00, 69876.00)
route 124, node_num 7, cost 788.830000, nodes: 0(120000.00, 120000.00) 201 735 809 520 767 0(63655.00, 63655.00)
route 125, node_num 8, cost 1674.652000, nodes: 0(120000.00, 120000.00) 14 260 740 49 864 1061(32375.00, 32375.00) 0(382.00, 382.00)
route 126, node_num 7, cost 489.342000, nodes: 0(120000.00, 120000.00) 555 633 771 470 782 0(85047.00, 85047.00)
route 127, node_num 7, cost 1614.788000, nodes: 0(120000.00, 120000.00) 752 493 387 439 730 0(4658.00, 4658.00)
route 128, node_num 7, cost 498.932000, nodes: 0(120000.00, 120000.00) 46 204 418 789 636 0(84362.00, 84362.00)
route 129, node_num 7, cost 787.332000, nodes: 0(120000.00, 120000.00) 311 751 298 122 147 0(63762.00, 63762.00)
route 130, node_num 7, cost 767.928000, nodes: 0(120000.00, 120000.00) 146 907 182 181 888 0(65148.00, 65148.00)
route 131, node_num 7, cost 727.132000, nodes: 0(120000.00, 120000.00) 542 679 982 737 349 0(68062.00, 68062.00)
route 132, node_num 7, cost 1492.848000, nodes: 0(120000.00, 120000.00) 549 309 774 471 871 0(13368.00, 13368.00)
route 133, node_num 7, cost 1252.300000, nodes: 0(120000.00, 120000.00) 933 138 271 768 384 0(30550.00, 30550.00)
route 134, node_num 7, cost 949.074000, nodes: 0(120000.00, 120000.00) 757 453 797 410 198 0(52209.00, 52209.00)
route 135, node_num 7, cost 1214.080000, nodes: 0(120000.00, 120000.00) 592 224 775 12 443 0(33280.00, 33280.00)
route 136, node_num 7, cost 1097.460000, nodes: 0(120000.00, 120000.00) 873 388 746 38 791 0(41610.00, 41610.00)
route 137, node_num 8, cost 1809.948000, nodes: 0(120000.00, 120000.00) 710 863 413 302 996 1089(30905.00, 40187.00) 0(0.00, 0.00)
route 138, node_num 7, cost 1332.898000, nodes: 0(120000.00, 120000.00) 846 9 527 869 452 0(24793.00, 24793.00)
route 139, node_num 7, cost 1297.870000, nodes: 0(120000.00, 120000.00) 596 992 152 506 469 0(27295.00, 27295.00)
route 140, node_num 7, cost 553.658000, nodes: 0(120000.00, 120000.00) 630 272 482 550 396 0(80453.00, 80453.00)
route 141, node_num 7, cost 1456.588000, nodes: 0(120000.00, 120000.00) 192 236 786 583 928 0(15958.00, 15958.00)
route 142, node_num 6, cost 1404.522000, nodes: 0(120000.00, 120000.00) 150 890 421 537 0(19677.00, 19677.00)
route 143, node_num 8, cost 1795.024000, nodes: 0(120000.00, 120000.00) 363 856 712 646 509 1040(14399.00, 22615.00) 0(0.00, 0.00)
route 144, node_num 6, cost 847.336000, nodes: 0(120000.00, 120000.00) 230 283 21 800 0(59476.00, 59476.00)
route 145, node_num 6, cost 553.532000, nodes: 0(120000.00, 120000.00) 826 939 556 936 0(80462.00, 80462.00)
route 146, node_num 7, cost 1129.954000, nodes: 0(120000.00, 120000.00) 896 345 15 218 572 0(39289.00, 39289.00)
route 147, node_num 7, cost 1415.624000, nodes: 0(120000.00, 120000.00) 261 562 580 655 143 0(18884.00, 18884.00)
route 148, node_num 6, cost 758.898000, nodes: 0(120000.00, 120000.00) 366 546 792 426 0(65793.00, 65793.00)
route 149, node_num 7, cost 910.280000, nodes: 0(120000.00, 120000.00) 677 175 427 607 403 0(54980.00, 54980.00)
route 150, node_num 9, cost 798.826000, nodes: 0(120000.00, 120000.00) 376 214 160 284 95 91 616 0(62941.00, 62941.00)
route 151, node_num 7, cost 906.248000, nodes: 0(120000.00, 120000.00) 838 513 191 196 318 0(55268.00, 55268.00)
route 152, node_num 6, cost 733.418000, nodes: 0(120000.00, 120000.00) 529 540 39 859 0(67613.00, 67613.00)
route 153, node_num 7, cost 1609.524000, nodes: 0(120000.00, 120000.00) 829 729 921 718 635 0(5034.00, 5034.00)
route 154, node_num 6, cost 1133.048000, nodes: 0(120000.00, 120000.00) 306 629 364 268 0(39068.00, 39068.00)
route 155, node_num 6, cost 1534.274000, nodes: 0(120000.00, 120000.00) 535 88 941 358 0(10409.00, 10409.00)
route 156, node_num 6, cost 1370.810000, nodes: 0(120000.00, 120000.00) 684 567 849 215 0(22085.00, 22085.00)
route 157, node_num 7, cost 1360.156000, nodes: 0(120000.00, 120000.00) 430 429 58 123 534 0(22846.00, 22846.00)
route 158, node_num 6, cost 1215.914000, nodes: 0(120000.00, 120000.00) 399 380 628 816 0(33149.00, 33149.00)
route 159, node_num 6, cost 1219.218000, nodes: 0(120000.00, 120000.00) 468 860 887 590 0(32913.00, 32913.00)
route 160, node_num 6, cost 522.270000, nodes: 0(120000.00, 120000.00) 514 320 291 584 0(82695.00, 82695.00)
route 161, node_num 8, cost 1206.702000, nodes: 0(120000.00, 120000.00) 497 638 367 65 971 354 0(33807.00, 33807.00)
route 162, node_num 5, cost 1444.632000, nodes: 0(120000.00, 120000.00) 10 814 762 0(16812.00, 16812.00)
route 163, node_num 6, cost 520.492000, nodes: 0(120000.00, 120000.00) 391 777 539 464 0(82822.00, 82822.00)
route 164, node_num 6, cost 1478.806000, nodes: 0(120000.00, 120000.00) 185 104 61 603 0(14371.00, 14371.00)
route 165, node_num 7, cost 1040.816000, nodes: 0(120000.00, 120000.00) 278 676 313 171 880 0(45656.00, 45656.00)
route 166, node_num 6, cost 858.858000, nodes: 0(120000.00, 120000.00) 460 738 29 997 0(58653.00, 58653.00)
route 167, node_num 6, cost 487.634000, nodes: 0(120000.00, 120000.00) 344 44 317 195 0(85169.00, 85169.00)
route 168, node_num 6, cost 375.424000, nodes: 0(120000.00, 120000.00) 910 263 321 808 0(93184.00, 93184.00)
route 169, node_num 7, cost 1164.814000, nodes: 0(120000.00, 120000.00) 412 483 637 573 974 0(36799.00, 36799.00)
route 170, node_num 8, cost 955.472000, nodes: 0(120000.00, 120000.00) 528 406 587 22 707 374 0(51752.00, 51752.00)
route 171, node_num 6, cost 1044.624000, nodes: 0(120000.00, 120000.00) 731 850 42 747 0(45384.00, 45384.00)
route 172, node_num 8, cost 960.204000, nodes: 0(120000.00, 120000.00) 259 802 804 288 954 419 0(51414.00, 51414.00)
route 173, node_num 7, cost 1038.870000, nodes: 0(120000.00, 120000.00) 360 657 103 866 36 0(45795.00, 45795.00)
route 174, node_num 6, cost 715.960000, nodes: 0(120000.00, 120000.00) 734 551 338 459 0(68860.00, 68860.00)
route 175, node_num 7, cost 1124.732000, nodes: 0(120000.00, 120000.00) 135 365 948 59 30 0(39662.00, 39662.00)
route 176, node_num 9, cost 742.154000, nodes: 0(120000.00, 120000.00) 315 599 958 806 664 692 47 0(66989.00, 66989.00)
route 177, node_num 6, cost 1121.624000, nodes: 0(120000.00, 120000.00) 492 210 904 925 0(39884.00, 39884.00)
route 178, node_num 8, cost 1748.390000, nodes: 0(120000.00, 120000.00) 1012(72845.00, 77730.00) 586 769 269 264 252 0(0.00, 0.00)
route 179, node_num 6, cost 1288.756000, nodes: 0(120000.00, 120000.00) 715 857 772 803 0(27946.00, 27946.00)
route 180, node_num 8, cost 485.520000, nodes: 0(120000.00, 120000.00) 431 776 484 999 634 111 0(85320.00, 85320.00)
route 181, node_num 8, cost 836.416000, nodes: 0(120000.00, 120000.00) 289 622 665 978 491 50 0(60256.00, 60256.00)
route 182, node_num 6, cost 1352.386000, nodes: 0(120000.00, 120000.00) 487 466 324 216 0(23401.00, 23401.00)
route 183, node_num 5, cost 1461.810000, nodes: 0(120000.00, 120000.00) 834 675 704 0(15585.00, 15585.00)
route 184, node_num 6, cost 1585.178000, nodes: 0(120000.00, 120000.00) 361 473 126 854 0(6773.00, 6773.00)
route 185, node_num 5, cost 1413.328000, nodes: 0(120000.00, 120000.00) 79 117 889 0(19048.00, 19048.00)
route 186, node_num 8, cost 943.264000, nodes: 0(120000.00, 120000.00) 187 932 342 561 232 703 0(52624.00, 52624.00)
route 187, node_num 8, cost 1071.644000, nodes: 0(120000.00, 120000.00) 173 69 609 407 275 744 0(43454.00, 43454.00)
route 188, node_num 8, cost 1347.444000, nodes: 0(120000.00, 120000.00) 512 328 332 601 614 237 0(23754.00, 23754.00)
route 189, node_num 6, cost 1403.752000, nodes: 0(120000.00, 120000.00) 102 770 648 186 0(19732.00, 19732.00)
route 190, node_num 7, cost 801.794000, nodes: 0(120000.00, 120000.00) 621 625 184 662 169 0(62729.00, 62729.00)
route 191, node_num 8, cost 1749.090000, nodes: 0(120000.00, 120000.00) 446 812 618 1059(47718.00, 52653.00) 202 290 0(0.00, 0.00)
route 192, node_num 7, cost 1716.106000, nodes: 0(120000.00, 120000.00) 1060(66386.00, 98386.00) 597 213 569 340 0(29421.00, 29421.00)
route 193, node_num 7, cost 1529.542000, nodes: 0(120000.00, 120000.00) 516 165 705 463 105 0(10747.00, 10747.00)
route 194, node_num 7, cost 757.078000, nodes: 0(120000.00, 120000.00) 489 223 986 723 352 0(65923.00, 65923.00)
route 195, node_num 7, cost 1540.266000, nodes: 0(120000.00, 120000.00) 570 327 773 85 495 0(9981.00, 9981.00)
route 196, node_num 6, cost 554.064000, nodes: 0(120000.00, 120000.00) 76 810 94 813 0(80424.00, 80424.00)
route 197, node_num 6, cost 695.898000, nodes: 0(120000.00, 120000.00) 389 120 750 293 0(70293.00, 70293.00)
route 198, node_num 8, cost 1221.682000, nodes: 0(120000.00, 120000.00) 963 930 55 393 13 381 0(32737.00, 32737.00)
route 199, node_num 8, cost 1223.110000, nodes: 0(120000.00, 120000.00) 475 515 56 585 989 274 0(32635.00, 32635.00)
route 200, node_num 8, cost 983.710000, nodes: 0(120000.00, 120000.00) 627 953 25 892 965 336 0(49735.00, 49735.00)
route 201, node_num 5, cost 549.080000, nodes: 0(120000.00, 120000.00) 995 282 865 0(80780.00, 80780.00)
route 202, node_num 7, cost 952.336000, nodes: 0(120000.00, 120000.00) 190 416 148 301 681 0(51976.00, 51976.00)
route 203, node_num 8, cost 1836.086000, nodes: 0(120000.00, 120000.00) 432 783 6 107 172 1025(12978.00, 24127.00) 0(0.00, 0.00)
route 204, node_num 6, cost 1357.930000, nodes: 0(120000.00, 120000.00) 140 518 97 404 0(23005.00, 23005.00)
route 205, node_num 6, cost 866.656000, nodes: 0(120000.00, 120000.00) 170 593 17 454 0(58096.00, 58096.00)
route 206, node_num 8, cost 1692.474000, nodes: 0(120000.00, 120000.00) 1019(95324.00, 107324.00) 77 445 183 436 161 0(11109.00, 11109.00)
route 207, node_num 6, cost 1456.266000, nodes: 0(120000.00, 120000.00) 346 667 128 316 0(15981.00, 15981.00)
route 208, node_num 6, cost 1417.570000, nodes: 0(120000.00, 120000.00) 285 612 180 511 0(18745.00, 18745.00)
vehicle (route) number: 209
Total cost: 291415.37
362995.13, 32763.25
342458.19, 32501.56
329340.99, 32437.15
291415.37, 32400.22
293113.36, 32400.77
