Details of the solution:
route 0, node_num 6, cost 1644.748000, nodes: 0(120000.00, 120000.00) 140 156 99 72 0(2518.00, 2518.00)
route 1, node_num 7, cost 998.368000, nodes: 0(120000.00, 120000.00) 75 71 115 119 80 0(48688.00, 48688.00)
route 2, node_num 6, cost 806.302000, nodes: 0(120000.00, 120000.00) 190 90 137 147 0(62407.00, 62407.00)
route 3, node_num 7, cost 997.710000, nodes: 0(120000.00, 120000.00) 41 191 182 30 193 0(48735.00, 48735.00)
route 4, node_num 7, cost 1429.918000, nodes: 0(120000.00, 120000.00) 51 92 63 43 145 0(17863.00, 17863.00)
route 5, node_num 7, cost 1874.166000, nodes: 0(120000.00, 120000.00) 289(78600.00, 92469.00) 142 141 53 54 0(0.00, 0.00)
route 6, node_num 7, cost 994.644000, nodes: 0(120000.00, 120000.00) 150 81 33 139 188 0(48954.00, 48954.00)
route 7, node_num 8, cost 967.190000, nodes: 0(120000.00, 120000.00) 83 120 62 133 164 50 0(50915.00, 50915.00)
route 8, node_num 5, cost 1240.876000, nodes: 0(120000.00, 120000.00) 98 56 42 0(31366.00, 31366.00)
route 9, node_num 7, cost 1640.618000, nodes: 0(120000.00, 120000.00) 212(72845.00, 72845.00) 88 129 3 161 0(2813.00, 2813.00)
route 10, node_num 7, cost 1226.582000, nodes: 0(120000.00, 120000.00) 160 96 26 22 154 0(32387.00, 32387.00)
route 11, node_num 6, cost 864.206000, nodes: 0(120000.00, 120000.00) 167 40 35 118 0(58271.00, 58271.00)
route 12, node_num 7, cost 830.298000, nodes: 0(120000.00, 120000.00) 86 34 136 32 47 0(60693.00, 60693.00)
route 13, node_num 8, cost 1724.926000, nodes: 0(120000.00, 120000.00) 14 159 183 112 23 284(39585.00, 42794.00) 0(0.00, 0.00)
route 14, node_num 5, cost 1418.200000, nodes: 0(120000.00, 120000.00) 79 117 18 0(18700.00, 18700.00)
route 15, node_num 6, cost 1459.892000, nodes: 0(120000.00, 120000.00) 189 82 97 116 0(15722.00, 15722.00)
route 16, node_num 7, cost 1179.178000, nodes: 0(120000.00, 120000.00) 57 176 163 68 7 0(35773.00, 35773.00)
route 17, node_num 6, cost 1446.634000, nodes: 0(120000.00, 120000.00) 153 19 103 36 0(16669.00, 16669.00)
route 18, node_num 8, cost 1831.060000, nodes: 0(120000.00, 120000.00) 185 104 61 6 107 268(18447.00, 29237.00) 0(0.00, 0.00)
route 19, node_num 7, cost 1270.346000, nodes: 0(120000.00, 120000.00) 187 196 59 55 65 0(29261.00, 29261.00)
route 20, node_num 7, cost 1468.166000, nodes: 0(120000.00, 120000.00) 146 101 5 73 177 0(15131.00, 15131.00)
route 21, node_num 7, cost 1392.706000, nodes: 0(120000.00, 120000.00) 192 27 174 24 60 0(20521.00, 20521.00)
route 22, node_num 7, cost 1645.336000, nodes: 0(120000.00, 120000.00) 212(72845.00, 72845.00) 113 200 114 109 0(2476.00, 2476.00)
route 23, node_num 5, cost 1608.866000, nodes: 0(120000.00, 120000.00) 29 128 126 0(5081.00, 5081.00)
route 24, node_num 5, cost 694.624000, nodes: 0(120000.00, 120000.00) 158 131 93 0(70384.00, 70384.00)
route 25, node_num 7, cost 1062.166000, nodes: 0(120000.00, 120000.00) 135 12 130 181 106 0(44131.00, 44131.00)
route 26, node_num 6, cost 1526.910000, nodes: 0(120000.00, 120000.00) 110 127 66 105 0(10935.00, 10935.00)
route 27, node_num 8, cost 1658.020000, nodes: 0(120000.00, 120000.00) 15 9 85 125 48 268(30807.00, 30807.00) 0(1570.00, 1570.00)
route 28, node_num 6, cost 1098.622000, nodes: 0(120000.00, 120000.00) 170 25 38 171 0(41527.00, 41527.00)
route 29, node_num 6, cost 1205.414000, nodes: 0(120000.00, 120000.00) 138 162 148 20 0(33899.00, 33899.00)
route 30, node_num 6, cost 1293.908000, nodes: 0(120000.00, 120000.00) 70 102 49 143 0(27578.00, 27578.00)
route 31, node_num 8, cost 1732.906000, nodes: 0(120000.00, 120000.00) 10 1 194 172 123 225(20348.00, 24127.00) 0(0.00, 0.00)
route 32, node_num 6, cost 477.890000, nodes: 0(120000.00, 120000.00) 76 52 134 2 0(85865.00, 85865.00)
route 33, node_num 7, cost 1183.980000, nodes: 0(120000.00, 120000.00) 87 197 175 16 4 0(35430.00, 35430.00)
route 34, node_num 7, cost 1753.052000, nodes: 0(120000.00, 120000.00) 108 84 95 91 241(22094.00, 27312.00) 0(0.00, 0.00)
route 35, node_num 7, cost 1380.736000, nodes: 0(120000.00, 120000.00) 166 165 100 64 13 0(21376.00, 21376.00)
route 36, node_num 7, cost 1102.472000, nodes: 0(120000.00, 120000.00) 89 121 21 178 198 0(41252.00, 41252.00)
route 37, node_num 6, cost 557.578000, nodes: 0(120000.00, 120000.00) 44 179 124 111 0(80173.00, 80173.00)
route 38, node_num 5, cost 1008.644000, nodes: 0(120000.00, 120000.00) 157 17 180 0(47954.00, 47954.00)
route 39, node_num 6, cost 1135.694000, nodes: 0(120000.00, 120000.00) 77 155 195 37 0(38879.00, 38879.00)
route 40, node_num 7, cost 950.012000, nodes: 0(120000.00, 120000.00) 173 69 184 169 168 0(52142.00, 52142.00)
route 41, node_num 6, cost 743.316000, nodes: 0(120000.00, 120000.00) 199 74 122 39 0(66906.00, 66906.00)
route 42, node_num 7, cost 1563.156000, nodes: 0(120000.00, 120000.00) 45 58 151 28 67 0(8346.00, 8346.00)
route 43, node_num 6, cost 737.072000, nodes: 0(120000.00, 120000.00) 132 46 94 11 0(67352.00, 67352.00)
route 44, node_num 5, cost 1340.332000, nodes: 0(120000.00, 120000.00) 152 31 78 0(24262.00, 24262.00)
route 45, node_num 6, cost 1632.666000, nodes: 0(120000.00, 120000.00) 149 8 144 186 0(3381.00, 3381.00)
vehicle (route) number: 46
Total cost: 71600.11
72599.39, 3607.92
72161.48, 3600.08
73593.82, 3602.35
71637.84, 3600.70
72814.15, 3603.50
71600.11, 3620.78
71935.74, 3600.10
72556.36, 3603.72
73095.78, 3601.91
72833.81, 3604.92
