Details of the solution:
route 0, node_num 7, cost 1854.888000, nodes: 0(120000.00, 120000.00) 362 326 117 381 445(13410.00, 25902.00) 0(0.00, 0.00)
route 1, node_num 7, cost 611.478000, nodes: 0(120000.00, 120000.00) 55 20 298 348 200 0(76323.00, 76323.00)
route 2, node_num 6, cost 1845.942000, nodes: 0(120000.00, 120000.00) 416(95738.00, 107591.00) 352 160 272 0(0.00, 0.00)
route 3, node_num 8, cost 1668.534000, nodes: 0(120000.00, 120000.00) 443(90980.00, 90980.00) 238 250 276 391 249 0(819.00, 819.00)
route 4, node_num 7, cost 1326.850000, nodes: 0(120000.00, 120000.00) 332 1 296 239 252 0(25225.00, 25225.00)
route 5, node_num 5, cost 460.796000, nodes: 0(120000.00, 120000.00) 228 283 32 0(87086.00, 87086.00)
route 6, node_num 8, cost 1879.276000, nodes: 0(120000.00, 120000.00) 230 307 302 248 346 472(28683.00, 42917.00) 0(0.00, 0.00)
route 7, node_num 6, cost 995.946000, nodes: 0(120000.00, 120000.00) 338 322 300 310 0(48861.00, 48861.00)
route 8, node_num 7, cost 1623.398000, nodes: 0(120000.00, 120000.00) 315 330 390 382 435(49815.00, 49815.00) 0(4043.00, 4043.00)
route 9, node_num 8, cost 707.266000, nodes: 0(120000.00, 120000.00) 205 130 273 323 384 126 0(69481.00, 69481.00)
route 10, node_num 6, cost 2030.238000, nodes: 0(120000.00, 120000.00) 168 22 49 436(8234.00, 33251.00) 0(0.00, 0.00)
route 11, node_num 5, cost 1307.348000, nodes: 0(120000.00, 120000.00) 190 211 217 0(26618.00, 26618.00)
route 12, node_num 6, cost 1515.766000, nodes: 0(120000.00, 120000.00) 52 270 344 84 0(11731.00, 11731.00)
route 13, node_num 6, cost 834.750000, nodes: 0(120000.00, 120000.00) 158 268 319 209 0(60375.00, 60375.00)
route 14, node_num 6, cost 1523.578000, nodes: 0(120000.00, 120000.00) 335 176 380 101 0(11173.00, 11173.00)
route 15, node_num 7, cost 1926.834000, nodes: 0(120000.00, 120000.00) 186 447(50980.00, 120000.00) 196 118 233 0(51389.00, 51389.00)
route 16, node_num 5, cost 1284.094000, nodes: 0(120000.00, 120000.00) 269 188 232 0(28279.00, 28279.00)
route 17, node_num 7, cost 689.094000, nodes: 0(120000.00, 120000.00) 18 17 208 26 121 0(70779.00, 70779.00)
route 18, node_num 6, cost 1449.476000, nodes: 0(120000.00, 120000.00) 354 132 53 375 0(16466.00, 16466.00)
route 19, node_num 7, cost 1151.374000, nodes: 0(120000.00, 120000.00) 98 210 257 370 41 0(37759.00, 37759.00)
route 20, node_num 7, cost 1567.860000, nodes: 0(120000.00, 120000.00) 485(97648.00, 97648.00) 105 173 50 94 0(8010.00, 8010.00)
route 21, node_num 6, cost 417.214000, nodes: 0(120000.00, 120000.00) 220 95 203 337 0(90199.00, 90199.00)
route 22, node_num 6, cost 1562.176000, nodes: 0(120000.00, 120000.00) 70 125 318 425(50506.00, 50506.00) 0(8416.00, 8416.00)
route 23, node_num 7, cost 1288.952000, nodes: 0(120000.00, 120000.00) 312 263 267 85 353 0(27932.00, 27932.00)
route 24, node_num 5, cost 501.032000, nodes: 0(120000.00, 120000.00) 256 129 164 0(84212.00, 84212.00)
route 25, node_num 7, cost 449.792000, nodes: 0(120000.00, 120000.00) 294 88 367 48 39 0(87872.00, 87872.00)
route 26, node_num 7, cost 1635.368000, nodes: 0(120000.00, 120000.00) 36 280 358 60 472(46105.00, 46105.00) 0(3188.00, 3188.00)
route 27, node_num 8, cost 1691.018000, nodes: 0(120000.00, 120000.00) 78 376 66 214 73 431(31878.00, 32665.00) 0(0.00, 0.00)
route 28, node_num 8, cost 1670.228000, nodes: 0(120000.00, 120000.00) 122 19 115 331 212 464(7059.00, 7059.00) 0(698.00, 698.00)
route 29, node_num 7, cost 955.892000, nodes: 0(120000.00, 120000.00) 185 140 198 379 235 0(51722.00, 51722.00)
route 30, node_num 7, cost 1773.996000, nodes: 0(120000.00, 120000.00) 336 287 207 11 445(19188.00, 25902.00) 0(0.00, 0.00)
route 31, node_num 6, cost 1089.060000, nodes: 0(120000.00, 120000.00) 290 236 355 175 0(42210.00, 42210.00)
route 32, node_num 6, cost 1006.628000, nodes: 0(120000.00, 120000.00) 44 123 224 29 0(48098.00, 48098.00)
route 33, node_num 5, cost 1044.372000, nodes: 0(120000.00, 120000.00) 350 345 21 0(45402.00, 45402.00)
route 34, node_num 6, cost 579.124000, nodes: 0(120000.00, 120000.00) 35 51 142 293 0(78634.00, 78634.00)
route 35, node_num 6, cost 1268.134000, nodes: 0(120000.00, 120000.00) 305 6 43 136 0(29419.00, 29419.00)
route 36, node_num 7, cost 462.854000, nodes: 0(120000.00, 120000.00) 65 92 150 388 161 0(86939.00, 86939.00)
route 37, node_num 6, cost 1258.880000, nodes: 0(120000.00, 120000.00) 102 218 340 306 0(30080.00, 30080.00)
route 38, node_num 7, cost 1257.102000, nodes: 0(120000.00, 120000.00) 321 77 137 37 221 0(30207.00, 30207.00)
route 39, node_num 6, cost 1044.904000, nodes: 0(120000.00, 120000.00) 197 234 328 67 0(45364.00, 45364.00)
route 40, node_num 7, cost 1182.510000, nodes: 0(120000.00, 120000.00) 174 154 82 2 28 0(35535.00, 35535.00)
route 41, node_num 6, cost 1284.640000, nodes: 0(120000.00, 120000.00) 265 162 156 313 0(28240.00, 28240.00)
route 42, node_num 8, cost 664.160000, nodes: 0(120000.00, 120000.00) 333 165 93 231 361 311 0(72560.00, 72560.00)
route 43, node_num 6, cost 1584.016000, nodes: 0(120000.00, 120000.00) 246 157 87 278 0(6856.00, 6856.00)
route 44, node_num 6, cost 1367.604000, nodes: 0(120000.00, 120000.00) 259 99 103 178 0(22314.00, 22314.00)
route 45, node_num 6, cost 775.278000, nodes: 0(120000.00, 120000.00) 4 377 79 365 0(64623.00, 64623.00)
route 46, node_num 6, cost 1412.110000, nodes: 0(120000.00, 120000.00) 143 75 61 179 0(19135.00, 19135.00)
route 47, node_num 6, cost 1612.982000, nodes: 0(120000.00, 120000.00) 373 16 201 421(44014.00, 44014.00) 0(4787.00, 4787.00)
route 48, node_num 8, cost 991.536000, nodes: 0(120000.00, 120000.00) 199 147 120 107 271 135 0(49176.00, 49176.00)
route 49, node_num 7, cost 1326.248000, nodes: 0(120000.00, 120000.00) 189 80 109 251 266 0(25268.00, 25268.00)
route 50, node_num 6, cost 524.412000, nodes: 0(120000.00, 120000.00) 219 144 183 47 0(82542.00, 82542.00)
route 51, node_num 7, cost 1542.100000, nodes: 0(120000.00, 120000.00) 314 286 389 155 406(46088.00, 46088.00) 0(9850.00, 9850.00)
route 52, node_num 7, cost 1436.498000, nodes: 0(120000.00, 120000.00) 62 339 385 170 316 0(17393.00, 17393.00)
route 53, node_num 7, cost 974.974000, nodes: 0(120000.00, 120000.00) 8 59 351 191 243 0(50359.00, 50359.00)
route 54, node_num 6, cost 949.802000, nodes: 0(120000.00, 120000.00) 38 166 171 13 0(52157.00, 52157.00)
route 55, node_num 7, cost 1686.944000, nodes: 0(120000.00, 120000.00) 453(84325.00, 84821.00) 148 304 241 222 0(0.00, 0.00)
route 56, node_num 7, cost 1815.898000, nodes: 0(120000.00, 120000.00) 453(84325.00, 94032.00) 187 264 111 325 0(0.00, 0.00)
route 57, node_num 6, cost 1603.588000, nodes: 0(120000.00, 120000.00) 444(106638.00, 106638.00) 223 281 213 0(5458.00, 5458.00)
route 58, node_num 6, cost 311.024000, nodes: 0(120000.00, 120000.00) 226 364 134 393 0(97784.00, 97784.00)
route 59, node_num 5, cost 1172.150000, nodes: 0(120000.00, 120000.00) 225 146 169 0(36275.00, 36275.00)
route 60, node_num 6, cost 340.732000, nodes: 0(120000.00, 120000.00) 89 23 279 359 0(95662.00, 95662.00)
route 61, node_num 7, cost 1596.420000, nodes: 0(120000.00, 120000.00) 104 400 56 167 112 0(5970.00, 5970.00)
route 62, node_num 6, cost 948.906000, nodes: 0(120000.00, 120000.00) 206 360 24 7 0(52221.00, 52221.00)
route 63, node_num 6, cost 1016.918000, nodes: 0(120000.00, 120000.00) 58 237 131 258 0(47363.00, 47363.00)
route 64, node_num 8, cost 1074.164000, nodes: 0(120000.00, 120000.00) 303 397 108 152 110 30 0(43274.00, 43274.00)
route 65, node_num 6, cost 1567.328000, nodes: 0(120000.00, 120000.00) 371 369 327 426(46232.00, 46232.00) 0(8048.00, 8048.00)
route 66, node_num 6, cost 1232.980000, nodes: 0(120000.00, 120000.00) 247 274 163 378 0(31930.00, 31930.00)
route 67, node_num 8, cost 962.178000, nodes: 0(120000.00, 120000.00) 374 284 68 106 119 289 0(51273.00, 51273.00)
route 68, node_num 8, cost 1022.532000, nodes: 0(120000.00, 120000.00) 97 83 394 324 34 347 0(46962.00, 46962.00)
route 69, node_num 7, cost 1076.614000, nodes: 0(120000.00, 120000.00) 386 216 383 15 254 0(43099.00, 43099.00)
route 70, node_num 8, cost 1797.110000, nodes: 0(120000.00, 120000.00) 399 141 3 128 308 445(17537.00, 25902.00) 0(0.00, 0.00)
route 71, node_num 5, cost 1338.960000, nodes: 0(120000.00, 120000.00) 113 86 180 0(24360.00, 24360.00)
route 72, node_num 6, cost 1078.280000, nodes: 0(120000.00, 120000.00) 149 151 25 10 0(42980.00, 42980.00)
route 73, node_num 6, cost 1021.930000, nodes: 0(120000.00, 120000.00) 124 341 297 91 0(47005.00, 47005.00)
route 74, node_num 4, cost 415.786000, nodes: 0(120000.00, 120000.00) 363 72 0(90301.00, 90301.00)
route 75, node_num 6, cost 1008.182000, nodes: 0(120000.00, 120000.00) 372 114 244 299 0(47987.00, 47987.00)
route 76, node_num 5, cost 1466.724000, nodes: 0(120000.00, 120000.00) 27 202 33 0(15234.00, 15234.00)
route 77, node_num 5, cost 1545.124000, nodes: 0(120000.00, 120000.00) 138 277 12 0(9634.00, 9634.00)
route 78, node_num 6, cost 1616.104000, nodes: 0(120000.00, 120000.00) 14 116 343 436(37815.00, 37815.00) 0(4564.00, 4564.00)
route 79, node_num 8, cost 1663.578000, nodes: 0(120000.00, 120000.00) 227 368 261 54 45 421(40400.00, 40400.00) 0(1173.00, 1173.00)
route 80, node_num 8, cost 1524.838000, nodes: 0(120000.00, 120000.00) 193 177 172 342 194 414(48699.00, 48699.00) 0(11083.00, 11083.00)
route 81, node_num 6, cost 1077.412000, nodes: 0(120000.00, 120000.00) 349 159 329 301 0(43042.00, 43042.00)
route 82, node_num 6, cost 1186.388000, nodes: 0(120000.00, 120000.00) 127 139 5 182 0(35258.00, 35258.00)
route 83, node_num 6, cost 480.522000, nodes: 0(120000.00, 120000.00) 31 288 153 240 0(85677.00, 85677.00)
route 84, node_num 7, cost 1704.808000, nodes: 0(120000.00, 120000.00) 395 282 69 245 410(41425.00, 43197.00) 0(0.00, 0.00)
route 85, node_num 6, cost 1357.482000, nodes: 0(120000.00, 120000.00) 260 9 285 57 0(23037.00, 23037.00)
route 86, node_num 6, cost 1347.808000, nodes: 0(120000.00, 120000.00) 192 76 184 229 0(23728.00, 23728.00)
route 87, node_num 6, cost 1423.982000, nodes: 0(120000.00, 120000.00) 42 40 71 63 0(18287.00, 18287.00)
route 88, node_num 6, cost 1139.040000, nodes: 0(120000.00, 120000.00) 64 356 387 100 0(38640.00, 38640.00)
route 89, node_num 6, cost 1202.334000, nodes: 0(120000.00, 120000.00) 320 366 295 145 0(34119.00, 34119.00)
route 90, node_num 7, cost 1646.960000, nodes: 0(120000.00, 120000.00) 255 357 46 292 454(45318.00, 45318.00) 0(2360.00, 2360.00)
route 91, node_num 8, cost 1605.338000, nodes: 0(120000.00, 120000.00) 133 253 392 90 275 436(38584.00, 38584.00) 0(5333.00, 5333.00)
route 92, node_num 7, cost 549.654000, nodes: 0(120000.00, 120000.00) 181 309 74 334 398 0(80739.00, 80739.00)
route 93, node_num 6, cost 572.656000, nodes: 0(120000.00, 120000.00) 262 215 242 396 0(79096.00, 79096.00)
route 94, node_num 8, cost 506.002000, nodes: 0(120000.00, 120000.00) 291 317 204 96 81 195 0(83857.00, 83857.00)
vehicle (route) number: 95
Total cost: 143045.76
148216.85, 10858.52
144098.31, 10821.56
146830.68, 10823.32
143045.76, 10830.24
147094.42, 10802.44
147712.70, 10826.31
144147.03, 10800.28
147483.14, 10812.83
146782.87, 10805.19
146017.92, 10846.70
