Details of the solution:
route 0, node_num 8, cost 1849.680000, nodes: 0(120000.00, 120000.00) 283 323 251 204 168 437(6712.00, 18832.00) 0(0.00, 0.00)
route 1, node_num 8, cost 1631.798000, nodes: 0(120000.00, 120000.00) 394 222 303 76 383 474(38008.00, 38008.00) 0(3443.00, 3443.00)
route 2, node_num 7, cost 1671.166000, nodes: 0(120000.00, 120000.00) 365 83 26 150 452(11777.00, 11777.00) 0(631.00, 631.00)
route 3, node_num 7, cost 1483.496000, nodes: 0(120000.00, 120000.00) 270 156 130 119 203 0(14036.00, 14036.00)
route 4, node_num 5, cost 1152.438000, nodes: 0(120000.00, 120000.00) 67 194 11 0(37683.00, 37683.00)
route 5, node_num 7, cost 1846.964000, nodes: 0(120000.00, 120000.00) 159 48 54 85 475(9690.00, 21616.00) 0(0.00, 0.00)
route 6, node_num 7, cost 1759.464000, nodes: 0(120000.00, 120000.00) 437(100788.00, 106464.00) 349 104 325 52 0(0.00, 0.00)
route 7, node_num 8, cost 1689.198000, nodes: 0(120000.00, 120000.00) 79 368 45 215 223 475(20959.00, 21616.00) 0(0.00, 0.00)
route 8, node_num 7, cost 1696.814000, nodes: 0(120000.00, 120000.00) 16 89 264 308 474(33364.00, 34565.00) 0(0.00, 0.00)
route 9, node_num 7, cost 1373.414000, nodes: 0(120000.00, 120000.00) 84 318 260 97 116 0(21899.00, 21899.00)
route 10, node_num 7, cost 1624.966000, nodes: 0(120000.00, 120000.00) 449(86720.00, 102720.00) 99 233 32 316 0(19931.00, 19931.00)
route 11, node_num 7, cost 1917.762000, nodes: 0(120000.00, 120000.00) 370 208 229 350 475(4633.00, 21616.00) 0(0.00, 0.00)
route 12, node_num 8, cost 793.338000, nodes: 0(120000.00, 120000.00) 335 50 267 68 396 287 0(63333.00, 63333.00)
route 13, node_num 8, cost 1745.198000, nodes: 0(120000.00, 120000.00) 238 162 378 128 291 426(37911.00, 42568.00) 0(0.00, 0.00)
route 14, node_num 8, cost 1684.242000, nodes: 0(120000.00, 120000.00) 181 33 29 176 355 466(30493.00, 30796.00) 0(0.00, 0.00)
route 15, node_num 8, cost 1057.378000, nodes: 0(120000.00, 120000.00) 307 289 293 167 224 294 0(44473.00, 44473.00)
route 16, node_num 6, cost 1046.318000, nodes: 0(120000.00, 120000.00) 344 239 337 331 0(45263.00, 45263.00)
route 17, node_num 8, cost 1612.912000, nodes: 0(120000.00, 120000.00) 90 177 92 209 356 145 0(4792.00, 4792.00)
route 18, node_num 8, cost 1626.268000, nodes: 0(120000.00, 120000.00) 379 143 276 13 198 475(25454.00, 25454.00) 0(3838.00, 3838.00)
route 19, node_num 7, cost 1191.666000, nodes: 0(120000.00, 120000.00) 245 230 66 141 334 0(34881.00, 34881.00)
route 20, node_num 7, cost 1721.888000, nodes: 0(120000.00, 120000.00) 369 236 5 186 466(27804.00, 30796.00) 0(0.00, 0.00)
route 21, node_num 7, cost 1530.326000, nodes: 0(120000.00, 120000.00) 56 372 243 265 8 0(10691.00, 10691.00)
route 22, node_num 8, cost 1039.290000, nodes: 0(120000.00, 120000.00) 47 127 385 389 87 35 0(45765.00, 45765.00)
route 23, node_num 7, cost 995.050000, nodes: 0(120000.00, 120000.00) 105 75 94 62 304 0(48925.00, 48925.00)
route 24, node_num 8, cost 1837.948000, nodes: 0(120000.00, 120000.00) 305 339 259 302 226 437(7550.00, 18832.00) 0(0.00, 0.00)
route 25, node_num 7, cost 1265.292000, nodes: 0(120000.00, 120000.00) 246 351 17 110 38 0(29622.00, 29622.00)
route 26, node_num 6, cost 953.778000, nodes: 0(120000.00, 120000.00) 180 235 183 232 0(51873.00, 51873.00)
route 27, node_num 7, cost 1092.378000, nodes: 0(120000.00, 120000.00) 178 217 115 384 341 0(41973.00, 41973.00)
route 28, node_num 7, cost 1603.980000, nodes: 0(120000.00, 120000.00) 179 182 134 15 475(27046.00, 27046.00) 0(5430.00, 5430.00)
route 29, node_num 7, cost 1787.828000, nodes: 0(120000.00, 120000.00) 437(100788.00, 112788.00) 256 28 59 199 0(4298.00, 4298.00)
route 30, node_num 5, cost 905.884000, nodes: 0(120000.00, 120000.00) 360 268 347 0(55294.00, 55294.00)
route 31, node_num 6, cost 881.916000, nodes: 0(120000.00, 120000.00) 278 397 399 4 0(57006.00, 57006.00)
route 32, node_num 8, cost 1175.818000, nodes: 0(120000.00, 120000.00) 170 193 362 172 129 269 0(36013.00, 36013.00)
route 33, node_num 8, cost 1788.920000, nodes: 0(120000.00, 120000.00) 64 137 95 416(49802.00, 57582.00) 20 53 0(0.00, 0.00)
route 34, node_num 7, cost 1651.776000, nodes: 0(120000.00, 120000.00) 118 330 43 309 244 0(2016.00, 2016.00)
route 35, node_num 7, cost 1039.136000, nodes: 0(120000.00, 120000.00) 371 242 393 73 163 0(45776.00, 45776.00)
route 36, node_num 7, cost 1275.638000, nodes: 0(120000.00, 120000.00) 295 314 70 357 381 0(28883.00, 28883.00)
route 37, node_num 5, cost 464.996000, nodes: 0(120000.00, 120000.00) 154 398 201 0(86786.00, 86786.00)
route 38, node_num 8, cost 1424.836000, nodes: 0(120000.00, 120000.00) 142 354 61 297 174 206 0(18226.00, 18226.00)
route 39, node_num 6, cost 840.252000, nodes: 0(120000.00, 120000.00) 345 190 184 74 0(59982.00, 59982.00)
route 40, node_num 8, cost 939.708000, nodes: 0(120000.00, 120000.00) 12 7 189 277 315 311 0(52878.00, 52878.00)
route 41, node_num 8, cost 1612.156000, nodes: 0(120000.00, 120000.00) 210 211 96 106 1 474(39411.00, 39411.00) 0(4846.00, 4846.00)
route 42, node_num 6, cost 1139.502000, nodes: 0(120000.00, 120000.00) 358 51 352 220 0(38607.00, 38607.00)
route 43, node_num 5, cost 846.384000, nodes: 0(120000.00, 120000.00) 108 27 272 0(59544.00, 59544.00)
route 44, node_num 7, cost 1547.322000, nodes: 0(120000.00, 120000.00) 146 298 262 60 258 0(9477.00, 9477.00)
route 45, node_num 7, cost 887.278000, nodes: 0(120000.00, 120000.00) 131 374 98 9 346 0(56623.00, 56623.00)
route 46, node_num 6, cost 1034.194000, nodes: 0(120000.00, 120000.00) 254 114 158 284 0(46129.00, 46129.00)
route 47, node_num 7, cost 1566.082000, nodes: 0(120000.00, 120000.00) 91 151 120 214 475(29753.00, 29753.00) 0(8137.00, 8137.00)
route 48, node_num 7, cost 1565.522000, nodes: 0(120000.00, 120000.00) 41 292 100 200 274 0(8177.00, 8177.00)
route 49, node_num 6, cost 1262.072000, nodes: 0(120000.00, 120000.00) 253 22 213 263 0(29852.00, 29852.00)
route 50, node_num 6, cost 699.146000, nodes: 0(120000.00, 120000.00) 18 306 241 343 0(70061.00, 70061.00)
route 51, node_num 6, cost 1080.296000, nodes: 0(120000.00, 120000.00) 24 14 23 212 0(42836.00, 42836.00)
route 52, node_num 7, cost 952.126000, nodes: 0(120000.00, 120000.00) 380 6 71 317 275 0(51991.00, 51991.00)
route 53, node_num 6, cost 902.286000, nodes: 0(120000.00, 120000.00) 282 353 81 126 0(55551.00, 55551.00)
route 54, node_num 7, cost 535.794000, nodes: 0(120000.00, 120000.00) 164 382 55 77 240 0(81729.00, 81729.00)
route 55, node_num 7, cost 1039.024000, nodes: 0(120000.00, 120000.00) 310 221 338 111 57 0(45784.00, 45784.00)
route 56, node_num 7, cost 1568.700000, nodes: 0(120000.00, 120000.00) 34 231 69 197 395 0(7950.00, 7950.00)
route 57, node_num 6, cost 1307.810000, nodes: 0(120000.00, 120000.00) 113 386 348 373 0(26585.00, 26585.00)
route 58, node_num 6, cost 201.768000, nodes: 0(120000.00, 120000.00) 153 93 312 296 0(105588.00, 105588.00)
route 59, node_num 8, cost 1125.852000, nodes: 0(120000.00, 120000.00) 332 30 101 248 388 367 0(39582.00, 39582.00)
route 60, node_num 6, cost 1582.658000, nodes: 0(120000.00, 120000.00) 340 121 39 196 0(6953.00, 6953.00)
route 61, node_num 6, cost 1125.138000, nodes: 0(120000.00, 120000.00) 157 250 10 31 0(39633.00, 39633.00)
route 62, node_num 6, cost 698.922000, nodes: 0(120000.00, 120000.00) 320 237 161 102 0(70077.00, 70077.00)
route 63, node_num 7, cost 935.914000, nodes: 0(120000.00, 120000.00) 313 299 2 139 391 0(53149.00, 53149.00)
route 64, node_num 6, cost 911.134000, nodes: 0(120000.00, 120000.00) 266 25 228 328 0(54919.00, 54919.00)
route 65, node_num 5, cost 487.256000, nodes: 0(120000.00, 120000.00) 36 192 19 0(85196.00, 85196.00)
route 66, node_num 8, cost 1593.396000, nodes: 0(120000.00, 120000.00) 21 281 149 125 329 466(36982.00, 36982.00) 0(6186.00, 6186.00)
route 67, node_num 6, cost 1268.120000, nodes: 0(120000.00, 120000.00) 165 191 112 44 0(29420.00, 29420.00)
route 68, node_num 6, cost 895.776000, nodes: 0(120000.00, 120000.00) 175 117 123 336 0(56016.00, 56016.00)
route 69, node_num 5, cost 1249.388000, nodes: 0(120000.00, 120000.00) 188 364 169 0(30758.00, 30758.00)
route 70, node_num 5, cost 714.672000, nodes: 0(120000.00, 120000.00) 144 366 288 0(68952.00, 68952.00)
route 71, node_num 8, cost 1047.774000, nodes: 0(120000.00, 120000.00) 65 359 109 135 42 216 0(45159.00, 45159.00)
route 72, node_num 7, cost 1291.038000, nodes: 0(120000.00, 120000.00) 342 140 326 280 324 0(27783.00, 27783.00)
route 73, node_num 6, cost 1469.874000, nodes: 0(120000.00, 120000.00) 185 160 202 148 0(15009.00, 15009.00)
route 74, node_num 5, cost 1307.390000, nodes: 0(120000.00, 120000.00) 80 285 279 0(26615.00, 26615.00)
route 75, node_num 7, cost 1309.294000, nodes: 0(120000.00, 120000.00) 387 195 63 375 88 0(26479.00, 26479.00)
route 76, node_num 6, cost 1608.642000, nodes: 0(120000.00, 120000.00) 46 227 173 72 0(5097.00, 5097.00)
route 77, node_num 6, cost 710.654000, nodes: 0(120000.00, 120000.00) 205 234 3 255 0(69239.00, 69239.00)
route 78, node_num 6, cost 942.550000, nodes: 0(120000.00, 120000.00) 40 319 219 166 0(52675.00, 52675.00)
route 79, node_num 6, cost 1023.204000, nodes: 0(120000.00, 120000.00) 257 390 333 136 0(46914.00, 46914.00)
route 80, node_num 7, cost 1656.004000, nodes: 0(120000.00, 120000.00) 86 400 49 392 321 0(1714.00, 1714.00)
route 81, node_num 6, cost 1321.152000, nodes: 0(120000.00, 120000.00) 207 363 58 225 0(25632.00, 25632.00)
route 82, node_num 6, cost 1385.090000, nodes: 0(120000.00, 120000.00) 187 271 37 82 0(21065.00, 21065.00)
route 83, node_num 6, cost 1470.462000, nodes: 0(120000.00, 120000.00) 273 107 132 252 0(14967.00, 14967.00)
route 84, node_num 6, cost 995.820000, nodes: 0(120000.00, 120000.00) 286 133 327 138 0(48870.00, 48870.00)
route 85, node_num 6, cost 715.624000, nodes: 0(120000.00, 120000.00) 261 249 124 290 0(68884.00, 68884.00)
route 86, node_num 6, cost 1065.554000, nodes: 0(120000.00, 120000.00) 300 247 147 301 0(43889.00, 43889.00)
route 87, node_num 6, cost 676.242000, nodes: 0(120000.00, 120000.00) 122 103 152 376 0(71697.00, 71697.00)
route 88, node_num 6, cost 1225.518000, nodes: 0(120000.00, 120000.00) 78 322 377 155 0(32463.00, 32463.00)
route 89, node_num 5, cost 635.152000, nodes: 0(120000.00, 120000.00) 171 218 361 0(74632.00, 74632.00)
vehicle (route) number: 90
Total cost: 137863.84
143246.75, 10830.04
141592.84, 10801.04
141647.88, 10832.10
141799.08, 10812.45
144922.07, 10803.68
137863.84, 10832.73
139992.89, 10788.60
141517.77, 10814.93
142512.04, 10822.11
143155.25, 10801.24
