Details of the solution:
route 0, node_num 7, cost 487.284000, nodes: 0(120000.00, 120000.00) 321 179 344 317 195 0(85194.00, 85194.00)
route 1, node_num 7, cost 1720.166000, nodes: 0(120000.00, 120000.00) 166 392 490(52405.00, 72405.00) 61 308 0(17131.00, 17131.00)
route 2, node_num 9, cost 935.564000, nodes: 0(120000.00, 120000.00) 250 71 258 342 216 232 340 0(53174.00, 53174.00)
route 3, node_num 5, cost 1434.538000, nodes: 0(120000.00, 120000.00) 29 316 359 0(17533.00, 17533.00)
route 4, node_num 7, cost 919.506000, nodes: 0(120000.00, 120000.00) 212 101 119 36 338 0(54321.00, 54321.00)
route 5, node_num 6, cost 1654.058000, nodes: 0(120000.00, 120000.00) 261 156 99 72 0(1853.00, 1853.00)
route 6, node_num 8, cost 1467.228000, nodes: 0(120000.00, 120000.00) 233 278 152 237 78 241 0(15198.00, 15198.00)
route 7, node_num 7, cost 1612.436000, nodes: 0(120000.00, 120000.00) 351 1 194 202 67 0(4826.00, 4826.00)
route 8, node_num 6, cost 1434.790000, nodes: 0(120000.00, 120000.00) 70 138 97 116 0(17515.00, 17515.00)
route 9, node_num 6, cost 759.388000, nodes: 0(120000.00, 120000.00) 366 35 4 293 0(65758.00, 65758.00)
route 10, node_num 6, cost 1335.068000, nodes: 0(120000.00, 120000.00) 259 108 221 155 0(24638.00, 24638.00)
route 11, node_num 7, cost 634.676000, nodes: 0(120000.00, 120000.00) 355 320 291 211 382 0(74666.00, 74666.00)
route 12, node_num 6, cost 359.156000, nodes: 0(120000.00, 120000.00) 76 46 111 226 0(94346.00, 94346.00)
route 13, node_num 8, cost 1724.030000, nodes: 0(120000.00, 120000.00) 378 240 73 207 177 468(26092.00, 29237.00) 0(0.00, 0.00)
route 14, node_num 7, cost 1426.124000, nodes: 0(120000.00, 120000.00) 79 117 334 162 161 0(18134.00, 18134.00)
route 15, node_num 6, cost 974.134000, nodes: 0(120000.00, 120000.00) 383 365 115 80 0(50419.00, 50419.00)
route 16, node_num 7, cost 884.394000, nodes: 0(120000.00, 120000.00) 357 120 327 175 234 0(56829.00, 56829.00)
route 17, node_num 8, cost 1933.624000, nodes: 0(120000.00, 120000.00) 142 213 53 141 125 425(6011.00, 24127.00) 0(0.00, 0.00)
route 18, node_num 7, cost 1271.704000, nodes: 0(120000.00, 120000.00) 225 98 42 274 288 0(29164.00, 29164.00)
route 19, node_num 5, cost 149.436000, nodes: 0(120000.00, 120000.00) 242 372 333 0(109326.00, 109326.00)
route 20, node_num 7, cost 712.040000, nodes: 0(120000.00, 120000.00) 235 199 74 106 147 0(69140.00, 69140.00)
route 21, node_num 7, cost 1653.288000, nodes: 0(120000.00, 120000.00) 14 159 23 49 143 0(1908.00, 1908.00)
route 22, node_num 6, cost 831.222000, nodes: 0(120000.00, 120000.00) 272 386 395 287 0(60627.00, 60627.00)
route 23, node_num 8, cost 1730.218000, nodes: 0(120000.00, 120000.00) 363 498(62360.00, 65947.00) 260 183 269 252 0(0.00, 0.00)
route 24, node_num 8, cost 1214.752000, nodes: 0(120000.00, 120000.00) 75 330 224 100 64 381 0(33232.00, 33232.00)
route 25, node_num 6, cost 1133.580000, nodes: 0(120000.00, 120000.00) 174 27 12 193 0(39030.00, 39030.00)
route 26, node_num 7, cost 1139.194000, nodes: 0(120000.00, 120000.00) 77 163 301 275 215 0(38629.00, 38629.00)
route 27, node_num 7, cost 1557.948000, nodes: 0(120000.00, 120000.00) 31 309 377 319 294 0(8718.00, 8718.00)
route 28, node_num 6, cost 822.962000, nodes: 0(120000.00, 120000.00) 310 248 178 341 0(61217.00, 61217.00)
route 29, node_num 8, cost 809.368000, nodes: 0(120000.00, 120000.00) 229 350 305 139 133 369 0(62188.00, 62188.00)
route 30, node_num 6, cost 1163.078000, nodes: 0(120000.00, 120000.00) 306 364 296 38 0(36923.00, 36923.00)
route 31, node_num 7, cost 1628.270000, nodes: 0(120000.00, 120000.00) 361 88 129 358 253 0(3695.00, 3695.00)
route 32, node_num 7, cost 1492.078000, nodes: 0(120000.00, 120000.00) 51 56 297 137 168 0(13423.00, 13423.00)
route 33, node_num 6, cost 1432.984000, nodes: 0(120000.00, 120000.00) 326 102 8 144 0(17644.00, 17644.00)
route 34, node_num 6, cost 1519.182000, nodes: 0(120000.00, 120000.00) 10 127 227 24 0(11487.00, 11487.00)
route 35, node_num 9, cost 1625.274000, nodes: 0(120000.00, 120000.00) 244 45 332 302 281 48 468(33146.00, 33146.00) 0(3909.00, 3909.00)
route 36, node_num 6, cost 955.948000, nodes: 0(120000.00, 120000.00) 201 81 33 54 0(51718.00, 51718.00)
route 37, node_num 6, cost 708.764000, nodes: 0(120000.00, 120000.00) 397 190 312 282 0(69374.00, 69374.00)
route 38, node_num 7, cost 990.584000, nodes: 0(120000.00, 120000.00) 87 197 328 268 171 0(49244.00, 49244.00)
route 39, node_num 5, cost 677.194000, nodes: 0(120000.00, 120000.00) 158 314 180 0(71629.00, 71629.00)
route 40, node_num 7, cost 1167.390000, nodes: 0(120000.00, 120000.00) 389 388 393 367 267 0(36615.00, 36615.00)
route 41, node_num 7, cost 1251.054000, nodes: 0(120000.00, 120000.00) 304 243 19 30 219 0(30639.00, 30639.00)
route 42, node_num 7, cost 1282.372000, nodes: 0(120000.00, 120000.00) 360 15 165 188 50 0(28402.00, 28402.00)
route 43, node_num 7, cost 1034.950000, nodes: 0(120000.00, 120000.00) 255 176 347 148 20 0(46075.00, 46075.00)
route 44, node_num 8, cost 1171.030000, nodes: 0(120000.00, 120000.00) 362 41 191 13 60 203 0(36355.00, 36355.00)
route 45, node_num 5, cost 1354.654000, nodes: 0(120000.00, 120000.00) 149 266 103 0(23239.00, 23239.00)
route 46, node_num 8, cost 762.818000, nodes: 0(120000.00, 120000.00) 132 94 11 220 276 118 0(65513.00, 65513.00)
route 47, node_num 8, cost 1655.206000, nodes: 0(120000.00, 120000.00) 9 58 339 85 398 447(42508.00, 42508.00) 0(1771.00, 1771.00)
route 48, node_num 6, cost 1421.602000, nodes: 0(120000.00, 120000.00) 271 247 112 384 0(18457.00, 18457.00)
route 49, node_num 7, cost 1129.884000, nodes: 0(120000.00, 120000.00) 150 210 313 348 323 0(39294.00, 39294.00)
route 50, node_num 8, cost 1037.554000, nodes: 0(120000.00, 120000.00) 135 375 292 59 324 164 0(45889.00, 45889.00)
route 51, node_num 6, cost 1114.106000, nodes: 0(120000.00, 120000.00) 189 273 345 299 0(40421.00, 40421.00)
route 52, node_num 6, cost 943.306000, nodes: 0(120000.00, 120000.00) 157 17 170 254 0(52621.00, 52621.00)
route 53, node_num 6, cost 601.538000, nodes: 0(120000.00, 120000.00) 265 279 32 47 0(77033.00, 77033.00)
route 54, node_num 7, cost 1503.782000, nodes: 0(120000.00, 120000.00) 257 92 63 43 145 0(12587.00, 12587.00)
route 55, node_num 8, cost 1835.736000, nodes: 0(120000.00, 120000.00) 285 251 387 6 107 468(18113.00, 29237.00) 0(0.00, 0.00)
route 56, node_num 7, cost 1512.728000, nodes: 0(120000.00, 120000.00) 346 128 82 126 205 0(11948.00, 11948.00)
route 57, node_num 7, cost 818.930000, nodes: 0(120000.00, 120000.00) 263 44 184 217 169 0(61505.00, 61505.00)
route 58, node_num 6, cost 828.338000, nodes: 0(120000.00, 120000.00) 311 400 337 130 0(60833.00, 60833.00)
route 59, node_num 7, cost 809.074000, nodes: 0(120000.00, 120000.00) 280 160 96 239 124 0(62209.00, 62209.00)
route 60, node_num 7, cost 535.710000, nodes: 0(120000.00, 120000.00) 52 249 270 134 2 0(81735.00, 81735.00)
route 61, node_num 6, cost 480.816000, nodes: 0(120000.00, 120000.00) 222 86 325 396 0(85656.00, 85656.00)
route 62, node_num 7, cost 1201.900000, nodes: 0(120000.00, 120000.00) 315 322 379 5 186 0(34150.00, 34150.00)
route 63, node_num 7, cost 1064.924000, nodes: 0(120000.00, 120000.00) 356 394 335 22 238 0(43934.00, 43934.00)
route 64, node_num 6, cost 464.492000, nodes: 0(120000.00, 120000.00) 167 204 40 331 0(86822.00, 86822.00)
route 65, node_num 7, cost 879.746000, nodes: 0(120000.00, 120000.00) 230 286 121 136 246 0(57161.00, 57161.00)
route 66, node_num 6, cost 1286.754000, nodes: 0(120000.00, 120000.00) 289 110 66 105 0(28089.00, 28089.00)
route 67, node_num 8, cost 1119.062000, nodes: 0(120000.00, 120000.00) 399 380 353 68 343 7 0(40067.00, 40067.00)
route 68, node_num 7, cost 1553.748000, nodes: 0(120000.00, 120000.00) 277 200 3 114 109 0(9018.00, 9018.00)
route 69, node_num 7, cost 1064.448000, nodes: 0(120000.00, 120000.00) 231 262 25 228 329 0(43968.00, 43968.00)
route 70, node_num 6, cost 1408.400000, nodes: 0(120000.00, 120000.00) 300 140 18 370 0(19400.00, 19400.00)
route 71, node_num 7, cost 974.162000, nodes: 0(120000.00, 120000.00) 187 196 318 62 336 0(50417.00, 50417.00)
route 72, node_num 5, cost 736.106000, nodes: 0(120000.00, 120000.00) 83 131 93 0(67421.00, 67421.00)
route 73, node_num 8, cost 1114.386000, nodes: 0(120000.00, 120000.00) 390 90 84 206 295 371 0(40401.00, 40401.00)
route 74, node_num 8, cost 845.054000, nodes: 0(120000.00, 120000.00) 391 34 209 352 198 154 0(59639.00, 59639.00)
route 75, node_num 8, cost 1573.250000, nodes: 0(120000.00, 120000.00) 368 303 113 385 264 412(53913.00, 53913.00) 0(7625.00, 7625.00)
route 76, node_num 9, cost 801.052000, nodes: 0(120000.00, 120000.00) 376 214 284 26 95 91 374 0(62782.00, 62782.00)
route 77, node_num 6, cost 764.764000, nodes: 0(120000.00, 120000.00) 373 146 182 181 0(65374.00, 65374.00)
route 78, node_num 6, cost 786.940000, nodes: 0(120000.00, 120000.00) 57 298 122 39 0(63790.00, 63790.00)
route 79, node_num 7, cost 768.138000, nodes: 0(120000.00, 120000.00) 89 283 21 256 37 0(65133.00, 65133.00)
route 80, node_num 7, cost 1475.222000, nodes: 0(120000.00, 120000.00) 153 307 55 16 290 0(14627.00, 14627.00)
route 81, node_num 7, cost 836.976000, nodes: 0(120000.00, 120000.00) 173 69 208 223 349 0(60216.00, 60216.00)
route 82, node_num 8, cost 1415.624000, nodes: 0(120000.00, 120000.00) 192 236 245 218 65 354 0(18884.00, 18884.00)
route 83, node_num 8, cost 1562.512000, nodes: 0(120000.00, 120000.00) 185 104 151 28 172 123 0(8392.00, 8392.00)
vehicle (route) number: 84
Total cost: 120065.47
123283.94, 10824.22
123827.59, 10814.73
120065.47, 10815.00
121544.50, 10808.99
124028.53, 10814.36
123148.90, 10823.37
123699.46, 10037.55
122067.63, 10800.98
126317.31, 10800.10
123399.24, 10800.73
