Details of the solution:
route 0, node_num 6, cost 1025.416000, nodes: 0(120000.00, 120000.00) 102 31 304 94 0(46756.00, 46756.00)
route 1, node_num 8, cost 1160.684000, nodes: 0(120000.00, 120000.00) 171 362 101 248 30 75 0(37094.00, 37094.00)
route 2, node_num 6, cost 394.520000, nodes: 0(120000.00, 120000.00) 216 12 70 14 0(91820.00, 91820.00)
route 3, node_num 8, cost 1846.880000, nodes: 0(120000.00, 120000.00) 33 329 125 291 378 477(8103.00, 20023.00) 0(0.00, 0.00)
route 4, node_num 7, cost 1562.806000, nodes: 0(120000.00, 120000.00) 238 145 79 50 461(12857.00, 12857.00) 0(8371.00, 8371.00)
route 5, node_num 6, cost 857.136000, nodes: 0(120000.00, 120000.00) 136 2 299 9 0(58776.00, 58776.00)
route 6, node_num 7, cost 1675.338000, nodes: 0(120000.00, 120000.00) 158 67 66 180 423(4847.00, 4847.00) 0(333.00, 333.00)
route 7, node_num 7, cost 676.032000, nodes: 0(120000.00, 120000.00) 57 398 311 343 306 0(71712.00, 71712.00)
route 8, node_num 7, cost 1408.596000, nodes: 0(120000.00, 120000.00) 421(81946.00, 120000.00) 245 194 11 164 0(57440.00, 57440.00)
route 9, node_num 5, cost 815.668000, nodes: 0(120000.00, 120000.00) 65 282 275 0(61738.00, 61738.00)
route 10, node_num 8, cost 464.100000, nodes: 0(120000.00, 120000.00) 261 249 290 109 327 286 0(86850.00, 86850.00)
route 11, node_num 6, cost 1460.186000, nodes: 0(120000.00, 120000.00) 141 334 371 77 0(15701.00, 15701.00)
route 12, node_num 7, cost 1726.340000, nodes: 0(120000.00, 120000.00) 430(107152.00, 110462.00) 355 29 181 315 0(0.00, 0.00)
route 13, node_num 6, cost 853.594000, nodes: 0(120000.00, 120000.00) 119 121 130 140 0(59029.00, 59029.00)
route 14, node_num 6, cost 1044.036000, nodes: 0(120000.00, 120000.00) 267 190 345 346 0(45426.00, 45426.00)
route 15, node_num 8, cost 1836.604000, nodes: 0(120000.00, 120000.00) 430(107152.00, 120000.00) 8 215 45 233 32 0(1662.00, 1662.00)
route 16, node_num 6, cost 640.038000, nodes: 0(120000.00, 120000.00) 296 142 201 277 0(74283.00, 74283.00)
route 17, node_num 8, cost 1641.766000, nodes: 0(120000.00, 120000.00) 204 305 49 392 159 423(7245.00, 7245.00) 0(2731.00, 2731.00)
route 18, node_num 6, cost 601.216000, nodes: 0(120000.00, 120000.00) 357 23 295 314 0(77056.00, 77056.00)
route 19, node_num 6, cost 940.702000, nodes: 0(120000.00, 120000.00) 341 17 169 203 0(52807.00, 52807.00)
route 20, node_num 8, cost 1669.710000, nodes: 0(120000.00, 120000.00) 38 193 316 281 176 456(24113.00, 24113.00) 0(735.00, 735.00)
route 21, node_num 6, cost 1455.048000, nodes: 0(120000.00, 120000.00) 222 1 106 370 0(16068.00, 16068.00)
route 22, node_num 7, cost 1548.190000, nodes: 0(120000.00, 120000.00) 424(78004.00, 78004.00) 229 15 112 211 0(9415.00, 9415.00)
route 23, node_num 7, cost 747.278000, nodes: 0(120000.00, 120000.00) 123 351 246 115 42 0(66623.00, 66623.00)
route 24, node_num 7, cost 1625.736000, nodes: 0(120000.00, 120000.00) 424(78004.00, 120000.00) 350 276 13 134 0(45872.00, 45872.00)
route 25, node_num 8, cost 667.674000, nodes: 0(120000.00, 120000.00) 326 46 280 324 342 381 0(72309.00, 72309.00)
route 26, node_num 6, cost 1316.840000, nodes: 0(120000.00, 120000.00) 90 319 18 254 0(25940.00, 25940.00)
route 27, node_num 8, cost 1738.828000, nodes: 0(120000.00, 120000.00) 494(85239.00, 89441.00) 40 352 358 51 224 0(0.00, 0.00)
route 28, node_num 7, cost 1545.082000, nodes: 0(120000.00, 120000.00) 400 104 325 48 445(32440.00, 32440.00) 0(9637.00, 9637.00)
route 29, node_num 7, cost 1460.844000, nodes: 0(120000.00, 120000.00) 62 285 197 369 107 0(15654.00, 15654.00)
route 30, node_num 6, cost 980.896000, nodes: 0(120000.00, 120000.00) 255 4 399 278 0(49936.00, 49936.00)
route 31, node_num 6, cost 1673.406000, nodes: 0(120000.00, 120000.00) 198 143 5 236 0(471.00, 471.00)
route 32, node_num 7, cost 1112.342000, nodes: 0(120000.00, 120000.00) 147 22 298 262 363 0(40547.00, 40547.00)
route 33, node_num 8, cost 1803.774000, nodes: 0(120000.00, 120000.00) 477(102343.00, 111184.00) 160 149 202 260 148 0(0.00, 0.00)
route 34, node_num 6, cost 1561.532000, nodes: 0(120000.00, 120000.00) 294 220 219 307 0(8462.00, 8462.00)
route 35, node_num 6, cost 1253.840000, nodes: 0(120000.00, 120000.00) 68 396 152 192 0(30440.00, 30440.00)
route 36, node_num 8, cost 1592.290000, nodes: 0(120000.00, 120000.00) 235 163 177 43 244 403(15380.00, 15380.00) 0(6265.00, 6265.00)
route 37, node_num 7, cost 1749.944000, nodes: 0(120000.00, 120000.00) 477(102343.00, 107339.00) 26 162 128 113 0(0.00, 0.00)
route 38, node_num 7, cost 1700.972000, nodes: 0(120000.00, 120000.00) 368 223 54 71 423(3016.00, 4514.00) 0(0.00, 0.00)
route 39, node_num 6, cost 1527.162000, nodes: 0(120000.00, 120000.00) 52 81 208 59 0(10917.00, 10917.00)
route 40, node_num 6, cost 1496.572000, nodes: 0(120000.00, 120000.00) 150 318 170 129 0(13102.00, 13102.00)
route 41, node_num 7, cost 1105.888000, nodes: 0(120000.00, 120000.00) 139 394 389 385 361 0(41008.00, 41008.00)
route 42, node_num 8, cost 1581.496000, nodes: 0(120000.00, 120000.00) 289 293 167 155 73 477(27059.00, 27059.00) 0(7036.00, 7036.00)
route 43, node_num 6, cost 938.490000, nodes: 0(120000.00, 120000.00) 382 161 237 320 0(52965.00, 52965.00)
route 44, node_num 5, cost 1496.894000, nodes: 0(120000.00, 120000.00) 395 99 185 0(13079.00, 13079.00)
route 45, node_num 5, cost 865.480000, nodes: 0(120000.00, 120000.00) 328 344 379 0(58180.00, 58180.00)
route 46, node_num 5, cost 327.950000, nodes: 0(120000.00, 120000.00) 338 221 189 0(96575.00, 96575.00)
route 47, node_num 8, cost 1807.442000, nodes: 0(120000.00, 120000.00) 55 356 292 209 83 428(23901.00, 33004.00) 0(0.00, 0.00)
route 48, node_num 5, cost 813.008000, nodes: 0(120000.00, 120000.00) 218 353 117 0(61928.00, 61928.00)
route 49, node_num 5, cost 962.766000, nodes: 0(120000.00, 120000.00) 367 144 3 0(51231.00, 51231.00)
route 50, node_num 8, cost 908.964000, nodes: 0(120000.00, 120000.00) 174 340 63 375 37 53 0(55074.00, 55074.00)
route 51, node_num 6, cost 780.542000, nodes: 0(120000.00, 120000.00) 21 93 153 312 0(64247.00, 64247.00)
route 52, node_num 7, cost 1175.188000, nodes: 0(120000.00, 120000.00) 195 239 273 127 205 0(36058.00, 36058.00)
route 53, node_num 8, cost 920.514000, nodes: 0(120000.00, 120000.00) 7 217 178 188 364 253 0(54249.00, 54249.00)
route 54, node_num 6, cost 975.730000, nodes: 0(120000.00, 120000.00) 27 272 397 234 0(50305.00, 50305.00)
route 55, node_num 7, cost 1588.412000, nodes: 0(120000.00, 120000.00) 183 232 250 10 105 0(6542.00, 6542.00)
route 56, node_num 7, cost 1592.080000, nodes: 0(120000.00, 120000.00) 89 85 120 151 390 0(6280.00, 6280.00)
route 57, node_num 7, cost 917.266000, nodes: 0(120000.00, 120000.00) 154 19 240 36 138 0(54481.00, 54481.00)
route 58, node_num 7, cost 1145.564000, nodes: 0(120000.00, 120000.00) 173 64 270 61 354 0(38174.00, 38174.00)
route 59, node_num 7, cost 1453.480000, nodes: 0(120000.00, 120000.00) 498(102863.00, 120000.00) 137 339 251 20 0(33317.00, 33317.00)
route 60, node_num 7, cost 1395.772000, nodes: 0(120000.00, 120000.00) 24 199 302 283 207 0(20302.00, 20302.00)
route 61, node_num 7, cost 1029.938000, nodes: 0(120000.00, 120000.00) 196 88 187 271 227 0(46433.00, 46433.00)
route 62, node_num 6, cost 1290.996000, nodes: 0(120000.00, 120000.00) 393 274 200 157 0(27786.00, 27786.00)
route 63, node_num 7, cost 1524.348000, nodes: 0(120000.00, 120000.00) 126 80 308 264 265 0(11118.00, 11118.00)
route 64, node_num 4, cost 447.524000, nodes: 0(120000.00, 120000.00) 124 241 0(88034.00, 88034.00)
route 65, node_num 6, cost 1259.104000, nodes: 0(120000.00, 120000.00) 213 258 243 191 0(30064.00, 30064.00)
route 66, node_num 5, cost 860.860000, nodes: 0(120000.00, 120000.00) 44 313 317 0(58510.00, 58510.00)
route 67, node_num 6, cost 1534.358000, nodes: 0(120000.00, 120000.00) 348 96 373 165 0(10403.00, 10403.00)
route 68, node_num 6, cost 1542.506000, nodes: 0(120000.00, 120000.00) 16 132 186 182 0(9821.00, 9821.00)
route 69, node_num 8, cost 1286.628000, nodes: 0(120000.00, 120000.00) 133 323 259 349 226 256 0(28098.00, 28098.00)
route 70, node_num 6, cost 1373.988000, nodes: 0(120000.00, 120000.00) 84 337 269 47 0(21858.00, 21858.00)
route 71, node_num 6, cost 1104.516000, nodes: 0(120000.00, 120000.00) 39 168 95 310 0(41106.00, 41106.00)
route 72, node_num 7, cost 1180.662000, nodes: 0(120000.00, 120000.00) 135 86 372 179 380 0(35667.00, 35667.00)
route 73, node_num 7, cost 1635.746000, nodes: 0(120000.00, 120000.00) 388 332 92 118 365 0(3161.00, 3161.00)
route 74, node_num 6, cost 1148.784000, nodes: 0(120000.00, 120000.00) 231 252 58 98 0(37944.00, 37944.00)
route 75, node_num 7, cost 1064.028000, nodes: 0(120000.00, 120000.00) 228 56 257 225 263 0(43998.00, 43998.00)
route 76, node_num 7, cost 1081.220000, nodes: 0(120000.00, 120000.00) 175 321 60 110 111 0(42770.00, 42770.00)
route 77, node_num 5, cost 418.516000, nodes: 0(120000.00, 120000.00) 268 360 336 0(90106.00, 90106.00)
route 78, node_num 7, cost 1044.092000, nodes: 0(120000.00, 120000.00) 166 103 287 376 122 0(45422.00, 45422.00)
route 79, node_num 6, cost 839.244000, nodes: 0(120000.00, 120000.00) 288 335 108 359 0(60054.00, 60054.00)
route 80, node_num 6, cost 1541.414000, nodes: 0(120000.00, 120000.00) 100 330 41 114 0(9899.00, 9899.00)
route 81, node_num 7, cost 1067.010000, nodes: 0(120000.00, 120000.00) 131 386 172 74 184 0(43785.00, 43785.00)
route 82, node_num 6, cost 970.382000, nodes: 0(120000.00, 120000.00) 6 116 87 35 0(50687.00, 50687.00)
route 83, node_num 6, cost 1308.286000, nodes: 0(120000.00, 120000.00) 146 383 28 76 0(26551.00, 26551.00)
route 84, node_num 6, cost 1374.086000, nodes: 0(120000.00, 120000.00) 303 91 214 97 0(21851.00, 21851.00)
route 85, node_num 7, cost 721.112000, nodes: 0(120000.00, 120000.00) 206 297 156 72 212 0(68492.00, 68492.00)
route 86, node_num 7, cost 522.312000, nodes: 0(120000.00, 120000.00) 347 247 82 384 300 0(82692.00, 82692.00)
route 87, node_num 6, cost 1400.434000, nodes: 0(120000.00, 120000.00) 69 331 279 34 0(19969.00, 19969.00)
route 88, node_num 6, cost 1454.530000, nodes: 0(120000.00, 120000.00) 284 377 242 366 0(16105.00, 16105.00)
route 89, node_num 6, cost 806.106000, nodes: 0(120000.00, 120000.00) 266 391 25 301 0(62421.00, 62421.00)
route 90, node_num 7, cost 1601.880000, nodes: 0(120000.00, 120000.00) 421(81946.00, 113946.00) 230 322 78 309 0(37580.00, 37580.00)
route 91, node_num 6, cost 873.782000, nodes: 0(120000.00, 120000.00) 333 210 387 374 0(57587.00, 57587.00)
vehicle (route) number: 92
Total cost: 138520.94
142680.07, 10806.20
140432.45, 10811.95
144000.23, 10845.79
140841.17, 10823.40
141467.72, 10814.06
139943.91, 10821.05
141204.14, 10802.10
138520.94, 10800.52
144463.43, 10812.34
142698.42, 10801.96
