Details of the solution:
route 0, node_num 8, cost 803.292000, nodes: 0(120000.00, 120000.00) 250 71 305 139 133 369 0(62622.00, 62622.00)
route 1, node_num 3, cost 103.460000, nodes: 0(120000.00, 120000.00) 46 0(112610.00, 112610.00)
route 2, node_num 7, cost 922.628000, nodes: 0(120000.00, 120000.00) 528 453 335 22 374 0(54098.00, 54098.00)
route 3, node_num 8, cost 1288.882000, nodes: 0(120000.00, 120000.00) 89 434 248 274 43 145 0(27937.00, 27937.00)
route 4, node_num 9, cost 1677.914000, nodes: 0(120000.00, 120000.00) 166 245 61 151 202 398 647(40886.00, 40886.00) 0(149.00, 149.00)
route 5, node_num 7, cost 1222.536000, nodes: 0(120000.00, 120000.00) 366 35 364 78 241 0(32676.00, 32676.00)
route 6, node_num 8, cost 730.338000, nodes: 0(120000.00, 120000.00) 431 482 287 32 47 485 0(67833.00, 67833.00)
route 7, node_num 7, cost 900.060000, nodes: 0(120000.00, 120000.00) 212 465 80 181 338 0(55710.00, 55710.00)
route 8, node_num 5, cost 1325.352000, nodes: 0(120000.00, 120000.00) 346 316 359 0(25332.00, 25332.00)
route 9, node_num 9, cost 947.142000, nodes: 0(120000.00, 120000.00) 315 272 422 587 451 410 109 0(52347.00, 52347.00)
route 10, node_num 7, cost 910.476000, nodes: 0(120000.00, 120000.00) 357 531 33 553 54 0(54966.00, 54966.00)
route 11, node_num 7, cost 1041.026000, nodes: 0(120000.00, 120000.00) 412 593 522 313 171 0(45641.00, 45641.00)
route 12, node_num 7, cost 878.122000, nodes: 0(120000.00, 120000.00) 57 588 574 299 349 0(57277.00, 57277.00)
route 13, node_num 7, cost 1261.484000, nodes: 0(120000.00, 120000.00) 512 545 548 105 590 0(29894.00, 29894.00)
route 14, node_num 8, cost 1888.768000, nodes: 0(120000.00, 120000.00) 255 347 384 53 141 639(39003.00, 53915.00) 0(0.00, 0.00)
route 15, node_num 6, cost 804.370000, nodes: 0(120000.00, 120000.00) 555 394 524 154 0(62545.00, 62545.00)
route 16, node_num 8, cost 1738.982000, nodes: 0(120000.00, 120000.00) 660(66386.00, 98386.00) 597 213 85 495 413 0(27787.00, 27787.00)
route 17, node_num 8, cost 1126.776000, nodes: 0(120000.00, 120000.00) 502 26 96 95 91 552 0(39516.00, 39516.00)
route 18, node_num 8, cost 1401.946000, nodes: 0(120000.00, 120000.00) 497 408 58 123 467 571 0(19861.00, 19861.00)
route 19, node_num 6, cost 1365.756000, nodes: 0(120000.00, 120000.00) 257 149 370 577 0(22446.00, 22446.00)
route 20, node_num 7, cost 673.904000, nodes: 0(120000.00, 120000.00) 390 199 74 106 464 0(71864.00, 71864.00)
route 21, node_num 7, cost 1450.260000, nodes: 0(120000.00, 120000.00) 363 247 18 68 343 0(16410.00, 16410.00)
route 22, node_num 8, cost 1395.856000, nodes: 0(120000.00, 120000.00) 192 236 466 48 534 267 0(20296.00, 20296.00)
route 23, node_num 6, cost 1293.908000, nodes: 0(120000.00, 120000.00) 70 102 49 143 0(27578.00, 27578.00)
route 24, node_num 8, cost 1553.986000, nodes: 0(120000.00, 120000.00) 150 210 421 387 595 65 0(9001.00, 9001.00)
route 25, node_num 5, cost 602.238000, nodes: 0(120000.00, 120000.00) 489 320 291 0(76983.00, 76983.00)
route 26, node_num 6, cost 895.300000, nodes: 0(120000.00, 120000.00) 157 17 454 403 0(56050.00, 56050.00)
route 27, node_num 9, cost 1733.032000, nodes: 0(120000.00, 120000.00) 378 240 125 660(50388.00, 54176.00) 302 455 452 0(0.00, 0.00)
route 28, node_num 6, cost 814.576000, nodes: 0(120000.00, 120000.00) 496 87 197 4 0(61816.00, 61816.00)
route 29, node_num 8, cost 177.282000, nodes: 0(120000.00, 120000.00) 242 265 372 333 124 226 0(107337.00, 107337.00)
route 30, node_num 5, cost 710.024000, nodes: 0(120000.00, 120000.00) 83 546 559 0(69284.00, 69284.00)
route 31, node_num 9, cost 1655.542000, nodes: 0(120000.00, 120000.00) 135 365 292 461 598 509 640(24362.00, 24362.00) 0(1747.00, 1747.00)
route 32, node_num 6, cost 797.076000, nodes: 0(120000.00, 120000.00) 599 284 386 395 0(63066.00, 63066.00)
route 33, node_num 7, cost 746.620000, nodes: 0(120000.00, 120000.00) 311 146 182 36 510 0(66670.00, 66670.00)
route 34, node_num 8, cost 1557.948000, nodes: 0(120000.00, 120000.00) 442 113 200 3 264 476 0(8718.00, 8718.00)
route 35, node_num 8, cost 1214.164000, nodes: 0(120000.00, 120000.00) 285 110 573 506 234 435 0(33274.00, 33274.00)
route 36, node_num 6, cost 684.446000, nodes: 0(120000.00, 120000.00) 427 120 62 293 0(71111.00, 71111.00)
route 37, node_num 8, cost 1072.344000, nodes: 0(120000.00, 120000.00) 475 515 56 42 288 474 0(43404.00, 43404.00)
route 38, node_num 6, cost 916.496000, nodes: 0(120000.00, 120000.00) 409 81 175 449 0(54536.00, 54536.00)
route 39, node_num 5, cost 1276.352000, nodes: 0(120000.00, 120000.00) 225 98 585 0(28832.00, 28832.00)
route 40, node_num 6, cost 1355.284000, nodes: 0(120000.00, 120000.00) 591 380 353 114 0(23194.00, 23194.00)
route 41, node_num 7, cost 803.306000, nodes: 0(120000.00, 120000.00) 263 355 208 122 39 0(62621.00, 62621.00)
route 42, node_num 7, cost 1815.730000, nodes: 0(120000.00, 120000.00) 586 260 358 457 619(14019.00, 23714.00) 0(0.00, 0.00)
route 43, node_num 6, cost 1598.646000, nodes: 0(120000.00, 120000.00) 361 473 269 252 0(5811.00, 5811.00)
route 44, node_num 7, cost 1279.404000, nodes: 0(120000.00, 120000.00) 174 45 581 66 323 0(28614.00, 28614.00)
route 45, node_num 8, cost 1566.124000, nodes: 0(120000.00, 120000.00) 10 493 498 218 393 354 0(8134.00, 8134.00)
route 46, node_num 8, cost 977.872000, nodes: 0(120000.00, 120000.00) 231 262 25 170 276 336 0(50152.00, 50152.00)
route 47, node_num 7, cost 1426.124000, nodes: 0(120000.00, 120000.00) 79 117 334 162 161 0(18134.00, 18134.00)
route 48, node_num 8, cost 1800.442000, nodes: 0(120000.00, 120000.00) 689(78600.00, 87203.00) 392 128 144 414 72 0(0.00, 0.00)
route 49, node_num 7, cost 1201.466000, nodes: 0(120000.00, 120000.00) 233 278 437 227 228 0(34181.00, 34181.00)
route 50, node_num 8, cost 1682.646000, nodes: 0(120000.00, 120000.00) 580 562 8 183 436 661(31804.00, 31993.00) 0(0.00, 0.00)
route 51, node_num 7, cost 1563.254000, nodes: 0(120000.00, 120000.00) 351 1 332 24 294 0(8339.00, 8339.00)
route 52, node_num 6, cost 377.622000, nodes: 0(120000.00, 120000.00) 279 558 525 500 0(93027.00, 93027.00)
route 53, node_num 8, cost 1573.782000, nodes: 0(120000.00, 120000.00) 296 127 537 439 471 237 0(7587.00, 7587.00)
route 54, node_num 7, cost 970.144000, nodes: 0(120000.00, 120000.00) 568 540 268 180 511 0(50704.00, 50704.00)
route 55, node_num 7, cost 871.682000, nodes: 0(120000.00, 120000.00) 75 41 191 520 188 0(57737.00, 57737.00)
route 56, node_num 7, cost 1451.814000, nodes: 0(120000.00, 120000.00) 549 309 521 67 203 0(16299.00, 16299.00)
route 57, node_num 7, cost 1265.404000, nodes: 0(120000.00, 120000.00) 108 530 253 295 215 0(29614.00, 29614.00)
route 58, node_num 7, cost 1285.522000, nodes: 0(120000.00, 120000.00) 185 9 569 324 340 0(28177.00, 28177.00)
route 59, node_num 7, cost 1288.140000, nodes: 0(120000.00, 120000.00) 304 243 477 505 205 0(27990.00, 27990.00)
route 60, node_num 6, cost 1610.588000, nodes: 0(120000.00, 120000.00) 14 159 116 404 0(4958.00, 4958.00)
route 61, node_num 6, cost 1001.686000, nodes: 0(120000.00, 120000.00) 556 492 450 469 0(48451.00, 48451.00)
route 62, node_num 6, cost 495.768000, nodes: 0(120000.00, 120000.00) 235 566 570 426 0(84588.00, 84588.00)
route 63, node_num 7, cost 1444.212000, nodes: 0(120000.00, 120000.00) 563 327 478 172 517 0(16842.00, 16842.00)
route 64, node_num 7, cost 990.416000, nodes: 0(120000.00, 120000.00) 460 401 163 155 169 0(49256.00, 49256.00)
route 65, node_num 7, cost 1097.446000, nodes: 0(120000.00, 120000.00) 481 513 328 16 290 0(41611.00, 41611.00)
route 66, node_num 7, cost 1545.600000, nodes: 0(120000.00, 120000.00) 468 441 319 499 100 0(9600.00, 9600.00)
route 67, node_num 8, cost 1543.164000, nodes: 0(120000.00, 120000.00) 612(72845.00, 72845.00) 88 129 405 579 371 0(9774.00, 9774.00)
route 68, node_num 6, cost 617.232000, nodes: 0(120000.00, 120000.00) 490 501 258 282 0(75912.00, 75912.00)
route 69, node_num 7, cost 716.268000, nodes: 0(120000.00, 120000.00) 222 86 136 470 550 0(68838.00, 68838.00)
route 70, node_num 8, cost 1801.128000, nodes: 0(120000.00, 120000.00) 244 483 543 6 107 668(20585.00, 29237.00) 0(0.00, 0.00)
route 71, node_num 6, cost 963.746000, nodes: 0(120000.00, 120000.00) 383 360 337 130 0(51161.00, 51161.00)
route 72, node_num 7, cost 1099.182000, nodes: 0(120000.00, 120000.00) 77 407 578 101 420 0(41487.00, 41487.00)
route 73, node_num 4, cost 508.564000, nodes: 0(120000.00, 120000.00) 554 397 0(83674.00, 83674.00)
route 74, node_num 7, cost 657.874000, nodes: 0(120000.00, 120000.00) 132 314 557 415 331 0(73009.00, 73009.00)
route 75, node_num 7, cost 1457.610000, nodes: 0(120000.00, 120000.00) 251 377 440 55 572 0(15885.00, 15885.00)
route 76, node_num 7, cost 1289.890000, nodes: 0(120000.00, 120000.00) 51 92 507 275 494 0(27865.00, 27865.00)
route 77, node_num 7, cost 1094.506000, nodes: 0(120000.00, 120000.00) 356 406 433 223 539 0(41821.00, 41821.00)
route 78, node_num 7, cost 989.618000, nodes: 0(120000.00, 120000.00) 594 538 84 168 382 0(49313.00, 49313.00)
route 79, node_num 7, cost 1320.242000, nodes: 0(120000.00, 120000.00) 153 307 59 523 443 0(25697.00, 25697.00)
route 80, node_num 5, cost 1178.506000, nodes: 0(120000.00, 120000.00) 535 138 301 0(35821.00, 35821.00)
route 81, node_num 7, cost 1454.572000, nodes: 0(120000.00, 120000.00) 368 303 63 456 576 0(16102.00, 16102.00)
route 82, node_num 6, cost 742.126000, nodes: 0(120000.00, 120000.00) 230 21 256 238 0(66991.00, 66991.00)
route 83, node_num 6, cost 535.962000, nodes: 0(120000.00, 120000.00) 158 532 488 544 0(81717.00, 81717.00)
route 84, node_num 8, cost 717.178000, nodes: 0(120000.00, 120000.00) 229 94 11 220 458 118 0(68773.00, 68773.00)
route 85, node_num 6, cost 1625.876000, nodes: 0(120000.00, 120000.00) 533 385 186 219 0(3866.00, 3866.00)
route 86, node_num 9, cost 873.768000, nodes: 0(120000.00, 120000.00) 373 201 350 342 216 232 519 0(57588.00, 57588.00)
route 87, node_num 6, cost 454.342000, nodes: 0(120000.00, 120000.00) 514 44 325 584 0(87547.00, 87547.00)
route 88, node_num 8, cost 1617.196000, nodes: 0(120000.00, 120000.00) 487 142 29 564 73 207 0(4486.00, 4486.00)
route 89, node_num 6, cost 728.126000, nodes: 0(120000.00, 120000.00) 289 551 298 575 0(67991.00, 67991.00)
route 90, node_num 7, cost 1020.278000, nodes: 0(120000.00, 120000.00) 526 416 148 221 20 0(47123.00, 47123.00)
route 91, node_num 7, cost 765.520000, nodes: 0(120000.00, 120000.00) 280 160 508 239 111 0(65320.00, 65320.00)
route 92, node_num 7, cost 535.458000, nodes: 0(120000.00, 120000.00) 529 270 249 134 2 0(81753.00, 81753.00)
route 93, node_num 7, cost 1296.008000, nodes: 0(120000.00, 120000.00) 31 596 152 348 329 0(27428.00, 27428.00)
route 94, node_num 7, cost 819.294000, nodes: 0(120000.00, 120000.00) 173 399 184 217 147 0(61479.00, 61479.00)
route 95, node_num 6, cost 608.986000, nodes: 0(120000.00, 120000.00) 542 190 317 195 0(76501.00, 76501.00)
route 96, node_num 7, cost 1274.798000, nodes: 0(120000.00, 120000.00) 277 300 567 297 419 0(28943.00, 28943.00)
route 97, node_num 8, cost 1015.364000, nodes: 0(120000.00, 120000.00) 345 273 444 12 30 193 0(47474.00, 47474.00)
route 98, node_num 6, cost 733.796000, nodes: 0(120000.00, 120000.00) 486 131 503 93 0(67586.00, 67586.00)
route 99, node_num 6, cost 517.412000, nodes: 0(120000.00, 120000.00) 376 214 411 417 0(83042.00, 83042.00)
route 100, node_num 8, cost 1547.630000, nodes: 0(120000.00, 120000.00) 592 429 224 463 28 308 0(9455.00, 9455.00)
route 101, node_num 7, cost 1586.396000, nodes: 0(120000.00, 120000.00) 432 339 583 281 177 0(6686.00, 6686.00)
route 102, node_num 8, cost 1325.310000, nodes: 0(120000.00, 120000.00) 516 15 165 64 13 381 0(25335.00, 25335.00)
route 103, node_num 7, cost 1622.278000, nodes: 0(120000.00, 120000.00) 472 156 99 126 560 0(4123.00, 4123.00)
route 104, node_num 7, cost 1054.746000, nodes: 0(120000.00, 120000.00) 259 565 445 206 137 0(44661.00, 44661.00)
route 105, node_num 8, cost 1439.312000, nodes: 0(120000.00, 120000.00) 271 140 518 112 23 423 0(17192.00, 17192.00)
route 106, node_num 6, cost 871.990000, nodes: 0(120000.00, 120000.00) 322 115 119 536 0(57715.00, 57715.00)
route 107, node_num 5, cost 686.910000, nodes: 0(120000.00, 120000.00) 310 447 321 0(70935.00, 70935.00)
route 108, node_num 6, cost 1194.914000, nodes: 0(120000.00, 120000.00) 306 446 38 254 0(34649.00, 34649.00)
route 109, node_num 6, cost 1311.492000, nodes: 0(120000.00, 120000.00) 480 266 103 459 0(26322.00, 26322.00)
route 110, node_num 7, cost 1549.982000, nodes: 0(120000.00, 120000.00) 582 104 194 424 60 0(9287.00, 9287.00)
route 111, node_num 6, cost 1101.030000, nodes: 0(120000.00, 120000.00) 189 375 27 318 0(41355.00, 41355.00)
route 112, node_num 8, cost 804.650000, nodes: 0(120000.00, 120000.00) 389 388 418 425 164 50 0(62525.00, 62525.00)
route 113, node_num 7, cost 697.032000, nodes: 0(120000.00, 120000.00) 484 34 209 121 341 0(70212.00, 70212.00)
route 114, node_num 5, cost 232.288000, nodes: 0(120000.00, 120000.00) 479 179 344 0(103408.00, 103408.00)
route 115, node_num 7, cost 556.402000, nodes: 0(120000.00, 120000.00) 76 52 312 211 396 0(80257.00, 80257.00)
route 116, node_num 6, cost 484.148000, nodes: 0(120000.00, 120000.00) 167 362 204 40 0(85418.00, 85418.00)
route 117, node_num 8, cost 926.044000, nodes: 0(120000.00, 120000.00) 400 541 438 561 491 428 0(53854.00, 53854.00)
route 118, node_num 7, cost 1190.910000, nodes: 0(120000.00, 120000.00) 430 19 379 5 448 0(34935.00, 34935.00)
route 119, node_num 8, cost 649.670000, nodes: 0(120000.00, 120000.00) 391 283 286 246 37 589 0(73595.00, 73595.00)
route 120, node_num 8, cost 1177.358000, nodes: 0(120000.00, 120000.00) 187 196 330 402 367 527 0(35903.00, 35903.00)
route 121, node_num 8, cost 1015.924000, nodes: 0(120000.00, 120000.00) 504 176 547 600 7 462 0(47434.00, 47434.00)
route 122, node_num 8, cost 970.074000, nodes: 0(120000.00, 120000.00) 326 90 69 178 198 352 0(50709.00, 50709.00)
route 123, node_num 5, cost 1436.106000, nodes: 0(120000.00, 120000.00) 261 82 97 0(17421.00, 17421.00)
vehicle (route) number: 124
Total cost: 173106.97
176881.85, 18059.81
180335.58, 18007.99
175638.61, 18026.77
175574.03, 18023.83
177433.14, 18077.05
175253.84, 18007.79
173106.97, 14860.22
177418.99, 11844.48
175571.94, 13038.46
178544.17, 9070.36
