Details of the solution:
route 0, node_num 8, cost 1693.328000, nodes: 0(120000.00, 120000.00) 100 330 41 209 83 623(3562.00, 4514.00) 0(0.00, 0.00)
route 1, node_num 4, cost 222.642000, nodes: 0(120000.00, 120000.00) 249 124 0(104097.00, 104097.00)
route 2, node_num 4, cost 146.636000, nodes: 0(120000.00, 120000.00) 556 277 0(109526.00, 109526.00)
route 3, node_num 7, cost 1659.280000, nodes: 0(120000.00, 120000.00) 541 316 512 148 623(5994.00, 5994.00) 0(1480.00, 1480.00)
route 4, node_num 6, cost 1654.688000, nodes: 0(120000.00, 120000.00) 395 99 466 369 0(1808.00, 1808.00)
route 5, node_num 8, cost 1943.046000, nodes: 0(120000.00, 120000.00) 26 162 291 128 378 677(1234.00, 20023.00) 0(0.00, 0.00)
route 6, node_num 7, cost 805.630000, nodes: 0(120000.00, 120000.00) 341 465 490 110 111 0(62455.00, 62455.00)
route 7, node_num 5, cost 472.066000, nodes: 0(120000.00, 120000.00) 568 498 360 0(86281.00, 86281.00)
route 8, node_num 9, cost 1561.952000, nodes: 0(120000.00, 120000.00) 621(81946.00, 81946.00) 437 245 67 477 73 677(28455.00, 28455.00) 0(8432.00, 8432.00)
route 9, node_num 6, cost 1365.434000, nodes: 0(120000.00, 120000.00) 621(81946.00, 120000.00) 230 194 114 0(60523.00, 60523.00)
route 10, node_num 5, cost 170.576000, nodes: 0(120000.00, 120000.00) 216 189 12 0(107816.00, 107816.00)
route 11, node_num 6, cost 295.050000, nodes: 0(120000.00, 120000.00) 583 398 311 201 0(98925.00, 98925.00)
route 12, node_num 4, cost 652.946000, nodes: 0(120000.00, 120000.00) 296 312 0(73361.00, 73361.00)
route 13, node_num 7, cost 1757.126000, nodes: 0(120000.00, 120000.00) 624(78004.00, 86004.00) 198 229 494 562 0(2491.00, 2491.00)
route 14, node_num 8, cost 816.984000, nodes: 0(120000.00, 120000.00) 154 142 451 241 343 306 0(61644.00, 61644.00)
route 15, node_num 5, cost 507.514000, nodes: 0(120000.00, 120000.00) 441 295 314 0(83749.00, 83749.00)
route 16, node_num 7, cost 1345.932000, nodes: 0(120000.00, 120000.00) 411 137 323 39 42 0(23862.00, 23862.00)
route 17, node_num 6, cost 864.304000, nodes: 0(120000.00, 120000.00) 38 522 430 35 0(58264.00, 58264.00)
route 18, node_num 5, cost 373.954000, nodes: 0(120000.00, 120000.00) 467 458 14 0(93289.00, 93289.00)
route 19, node_num 7, cost 1646.204000, nodes: 0(120000.00, 120000.00) 624(78004.00, 120000.00) 546 143 504 134 0(44410.00, 44410.00)
route 20, node_num 7, cost 1415.120000, nodes: 0(120000.00, 120000.00) 621(81946.00, 120000.00) 593 167 412 550 0(56974.00, 56974.00)
route 21, node_num 6, cost 740.530000, nodes: 0(120000.00, 120000.00) 582 563 581 374 0(67105.00, 67105.00)
route 22, node_num 7, cost 1051.540000, nodes: 0(120000.00, 120000.00) 388 468 447 10 105 0(44890.00, 44890.00)
route 23, node_num 8, cost 1489.866000, nodes: 0(120000.00, 120000.00) 68 141 542 523 180 623(18095.00, 18095.00) 0(13581.00, 13581.00)
route 24, node_num 7, cost 999.908000, nodes: 0(120000.00, 120000.00) 543 239 389 127 205 0(48578.00, 48578.00)
route 25, node_num 8, cost 1733.998000, nodes: 0(120000.00, 120000.00) 497 474 329 176 125 623(657.00, 4514.00) 0(0.00, 0.00)
route 26, node_num 8, cost 976.864000, nodes: 0(120000.00, 120000.00) 174 173 121 130 354 61 0(50224.00, 50224.00)
route 27, node_num 7, cost 931.714000, nodes: 0(120000.00, 120000.00) 539 352 592 152 122 0(53449.00, 53449.00)
route 28, node_num 8, cost 1664.474000, nodes: 0(120000.00, 120000.00) 630(107152.00, 107152.00) 591 431 215 45 75 0(1109.00, 1109.00)
route 29, node_num 7, cost 1048.474000, nodes: 0(120000.00, 120000.00) 382 282 423 18 404 0(45109.00, 45109.00)
route 30, node_num 7, cost 1386.798000, nodes: 0(120000.00, 120000.00) 480 402 560 248 30 0(20943.00, 20943.00)
route 31, node_num 7, cost 841.652000, nodes: 0(120000.00, 120000.00) 328 509 598 380 234 0(59882.00, 59882.00)
route 32, node_num 7, cost 1180.550000, nodes: 0(120000.00, 120000.00) 123 259 537 500 227 0(35675.00, 35675.00)
route 33, node_num 7, cost 1371.930000, nodes: 0(120000.00, 120000.00) 22 432 373 525 47 0(22005.00, 22005.00)
route 34, node_num 7, cost 1731.520000, nodes: 0(120000.00, 120000.00) 630(107152.00, 119152.00) 223 368 211 390 0(8320.00, 8320.00)
route 35, node_num 6, cost 1233.316000, nodes: 0(120000.00, 120000.00) 231 252 278 487 0(31906.00, 31906.00)
route 36, node_num 7, cost 1388.590000, nodes: 0(120000.00, 120000.00) 119 305 283 370 256 0(20815.00, 20815.00)
route 37, node_num 6, cost 1209.628000, nodes: 0(120000.00, 120000.00) 102 69 586 170 0(33598.00, 33598.00)
route 38, node_num 6, cost 467.670000, nodes: 0(120000.00, 120000.00) 347 109 206 342 0(86595.00, 86595.00)
route 39, node_num 5, cost 876.764000, nodes: 0(120000.00, 120000.00) 565 17 169 0(57374.00, 57374.00)
route 40, node_num 7, cost 591.542000, nodes: 0(120000.00, 120000.00) 450 403 82 384 300 0(77747.00, 77747.00)
route 41, node_num 7, cost 1642.102000, nodes: 0(120000.00, 120000.00) 624(78004.00, 120000.00) 350 276 439 13 0(44703.00, 44703.00)
route 42, node_num 6, cost 580.860000, nodes: 0(120000.00, 120000.00) 326 46 280 140 0(78510.00, 78510.00)
route 43, node_num 7, cost 1633.226000, nodes: 0(120000.00, 120000.00) 621(81946.00, 81946.00) 485 322 531 440 0(3341.00, 3341.00)
route 44, node_num 7, cost 1554.266000, nodes: 0(120000.00, 120000.00) 213 28 208 48 645(31784.00, 31784.00) 0(8981.00, 8981.00)
route 45, node_num 6, cost 786.940000, nodes: 0(120000.00, 120000.00) 473 419 353 65 0(63790.00, 63790.00)
route 46, node_num 8, cost 853.986000, nodes: 0(120000.00, 120000.00) 147 505 351 434 203 577 0(59001.00, 59001.00)
route 47, node_num 5, cost 1017.646000, nodes: 0(120000.00, 120000.00) 409 510 547 0(47311.00, 47311.00)
route 48, node_num 5, cost 1466.066000, nodes: 0(120000.00, 120000.00) 293 470 578 0(15281.00, 15281.00)
route 49, node_num 6, cost 934.528000, nodes: 0(120000.00, 120000.00) 228 391 299 410 0(53248.00, 53248.00)
route 50, node_num 7, cost 1124.354000, nodes: 0(120000.00, 120000.00) 290 446 406 486 192 0(39689.00, 39689.00)
route 51, node_num 6, cost 310.352000, nodes: 0(120000.00, 120000.00) 338 561 310 501 0(97832.00, 97832.00)
route 52, node_num 7, cost 1271.508000, nodes: 0(120000.00, 120000.00) 532 235 163 413 361 0(29178.00, 29178.00)
route 53, node_num 5, cost 583.100000, nodes: 0(120000.00, 120000.00) 117 115 464 0(78350.00, 78350.00)
route 54, node_num 7, cost 1756.972000, nodes: 0(120000.00, 120000.00) 630(107152.00, 112650.00) 355 29 181 281 0(0.00, 0.00)
route 55, node_num 6, cost 906.430000, nodes: 0(120000.00, 120000.00) 415 144 108 359 0(55255.00, 55255.00)
route 56, node_num 6, cost 604.954000, nodes: 0(120000.00, 120000.00) 557 459 514 324 0(76789.00, 76789.00)
route 57, node_num 8, cost 1548.078000, nodes: 0(120000.00, 120000.00) 294 358 572 436 484 219 0(9423.00, 9423.00)
route 58, node_num 7, cost 1685.670000, nodes: 0(120000.00, 120000.00) 630(107152.00, 111152.00) 86 435 325 521 0(3595.00, 3595.00)
route 59, node_num 7, cost 1274.266000, nodes: 0(120000.00, 120000.00) 40 396 287 376 307 0(28981.00, 28981.00)
route 60, node_num 7, cost 1673.588000, nodes: 0(120000.00, 120000.00) 332 62 202 233 32 0(458.00, 458.00)
route 61, node_num 6, cost 1579.928000, nodes: 0(120000.00, 120000.00) 511 408 236 182 0(7148.00, 7148.00)
route 62, node_num 7, cost 1195.208000, nodes: 0(120000.00, 120000.00) 133 596 199 575 59 0(34628.00, 34628.00)
route 63, node_num 8, cost 1571.094000, nodes: 0(120000.00, 120000.00) 284 334 319 11 493 603(16894.00, 16894.00) 0(7779.00, 7779.00)
route 64, node_num 7, cost 1708.308000, nodes: 0(120000.00, 120000.00) 595 149 426 526 603(7093.00, 9115.00) 0(0.00, 0.00)
route 65, node_num 6, cost 1437.828000, nodes: 0(120000.00, 120000.00) 442 214 179 488 0(17298.00, 17298.00)
route 66, node_num 7, cost 1848.196000, nodes: 0(120000.00, 120000.00) 158 292 92 269 615(19527.00, 31541.00) 0(0.00, 0.00)
route 67, node_num 8, cost 1142.946000, nodes: 0(120000.00, 120000.00) 475 52 567 273 129 113 0(38361.00, 38361.00)
route 68, node_num 8, cost 1679.706000, nodes: 0(120000.00, 120000.00) 630(107152.00, 120000.00) 585 507 104 54 425 0(12869.00, 12869.00)
route 69, node_num 7, cost 1070.384000, nodes: 0(120000.00, 120000.00) 266 136 56 60 207 0(43544.00, 43544.00)
route 70, node_num 7, cost 1836.660000, nodes: 0(120000.00, 120000.00) 621(81946.00, 93136.00) 478 418 527 503 0(0.00, 0.00)
route 71, node_num 7, cost 644.364000, nodes: 0(120000.00, 120000.00) 21 93 153 327 286 0(73974.00, 73974.00)
route 72, node_num 8, cost 770.756000, nodes: 0(120000.00, 120000.00) 261 472 19 240 36 138 0(64946.00, 64946.00)
route 73, node_num 5, cost 1551.438000, nodes: 0(120000.00, 120000.00) 564 79 448 0(9183.00, 9183.00)
route 74, node_num 7, cost 1873.900000, nodes: 0(120000.00, 120000.00) 348 616(59407.00, 73257.00) 5 460 429 0(0.00, 0.00)
route 75, node_num 4, cost 158.536000, nodes: 0(120000.00, 120000.00) 455 462 0(108676.00, 108676.00)
route 76, node_num 6, cost 835.198000, nodes: 0(120000.00, 120000.00) 57 196 246 88 0(60343.00, 60343.00)
route 77, node_num 7, cost 1547.560000, nodes: 0(120000.00, 120000.00) 619(75699.00, 75699.00) 356 145 200 274 0(9460.00, 9460.00)
route 78, node_num 7, cost 1619.212000, nodes: 0(120000.00, 120000.00) 677(102343.00, 102343.00) 160 33 452 491 0(4342.00, 4342.00)
route 79, node_num 7, cost 1314.558000, nodes: 0(120000.00, 120000.00) 44 120 15 112 191 0(26103.00, 26103.00)
route 80, node_num 7, cost 875.714000, nodes: 0(120000.00, 120000.00) 7 217 178 188 364 0(57449.00, 57449.00)
route 81, node_num 8, cost 1599.696000, nodes: 0(120000.00, 120000.00) 624(78004.00, 90004.00) 449 85 483 401 34 0(17736.00, 17736.00)
route 82, node_num 6, cost 1076.572000, nodes: 0(120000.00, 120000.00) 55 518 489 366 0(43102.00, 43102.00)
route 83, node_num 7, cost 1735.244000, nodes: 0(120000.00, 120000.00) 204 339 251 506 698(13897.00, 17843.00) 0(0.00, 0.00)
route 84, node_num 7, cost 951.622000, nodes: 0(120000.00, 120000.00) 255 4 520 417 346 0(52027.00, 52027.00)
route 85, node_num 6, cost 1084.972000, nodes: 0(120000.00, 120000.00) 443 168 479 271 0(42502.00, 42502.00)
route 86, node_num 5, cost 1228.682000, nodes: 0(120000.00, 120000.00) 267 421 250 0(32237.00, 32237.00)
route 87, node_num 8, cost 1647.198000, nodes: 0(120000.00, 120000.00) 90 607(76581.00, 76581.00) 183 238 365 315 0(2343.00, 2343.00)
route 88, node_num 8, cost 1442.868000, nodes: 0(120000.00, 120000.00) 482 533 580 371 50 661(21424.00, 21424.00) 0(16938.00, 16938.00)
route 89, node_num 7, cost 1372.714000, nodes: 0(120000.00, 120000.00) 222 492 96 243 165 0(21949.00, 21949.00)
route 90, node_num 5, cost 506.968000, nodes: 0(120000.00, 120000.00) 357 23 221 0(83788.00, 83788.00)
route 91, node_num 6, cost 1246.504000, nodes: 0(120000.00, 120000.00) 558 331 337 399 0(30964.00, 30964.00)
route 92, node_num 6, cost 1341.424000, nodes: 0(120000.00, 120000.00) 587 193 548 540 0(24184.00, 24184.00)
route 93, node_num 6, cost 1066.688000, nodes: 0(120000.00, 120000.00) 545 471 528 516 0(43808.00, 43808.00)
route 94, node_num 7, cost 1439.284000, nodes: 0(120000.00, 120000.00) 321 517 49 392 363 0(17194.00, 17194.00)
route 95, node_num 5, cost 1384.334000, nodes: 0(120000.00, 120000.00) 594 574 177 0(21119.00, 21119.00)
route 96, node_num 6, cost 754.180000, nodes: 0(120000.00, 120000.00) 218 496 3 9 0(66130.00, 66130.00)
route 97, node_num 8, cost 617.890000, nodes: 0(120000.00, 120000.00) 445 297 270 156 70 381 0(75865.00, 75865.00)
route 98, node_num 7, cost 954.072000, nodes: 0(120000.00, 120000.00) 268 139 2 257 573 0(51852.00, 51852.00)
route 99, node_num 6, cost 1133.734000, nodes: 0(120000.00, 120000.00) 171 362 101 94 0(39019.00, 39019.00)
route 100, node_num 7, cost 1555.666000, nodes: 0(120000.00, 120000.00) 16 132 186 151 265 0(8881.00, 8881.00)
route 101, node_num 8, cost 1227.254000, nodes: 0(120000.00, 120000.00) 566 576 438 20 95 53 0(32339.00, 32339.00)
route 102, node_num 6, cost 1012.480000, nodes: 0(120000.00, 120000.00) 27 272 397 599 0(47680.00, 47680.00)
route 103, node_num 6, cost 1505.406000, nodes: 0(120000.00, 120000.00) 264 91 476 107 0(12471.00, 12471.00)
route 104, node_num 7, cost 1033.228000, nodes: 0(120000.00, 120000.00) 288 335 495 457 275 0(46198.00, 46198.00)
route 105, node_num 6, cost 505.862000, nodes: 0(120000.00, 120000.00) 247 502 469 336 0(83867.00, 83867.00)
route 106, node_num 6, cost 1539.902000, nodes: 0(120000.00, 120000.00) 84 197 172 77 0(10007.00, 10007.00)
route 107, node_num 7, cost 986.272000, nodes: 0(120000.00, 120000.00) 367 190 345 237 320 0(49552.00, 49552.00)
route 108, node_num 7, cost 1099.812000, nodes: 0(120000.00, 120000.00) 393 515 242 597 164 0(41442.00, 41442.00)
route 109, node_num 8, cost 1518.090000, nodes: 0(120000.00, 120000.00) 454 481 407 428 66 623(16079.00, 16079.00) 0(11565.00, 11565.00)
route 110, node_num 8, cost 1190.980000, nodes: 0(120000.00, 120000.00) 135 400 302 226 349 159 0(34930.00, 34930.00)
route 111, node_num 8, cost 1900.318000, nodes: 0(120000.00, 120000.00) 289 420 78 570 463 639(33836.00, 49573.00) 0(0.00, 0.00)
route 112, node_num 7, cost 1157.324000, nodes: 0(120000.00, 120000.00) 146 422 298 262 600 0(37334.00, 37334.00)
route 113, node_num 6, cost 1238.188000, nodes: 0(120000.00, 120000.00) 6 89 308 106 0(31558.00, 31558.00)
route 114, node_num 5, cost 1231.804000, nodes: 0(120000.00, 120000.00) 461 377 157 0(32014.00, 32014.00)
route 115, node_num 5, cost 974.190000, nodes: 0(120000.00, 120000.00) 131 386 81 0(50415.00, 50415.00)
route 116, node_num 6, cost 1090.782000, nodes: 0(120000.00, 120000.00) 175 8 530 76 0(42087.00, 42087.00)
route 117, node_num 7, cost 1070.468000, nodes: 0(120000.00, 120000.00) 551 524 304 74 184 0(43538.00, 43538.00)
route 118, node_num 8, cost 1737.512000, nodes: 0(120000.00, 120000.00) 220 554 629(67274.00, 71382.00) 584 51 224 0(0.00, 0.00)
route 119, node_num 8, cost 1086.540000, nodes: 0(120000.00, 120000.00) 333 116 87 538 414 71 0(42390.00, 42390.00)
route 120, node_num 5, cost 1280.846000, nodes: 0(120000.00, 120000.00) 31 318 185 0(28511.00, 28511.00)
route 121, node_num 6, cost 841.792000, nodes: 0(120000.00, 120000.00) 453 535 313 317 0(59872.00, 59872.00)
route 122, node_num 6, cost 1292.144000, nodes: 0(120000.00, 120000.00) 150 555 260 97 0(27704.00, 27704.00)
route 123, node_num 7, cost 1161.832000, nodes: 0(120000.00, 120000.00) 210 394 579 552 263 0(37012.00, 37012.00)
route 124, node_num 5, cost 940.702000, nodes: 0(120000.00, 120000.00) 161 588 499 0(52807.00, 52807.00)
route 125, node_num 6, cost 1604.330000, nodes: 0(120000.00, 120000.00) 571 534 118 456 0(5405.00, 5405.00)
route 126, node_num 7, cost 1356.082000, nodes: 0(120000.00, 120000.00) 126 80 285 279 385 0(23137.00, 23137.00)
route 127, node_num 7, cost 1527.204000, nodes: 0(120000.00, 120000.00) 553 519 433 529 603(20029.00, 20029.00) 0(10914.00, 10914.00)
route 128, node_num 6, cost 1300.208000, nodes: 0(120000.00, 120000.00) 303 1 58 98 0(27128.00, 27128.00)
route 129, node_num 7, cost 1659.826000, nodes: 0(120000.00, 120000.00) 513 427 244 589 681(38690.00, 38690.00) 0(1441.00, 1441.00)
route 130, node_num 7, cost 1589.014000, nodes: 0(120000.00, 120000.00) 24 383 549 72 212 0(6499.00, 6499.00)
route 131, node_num 6, cost 1296.596000, nodes: 0(120000.00, 120000.00) 232 444 508 559 0(27386.00, 27386.00)
route 132, node_num 7, cost 1236.284000, nodes: 0(120000.00, 120000.00) 258 372 225 416 253 0(31694.00, 31694.00)
route 133, node_num 6, cost 835.072000, nodes: 0(120000.00, 120000.00) 64 37 405 187 0(60352.00, 60352.00)
route 134, node_num 7, cost 1549.534000, nodes: 0(120000.00, 120000.00) 424 309 43 155 661(13805.00, 13805.00) 0(9319.00, 9319.00)
route 135, node_num 7, cost 898.016000, nodes: 0(120000.00, 120000.00) 544 340 63 375 590 0(55856.00, 55856.00)
route 136, node_num 6, cost 1187.844000, nodes: 0(120000.00, 120000.00) 166 569 103 254 0(35154.00, 35154.00)
route 137, node_num 6, cost 822.766000, nodes: 0(120000.00, 120000.00) 195 387 25 301 0(61231.00, 61231.00)
route 138, node_num 5, cost 858.620000, nodes: 0(120000.00, 120000.00) 536 344 379 0(58670.00, 58670.00)
vehicle (route) number: 139
Total cost: 205943.56
219014.77, 18001.12
212638.19, 18018.95
209428.18, 18010.41
205943.56, 18001.86
211258.40, 18016.73
210276.75, 18003.48
209396.23, 18007.05
213522.35, 18013.53
210384.40, 18000.21
210579.83, 6686.49
