Details of the solution:
route 0, node_num 7, cost 1711.906000, nodes: 0(120000.00, 120000.00) 616(95738.00, 98017.00) 590 326 241 222 0(0.00, 0.00)
route 1, node_num 8, cost 1754.536000, nodes: 0(120000.00, 120000.00) 499 685(97091.00, 102415.00) 404 207 548 391 0(0.00, 0.00)
route 2, node_num 7, cost 1452.066000, nodes: 0(120000.00, 120000.00) 140 565 103 53 470 0(16281.00, 16281.00)
route 3, node_num 7, cost 1898.568000, nodes: 0(120000.00, 120000.00) 290 427 160 12 680(19316.00, 34928.00) 0(0.00, 0.00)
route 4, node_num 7, cost 1027.250000, nodes: 0(120000.00, 120000.00) 510 513 474 10 182 0(46625.00, 46625.00)
route 5, node_num 7, cost 1655.178000, nodes: 0(120000.00, 120000.00) 36 583 561 526 661(44791.00, 44791.00) 0(1773.00, 1773.00)
route 6, node_num 8, cost 1860.712000, nodes: 0(120000.00, 120000.00) 506 525 128 308 11 645(12994.00, 25902.00) 0(0.00, 0.00)
route 7, node_num 7, cost 688.492000, nodes: 0(120000.00, 120000.00) 471 418 434 191 546 0(70822.00, 70822.00)
route 8, node_num 5, cost 743.036000, nodes: 0(120000.00, 120000.00) 365 351 72 0(66926.00, 66926.00)
route 9, node_num 8, cost 664.062000, nodes: 0(120000.00, 120000.00) 181 443 309 74 334 398 0(72567.00, 72567.00)
route 10, node_num 6, cost 1001.826000, nodes: 0(120000.00, 120000.00) 576 114 329 536 0(48441.00, 48441.00)
route 11, node_num 6, cost 1100.876000, nodes: 0(120000.00, 120000.00) 247 274 257 21 0(41366.00, 41366.00)
route 12, node_num 7, cost 1507.534000, nodes: 0(120000.00, 120000.00) 657(94699.00, 94699.00) 518 177 179 109 0(12319.00, 12319.00)
route 13, node_num 7, cost 1483.146000, nodes: 0(120000.00, 120000.00) 692(87550.00, 87550.00) 480 452 172 344 0(14061.00, 14061.00)
route 14, node_num 6, cost 1175.748000, nodes: 0(120000.00, 120000.00) 190 127 244 299 0(36018.00, 36018.00)
route 15, node_num 7, cost 559.188000, nodes: 0(120000.00, 120000.00) 228 283 491 119 32 0(80058.00, 80058.00)
route 16, node_num 9, cost 441.756000, nodes: 0(120000.00, 120000.00) 291 317 204 465 361 311 425 0(88446.00, 88446.00)
route 17, node_num 7, cost 1301.398000, nodes: 0(120000.00, 120000.00) 305 6 37 559 278 0(27043.00, 27043.00)
route 18, node_num 6, cost 1189.440000, nodes: 0(120000.00, 120000.00) 174 253 154 229 0(35040.00, 35040.00)
route 19, node_num 7, cost 1880.368000, nodes: 0(120000.00, 120000.00) 484 538 187 49 636(18939.00, 33251.00) 0(0.00, 0.00)
route 20, node_num 6, cost 1538.278000, nodes: 0(120000.00, 120000.00) 653(84325.00, 84325.00) 380 116 381 0(10123.00, 10123.00)
route 21, node_num 6, cost 1023.358000, nodes: 0(120000.00, 120000.00) 322 412 512 431 0(46903.00, 46903.00)
route 22, node_num 7, cost 967.064000, nodes: 0(120000.00, 120000.00) 38 377 349 273 153 0(50924.00, 50924.00)
route 23, node_num 6, cost 1761.970000, nodes: 0(120000.00, 120000.00) 260 455 281 620(38755.00, 44610.00) 0(0.00, 0.00)
route 24, node_num 7, cost 1255.646000, nodes: 0(120000.00, 120000.00) 123 224 267 85 353 0(30311.00, 30311.00)
route 25, node_num 6, cost 927.276000, nodes: 0(120000.00, 120000.00) 386 216 490 7 0(53766.00, 53766.00)
route 26, node_num 6, cost 1170.260000, nodes: 0(120000.00, 120000.00) 189 400 383 107 0(36410.00, 36410.00)
route 27, node_num 7, cost 1475.740000, nodes: 0(120000.00, 120000.00) 692(87550.00, 87550.00) 448 376 327 541 0(14590.00, 14590.00)
route 28, node_num 7, cost 928.732000, nodes: 0(120000.00, 120000.00) 227 368 166 379 235 0(53662.00, 53662.00)
route 29, node_num 8, cost 1628.942000, nodes: 0(120000.00, 120000.00) 78 66 502 214 194 614(41263.00, 41263.00) 0(3647.00, 3647.00)
route 30, node_num 5, cost 400.722000, nodes: 0(120000.00, 120000.00) 498 150 55 0(91377.00, 91377.00)
route 31, node_num 6, cost 949.172000, nodes: 0(120000.00, 120000.00) 219 394 324 34 0(52202.00, 52202.00)
route 32, node_num 7, cost 1151.752000, nodes: 0(120000.00, 120000.00) 445 520 136 564 198 0(37732.00, 37732.00)
route 33, node_num 6, cost 1568.112000, nodes: 0(120000.00, 120000.00) 315 411 46 292 0(7992.00, 7992.00)
route 34, node_num 7, cost 1313.018000, nodes: 0(120000.00, 120000.00) 102 508 5 378 545 0(26213.00, 26213.00)
route 35, node_num 6, cost 552.580000, nodes: 0(120000.00, 120000.00) 205 130 479 200 0(80530.00, 80530.00)
route 36, node_num 6, cost 1563.492000, nodes: 0(120000.00, 120000.00) 168 286 497 457 0(8322.00, 8322.00)
route 37, node_num 6, cost 547.008000, nodes: 0(120000.00, 120000.00) 4 586 515 164 0(80928.00, 80928.00)
route 38, node_num 6, cost 1128.820000, nodes: 0(120000.00, 120000.00) 535 320 366 295 0(39370.00, 39370.00)
route 39, node_num 6, cost 1102.262000, nodes: 0(120000.00, 120000.00) 35 571 528 13 0(41267.00, 41267.00)
route 40, node_num 7, cost 1364.090000, nodes: 0(120000.00, 120000.00) 143 75 61 251 84 0(22565.00, 22565.00)
route 41, node_num 7, cost 1645.168000, nodes: 0(120000.00, 120000.00) 413 330 463 539 684(41853.00, 41853.00) 0(2488.00, 2488.00)
route 42, node_num 5, cost 187.236000, nodes: 0(120000.00, 120000.00) 580 279 359 0(106626.00, 106626.00)
route 43, node_num 5, cost 1096.354000, nodes: 0(120000.00, 120000.00) 133 159 301 0(41689.00, 41689.00)
route 44, node_num 7, cost 1243.438000, nodes: 0(120000.00, 120000.00) 363 1 82 239 252 0(31183.00, 31183.00)
route 45, node_num 7, cost 1113.406000, nodes: 0(120000.00, 120000.00) 567 146 387 271 135 0(40471.00, 40471.00)
route 46, node_num 6, cost 586.544000, nodes: 0(120000.00, 120000.00) 18 20 298 348 0(78104.00, 78104.00)
route 47, node_num 8, cost 834.176000, nodes: 0(120000.00, 120000.00) 17 284 385 347 403 57 0(60416.00, 60416.00)
route 48, node_num 6, cost 1606.654000, nodes: 0(120000.00, 120000.00) 238 141 410 635(51011.00, 51011.00) 0(5239.00, 5239.00)
route 49, node_num 6, cost 315.154000, nodes: 0(120000.00, 120000.00) 226 585 364 134 0(97489.00, 97489.00)
route 50, node_num 6, cost 951.342000, nodes: 0(120000.00, 120000.00) 269 210 560 120 0(52047.00, 52047.00)
route 51, node_num 5, cost 526.316000, nodes: 0(120000.00, 120000.00) 256 129 100 0(82406.00, 82406.00)
route 52, node_num 6, cost 1524.894000, nodes: 0(120000.00, 120000.00) 52 314 524 232 0(11079.00, 11079.00)
route 53, node_num 7, cost 1653.568000, nodes: 0(120000.00, 120000.00) 223 588 521 245 610(45085.00, 45085.00) 0(1888.00, 1888.00)
route 54, node_num 6, cost 1508.808000, nodes: 0(120000.00, 120000.00) 550 447 176 163 0(12228.00, 12228.00)
route 55, node_num 7, cost 1240.694000, nodes: 0(120000.00, 120000.00) 362 218 340 306 178 0(31379.00, 31379.00)
route 56, node_num 6, cost 1709.148000, nodes: 0(120000.00, 120000.00) 653(84325.00, 86407.00) 336 422 272 0(0.00, 0.00)
route 57, node_num 7, cost 1204.056000, nodes: 0(120000.00, 120000.00) 225 335 169 466 28 0(33996.00, 33996.00)
route 58, node_num 7, cost 1572.662000, nodes: 0(120000.00, 120000.00) 653(84325.00, 84325.00) 582 287 276 514 0(7667.00, 7667.00)
route 59, node_num 6, cost 405.496000, nodes: 0(120000.00, 120000.00) 473 96 501 48 0(91036.00, 91036.00)
route 60, node_num 7, cost 544.698000, nodes: 0(120000.00, 120000.00) 439 459 142 51 393 0(81093.00, 81093.00)
route 61, node_num 5, cost 1381.324000, nodes: 0(120000.00, 120000.00) 464 14 156 0(21334.00, 21334.00)
route 62, node_num 6, cost 1603.042000, nodes: 0(120000.00, 120000.00) 259 467 280 672(48414.00, 48414.00) 0(5497.00, 5497.00)
route 63, node_num 7, cost 1354.542000, nodes: 0(120000.00, 120000.00) 197 234 236 492 416 0(23247.00, 23247.00)
route 64, node_num 8, cost 1545.782000, nodes: 0(120000.00, 120000.00) 80 69 549 575 435 679(48020.00, 48020.00) 0(9587.00, 9587.00)
route 65, node_num 6, cost 1090.250000, nodes: 0(120000.00, 120000.00) 428 162 15 254 0(42125.00, 42125.00)
route 66, node_num 6, cost 1219.302000, nodes: 0(120000.00, 120000.00) 44 77 137 91 0(32907.00, 32907.00)
route 67, node_num 8, cost 1029.210000, nodes: 0(120000.00, 120000.00) 397 108 152 553 266 30 0(46485.00, 46485.00)
route 68, node_num 9, cost 1546.552000, nodes: 0(120000.00, 120000.00) 419 9 440 342 73 493 632(43499.00, 43499.00) 0(9532.00, 9532.00)
route 69, node_num 8, cost 1570.758000, nodes: 0(120000.00, 120000.00) 449 282 56 167 112 632(41770.00, 41770.00) 0(7803.00, 7803.00)
route 70, node_num 7, cost 1937.572000, nodes: 0(120000.00, 120000.00) 653(84325.00, 102723.00) 456 563 504 325 0(0.00, 0.00)
route 71, node_num 7, cost 708.526000, nodes: 0(120000.00, 120000.00) 430 488 208 26 121 0(69391.00, 69391.00)
route 72, node_num 7, cost 1182.958000, nodes: 0(120000.00, 120000.00) 138 321 355 175 221 0(35503.00, 35503.00)
route 73, node_num 7, cost 1731.324000, nodes: 0(120000.00, 120000.00) 685(97648.00, 101314.00) 420 426 304 414 0(0.00, 0.00)
route 74, node_num 7, cost 1275.106000, nodes: 0(120000.00, 120000.00) 62 265 313 517 110 0(28921.00, 28921.00)
route 75, node_num 7, cost 1660.078000, nodes: 0(120000.00, 120000.00) 685(97648.00, 97648.00) 537 157 390 475 0(1423.00, 1423.00)
route 76, node_num 7, cost 2000.432000, nodes: 0(120000.00, 120000.00) 371 547 453 527 677(19588.00, 42476.00) 0(0.00, 0.00)
route 77, node_num 8, cost 1912.680000, nodes: 0(120000.00, 120000.00) 533 22 406 496 519 636(16631.00, 33251.00) 0(0.00, 0.00)
route 78, node_num 6, cost 1960.812000, nodes: 0(120000.00, 120000.00) 616(95738.00, 115796.00) 592 432 117 0(0.00, 0.00)
route 79, node_num 6, cost 1208.018000, nodes: 0(120000.00, 120000.00) 511 263 534 145 0(33713.00, 33713.00)
route 80, node_num 7, cost 882.014000, nodes: 0(120000.00, 120000.00) 374 104 557 556 532 0(56999.00, 56999.00)
route 81, node_num 8, cost 1754.270000, nodes: 0(120000.00, 120000.00) 328 148 264 111 275 636(27946.00, 33251.00) 0(0.00, 0.00)
route 82, node_num 7, cost 522.494000, nodes: 0(120000.00, 120000.00) 262 451 215 242 495 0(82679.00, 82679.00)
route 83, node_num 8, cost 503.734000, nodes: 0(120000.00, 120000.00) 516 183 460 522 489 507 0(84019.00, 84019.00)
route 84, node_num 6, cost 1451.394000, nodes: 0(120000.00, 120000.00) 122 19 43 529 0(16329.00, 16329.00)
route 85, node_num 7, cost 1109.388000, nodes: 0(120000.00, 120000.00) 469 285 572 396 566 0(40758.00, 40758.00)
route 86, node_num 7, cost 1606.318000, nodes: 0(120000.00, 120000.00) 255 50 438 555 648(29960.00, 29960.00) 0(5263.00, 5263.00)
route 87, node_num 6, cost 519.834000, nodes: 0(120000.00, 120000.00) 185 288 593 240 0(82869.00, 82869.00)
route 88, node_num 7, cost 1624.896000, nodes: 0(120000.00, 120000.00) 338 250 352 505 650(53567.00, 53567.00) 0(3936.00, 3936.00)
route 89, node_num 6, cost 937.944000, nodes: 0(120000.00, 120000.00) 98 147 24 543 0(53004.00, 53004.00)
route 90, node_num 6, cost 433.496000, nodes: 0(120000.00, 120000.00) 468 558 388 161 0(89036.00, 89036.00)
route 91, node_num 5, cost 1334.774000, nodes: 0(120000.00, 120000.00) 27 202 296 0(24659.00, 24659.00)
route 92, node_num 8, cost 1627.836000, nodes: 0(120000.00, 120000.00) 429 494 503 483 233 635(49498.00, 49498.00) 0(3726.00, 3726.00)
route 93, node_num 8, cost 1780.674000, nodes: 0(120000.00, 120000.00) 589 568 481 90 500 688(29040.00, 36231.00) 0(0.00, 0.00)
route 94, node_num 6, cost 1287.202000, nodes: 0(120000.00, 120000.00) 193 113 86 243 0(28057.00, 28057.00)
route 95, node_num 6, cost 341.894000, nodes: 0(120000.00, 120000.00) 95 477 573 442 0(95579.00, 95579.00)
route 96, node_num 6, cost 1612.982000, nodes: 0(120000.00, 120000.00) 373 16 201 621(44014.00, 44014.00) 0(4787.00, 4787.00)
route 97, node_num 7, cost 1678.614000, nodes: 0(120000.00, 120000.00) 405 357 358 94 675(37916.00, 37916.00) 0(99.00, 99.00)
route 98, node_num 8, cost 1017.506000, nodes: 0(120000.00, 120000.00) 124 436 297 597 171 598 0(47321.00, 47321.00)
route 99, node_num 5, cost 685.314000, nodes: 0(120000.00, 120000.00) 158 237 79 0(71049.00, 71049.00)
route 100, node_num 7, cost 1577.324000, nodes: 0(120000.00, 120000.00) 486 132 446 382 482 0(7334.00, 7334.00)
route 101, node_num 6, cost 888.006000, nodes: 0(120000.00, 120000.00) 59 300 544 587 0(56571.00, 56571.00)
route 102, node_num 5, cost 1049.636000, nodes: 0(120000.00, 120000.00) 350 131 345 0(45026.00, 45026.00)
route 103, node_num 7, cost 1596.742000, nodes: 0(120000.00, 120000.00) 70 369 125 155 606(42185.00, 42185.00) 0(5947.00, 5947.00)
route 104, node_num 6, cost 1580.320000, nodes: 0(120000.00, 120000.00) 509 444 581 677(49596.00, 49596.00) 0(7120.00, 7120.00)
route 105, node_num 7, cost 1256.836000, nodes: 0(120000.00, 120000.00) 530 339 554 170 316 0(30226.00, 30226.00)
route 106, node_num 7, cost 949.774000, nodes: 0(120000.00, 120000.00) 551 303 424 319 209 0(52159.00, 52159.00)
route 107, node_num 7, cost 1630.524000, nodes: 0(120000.00, 120000.00) 644(106638.00, 106638.00) 407 441 596 213 0(3534.00, 3534.00)
route 108, node_num 6, cost 1402.198000, nodes: 0(120000.00, 120000.00) 399 458 99 375 0(19843.00, 19843.00)
route 109, node_num 6, cost 1083.166000, nodes: 0(120000.00, 120000.00) 64 356 594 409 0(42631.00, 42631.00)
route 110, node_num 9, cost 510.734000, nodes: 0(120000.00, 120000.00) 89 23 93 231 408 195 81 0(83519.00, 83519.00)
route 111, node_num 8, cost 1647.002000, nodes: 0(120000.00, 120000.00) 540 579 389 318 476 625(44447.00, 44447.00) 0(2357.00, 2357.00)
route 112, node_num 7, cost 826.042000, nodes: 0(120000.00, 120000.00) 97 83 68 106 289 0(60997.00, 60997.00)
route 113, node_num 5, cost 370.426000, nodes: 0(120000.00, 120000.00) 31 472 293 0(93541.00, 93541.00)
route 114, node_num 7, cost 437.416000, nodes: 0(120000.00, 120000.00) 333 144 165 337 47 0(88756.00, 88756.00)
route 115, node_num 5, cost 1318.534000, nodes: 0(120000.00, 120000.00) 312 599 42 0(25819.00, 25819.00)
route 116, node_num 8, cost 1801.604000, nodes: 0(120000.00, 120000.00) 230 307 302 118 60 672(34231.00, 42917.00) 0(0.00, 0.00)
route 117, node_num 7, cost 1105.342000, nodes: 0(120000.00, 120000.00) 149 151 25 41 370 0(41047.00, 41047.00)
route 118, node_num 7, cost 1423.338000, nodes: 0(120000.00, 120000.00) 542 415 188 437 433 0(18333.00, 18333.00)
route 119, node_num 8, cost 1717.604000, nodes: 0(120000.00, 120000.00) 105 173 115 331 212 664(3675.00, 6361.00) 0(0.00, 0.00)
route 120, node_num 5, cost 1469.006000, nodes: 0(120000.00, 120000.00) 577 270 2 0(15071.00, 15071.00)
route 121, node_num 7, cost 1972.642000, nodes: 0(120000.00, 120000.00) 186 647(50980.00, 71883.00) 196 3 249 0(0.00, 0.00)
route 122, node_num 4, cost 278.950000, nodes: 0(120000.00, 120000.00) 65 92 0(100075.00, 100075.00)
route 123, node_num 6, cost 1407.098000, nodes: 0(120000.00, 120000.00) 354 40 71 63 0(19493.00, 19493.00)
route 124, node_num 7, cost 376.824000, nodes: 0(120000.00, 120000.00) 461 220 203 570 487 0(93084.00, 93084.00)
route 125, node_num 6, cost 1354.556000, nodes: 0(120000.00, 120000.00) 192 76 184 101 0(23246.00, 23246.00)
route 126, node_num 7, cost 990.304000, nodes: 0(120000.00, 120000.00) 206 360 569 574 258 0(49264.00, 49264.00)
route 127, node_num 7, cost 1571.108000, nodes: 0(120000.00, 120000.00) 584 595 392 343 636(41029.00, 41029.00) 0(7778.00, 7778.00)
route 128, node_num 6, cost 1610.476000, nodes: 0(120000.00, 120000.00) 523 277 33 401 0(4966.00, 4966.00)
route 129, node_num 7, cost 1618.400000, nodes: 0(120000.00, 120000.00) 332 261 54 45 621(43627.00, 43627.00) 0(4400.00, 4400.00)
route 130, node_num 8, cost 1069.012000, nodes: 0(120000.00, 120000.00) 341 29 552 562 591 450 0(43642.00, 43642.00)
route 131, node_num 6, cost 1526.658000, nodes: 0(120000.00, 120000.00) 600 402 485 87 0(10953.00, 10953.00)
route 132, node_num 6, cost 1320.452000, nodes: 0(120000.00, 120000.00) 139 531 211 217 0(25682.00, 25682.00)
route 133, node_num 8, cost 1766.142000, nodes: 0(120000.00, 120000.00) 246 423 421 248 346 672(36764.00, 42917.00) 0(0.00, 0.00)
route 134, node_num 6, cost 996.660000, nodes: 0(120000.00, 120000.00) 372 454 310 67 0(48810.00, 48810.00)
route 135, node_num 6, cost 410.634000, nodes: 0(120000.00, 120000.00) 294 88 367 39 0(90669.00, 90669.00)
route 136, node_num 5, cost 859.054000, nodes: 0(120000.00, 120000.00) 199 478 268 0(58639.00, 58639.00)
route 137, node_num 7, cost 1806.672000, nodes: 0(120000.00, 120000.00) 578 395 614(42927.00, 51975.00) 462 180 0(0.00, 0.00)
route 138, node_num 8, cost 865.368000, nodes: 0(120000.00, 120000.00) 58 8 417 323 384 126 0(58188.00, 58188.00)
vehicle (route) number: 139
Total cost: 210658.62
215411.76, 18000.87
217291.28, 18014.09
215517.27, 18014.09
215427.84, 18000.17
217530.91, 18038.74
221622.44, 18029.58
216142.71, 18014.72
210658.62, 18014.43
213613.57, 10278.10
214905.74, 18005.75
