Details of the solution:
route 0, node_num 6, cost 1574.916000, nodes: 0(120000.00, 120000.00) 621 132 476 182 0(7506.00, 7506.00)
route 1, node_num 3, cost 185.206000, nodes: 0(120000.00, 120000.00) 498 0(106771.00, 106771.00)
route 2, node_num 8, cost 1291.136000, nodes: 0(120000.00, 120000.00) 411 576 137 20 95 14 0(27776.00, 27776.00)
route 3, node_num 6, cost 663.838000, nodes: 0(120000.00, 120000.00) 21 93 311 462 0(72583.00, 72583.00)
route 4, node_num 6, cost 1666.574000, nodes: 0(120000.00, 120000.00) 38 791 429 236 0(959.00, 959.00)
route 5, node_num 7, cost 1816.682000, nodes: 0(120000.00, 120000.00) 92 512 613 209 847(39435.00, 49198.00) 0(0.00, 0.00)
route 6, node_num 8, cost 1615.908000, nodes: 0(120000.00, 120000.00) 824(78004.00, 78004.00) 735 696 575 392 697 0(4578.00, 4578.00)
route 7, node_num 4, cost 868.042000, nodes: 0(120000.00, 120000.00) 415 144 0(57997.00, 57997.00)
route 8, node_num 7, cost 1437.660000, nodes: 0(120000.00, 120000.00) 898(102863.00, 102863.00) 121 438 795 251 0(17310.00, 17310.00)
route 9, node_num 8, cost 1670.256000, nodes: 0(120000.00, 120000.00) 824(78004.00, 78004.00) 635 85 276 439 425 0(696.00, 696.00)
route 10, node_num 7, cost 563.822000, nodes: 0(120000.00, 120000.00) 544 514 459 758 324 0(79727.00, 79727.00)
route 11, node_num 6, cost 1270.150000, nodes: 0(120000.00, 120000.00) 289 293 167 153 0(29275.00, 29275.00)
route 12, node_num 7, cost 1556.100000, nodes: 0(120000.00, 120000.00) 821(81946.00, 105946.00) 478 420 155 752 0(32850.00, 32850.00)
route 13, node_num 7, cost 1759.660000, nodes: 0(120000.00, 120000.00) 582 830(106481.00, 112171.00) 355 128 157 0(0.00, 0.00)
route 14, node_num 7, cost 1820.280000, nodes: 0(120000.00, 120000.00) 877(102343.00, 120000.00) 149 329 684 292 0(7637.00, 7637.00)
route 15, node_num 6, cost 1246.938000, nodes: 0(120000.00, 120000.00) 461 377 542 114 0(30933.00, 30933.00)
route 16, node_num 8, cost 1714.006000, nodes: 0(120000.00, 120000.00) 68 141 433 529 73 877(17594.00, 20023.00) 0(0.00, 0.00)
route 17, node_num 6, cost 949.312000, nodes: 0(120000.00, 120000.00) 299 522 642 628 0(52192.00, 52192.00)
route 18, node_num 7, cost 1361.066000, nodes: 0(120000.00, 120000.00) 119 305 549 226 661 0(22781.00, 22781.00)
route 19, node_num 6, cost 1306.676000, nodes: 0(120000.00, 120000.00) 222 492 401 191 0(26666.00, 26666.00)
route 20, node_num 8, cost 1845.886000, nodes: 0(120000.00, 120000.00) 755 26 162 118 854(45540.00, 57389.00) 315 0(0.00, 0.00)
route 21, node_num 7, cost 1085.574000, nodes: 0(120000.00, 120000.00) 146 790 606 225 702 0(42459.00, 42459.00)
route 22, node_num 7, cost 558.656000, nodes: 0(120000.00, 120000.00) 765 403 384 602 300 0(80096.00, 80096.00)
route 23, node_num 5, cost 1095.108000, nodes: 0(120000.00, 120000.00) 672 553 547 0(41778.00, 41778.00)
route 24, node_num 8, cost 1579.956000, nodes: 0(120000.00, 120000.00) 158 615 629 180 523 881(44395.00, 44395.00) 0(7146.00, 7146.00)
route 25, node_num 6, cost 952.742000, nodes: 0(120000.00, 120000.00) 497 646 394 35 0(51947.00, 51947.00)
route 26, node_num 8, cost 1890.686000, nodes: 0(120000.00, 120000.00) 171 610 601 291 730 877(4974.00, 20023.00) 0(0.00, 0.00)
route 27, node_num 5, cost 707.994000, nodes: 0(120000.00, 120000.00) 772 786 3 0(69429.00, 69429.00)
route 28, node_num 8, cost 1651.342000, nodes: 0(120000.00, 120000.00) 102 285 452 125 83 823(6561.00, 6561.00) 0(2047.00, 2047.00)
route 29, node_num 6, cost 1478.470000, nodes: 0(120000.00, 120000.00) 204 339 63 286 0(14395.00, 14395.00)
route 30, node_num 7, cost 1604.176000, nodes: 0(120000.00, 120000.00) 824(78004.00, 86004.00) 619 435 104 771 0(13416.00, 13416.00)
route 31, node_num 8, cost 1778.714000, nodes: 0(120000.00, 120000.00) 511 408 5 460 45 803(2064.00, 9115.00) 0(0.00, 0.00)
route 32, node_num 5, cost 588.700000, nodes: 0(120000.00, 120000.00) 296 142 455 0(77950.00, 77950.00)
route 33, node_num 6, cost 1309.574000, nodes: 0(120000.00, 120000.00) 84 623 586 170 0(26459.00, 26459.00)
route 34, node_num 7, cost 851.046000, nodes: 0(120000.00, 120000.00) 760 64 340 37 130 0(59211.00, 59211.00)
route 35, node_num 8, cost 1588.720000, nodes: 0(120000.00, 120000.00) 183 609 412 51 66 823(11034.00, 11034.00) 0(6520.00, 6520.00)
route 36, node_num 7, cost 632.940000, nodes: 0(120000.00, 120000.00) 247 502 82 140 354 0(74790.00, 74790.00)
route 37, node_num 7, cost 1240.834000, nodes: 0(120000.00, 120000.00) 539 40 103 678 50 0(31369.00, 31369.00)
route 38, node_num 8, cost 1579.494000, nodes: 0(120000.00, 120000.00) 232 334 444 748 589 881(44428.00, 44428.00) 0(7179.00, 7179.00)
route 39, node_num 8, cost 1019.452000, nodes: 0(120000.00, 120000.00) 382 371 580 687 597 77 0(47182.00, 47182.00)
route 40, node_num 6, cost 801.052000, nodes: 0(120000.00, 120000.00) 174 173 405 707 0(62782.00, 62782.00)
route 41, node_num 7, cost 1550.290000, nodes: 0(120000.00, 120000.00) 824(78004.00, 90004.00) 449 746 13 390 0(21265.00, 21265.00)
route 42, node_num 7, cost 1133.202000, nodes: 0(120000.00, 120000.00) 332 468 727 184 105 0(39057.00, 39057.00)
route 43, node_num 7, cost 1488.900000, nodes: 0(120000.00, 120000.00) 595 150 238 742 365 0(13650.00, 13650.00)
route 44, node_num 8, cost 1422.274000, nodes: 0(120000.00, 120000.00) 821(81946.00, 81946.00) 593 680 617 11 164 0(18409.00, 18409.00)
route 45, node_num 6, cost 1114.372000, nodes: 0(120000.00, 120000.00) 614 331 337 97 0(40402.00, 40402.00)
route 46, node_num 6, cost 890.512000, nodes: 0(120000.00, 120000.00) 333 210 636 9 0(56392.00, 56392.00)
route 47, node_num 8, cost 896.224000, nodes: 0(120000.00, 120000.00) 789 499 535 734 641 663 0(55984.00, 55984.00)
route 48, node_num 6, cost 1336.692000, nodes: 0(120000.00, 120000.00) 231 373 179 263 0(24522.00, 24522.00)
route 49, node_num 6, cost 804.356000, nodes: 0(120000.00, 120000.00) 218 524 108 413 0(62546.00, 62546.00)
route 50, node_num 8, cost 1311.058000, nodes: 0(120000.00, 120000.00) 475 596 349 302 506 227 0(26353.00, 26353.00)
route 51, node_num 6, cost 784.210000, nodes: 0(120000.00, 120000.00) 228 581 25 117 0(63985.00, 63985.00)
route 52, node_num 6, cost 1541.764000, nodes: 0(120000.00, 120000.00) 756 67 777 376 0(9874.00, 9874.00)
route 53, node_num 7, cost 1719.466000, nodes: 0(120000.00, 120000.00) 513 330 41 244 803(6296.00, 9115.00) 0(0.00, 0.00)
route 54, node_num 6, cost 256.592000, nodes: 0(120000.00, 120000.00) 583 398 201 277 0(101672.00, 101672.00)
route 55, node_num 8, cost 1311.464000, nodes: 0(120000.00, 120000.00) 7 715 259 323 283 693 0(26324.00, 26324.00)
route 56, node_num 6, cost 1352.540000, nodes: 0(120000.00, 120000.00) 239 252 525 607 0(23390.00, 23390.00)
route 57, node_num 6, cost 914.060000, nodes: 0(120000.00, 120000.00) 673 423 36 312 0(54710.00, 54710.00)
route 58, node_num 7, cost 1607.424000, nodes: 0(120000.00, 120000.00) 824(78004.00, 120000.00) 546 143 279 385 0(47180.00, 47180.00)
route 59, node_num 6, cost 1143.268000, nodes: 0(120000.00, 120000.00) 737 515 773 712 0(38338.00, 38338.00)
route 60, node_num 6, cost 304.136000, nodes: 0(120000.00, 120000.00) 716 561 310 501 0(98276.00, 98276.00)
route 61, node_num 6, cost 1466.514000, nodes: 0(120000.00, 120000.00) 571 555 560 616 0(15249.00, 15249.00)
route 62, node_num 6, cost 504.084000, nodes: 0(120000.00, 120000.00) 545 266 65 568 0(83994.00, 83994.00)
route 63, node_num 7, cost 1509.830000, nodes: 0(120000.00, 120000.00) 788 800 325 48 845(34958.00, 34958.00) 0(12155.00, 12155.00)
route 64, node_num 7, cost 1730.876000, nodes: 0(120000.00, 120000.00) 166 743 186 488 803(5481.00, 9115.00) 0(0.00, 0.00)
route 65, node_num 6, cost 642.124000, nodes: 0(120000.00, 120000.00) 640 605 775 705 0(74134.00, 74134.00)
route 66, node_num 6, cost 1438.332000, nodes: 0(120000.00, 120000.00) 594 574 440 531 0(17262.00, 17262.00)
route 67, node_num 7, cost 1171.352000, nodes: 0(120000.00, 120000.00) 135 793 537 115 733 0(36332.00, 36332.00)
route 68, node_num 6, cost 1587.180000, nodes: 0(120000.00, 120000.00) 383 799 308 264 0(6630.00, 6630.00)
route 69, node_num 8, cost 1557.108000, nodes: 0(120000.00, 120000.00) 824(78004.00, 120000.00) 691 747 208 622 530 0(50774.00, 50774.00)
route 70, node_num 7, cost 1043.308000, nodes: 0(120000.00, 120000.00) 532 792 406 457 643 0(45478.00, 45478.00)
route 71, node_num 8, cost 631.736000, nodes: 0(120000.00, 120000.00) 671 357 23 270 670 61 0(74876.00, 74876.00)
route 72, node_num 7, cost 1054.746000, nodes: 0(120000.00, 120000.00) 471 56 528 552 721 0(44661.00, 44661.00)
route 73, node_num 7, cost 1293.236000, nodes: 0(120000.00, 120000.00) 442 648 96 34 346 0(27626.00, 27626.00)
route 74, node_num 7, cost 1512.126000, nodes: 0(120000.00, 120000.00) 681 91 120 639 363 0(11991.00, 11991.00)
route 75, node_num 6, cost 832.146000, nodes: 0(120000.00, 120000.00) 341 217 434 271 0(60561.00, 60561.00)
route 76, node_num 6, cost 864.836000, nodes: 0(120000.00, 120000.00) 745 776 313 317 0(58226.00, 58226.00)
route 77, node_num 7, cost 1226.456000, nodes: 0(120000.00, 120000.00) 465 591 725 60 207 0(32396.00, 32396.00)
route 78, node_num 6, cost 975.226000, nodes: 0(120000.00, 120000.00) 713 18 254 674 0(50341.00, 50341.00)
route 79, node_num 7, cost 1655.780000, nodes: 0(120000.00, 120000.00) 877(102343.00, 120000.00) 625 316 474 656 0(19387.00, 19387.00)
route 80, node_num 7, cost 570.472000, nodes: 0(120000.00, 120000.00) 728 451 343 241 306 0(79252.00, 79252.00)
route 81, node_num 6, cost 916.636000, nodes: 0(120000.00, 120000.00) 288 335 353 559 0(54526.00, 54526.00)
route 82, node_num 6, cost 1267.434000, nodes: 0(120000.00, 120000.00) 558 389 729 751 0(29469.00, 29469.00)
route 83, node_num 7, cost 1111.194000, nodes: 0(120000.00, 120000.00) 409 510 645 518 366 0(40629.00, 40629.00)
route 84, node_num 7, cost 1037.484000, nodes: 0(120000.00, 120000.00) 538 87 548 47 71 0(45894.00, 45894.00)
route 85, node_num 6, cost 1533.518000, nodes: 0(120000.00, 120000.00) 694 185 527 667 0(10463.00, 10463.00)
route 86, node_num 7, cost 1272.348000, nodes: 0(120000.00, 120000.00) 533 220 554 722 649 0(29118.00, 29118.00)
route 87, node_num 7, cost 1314.418000, nodes: 0(120000.00, 120000.00) 703 443 256 28 741 0(26113.00, 26113.00)
route 88, node_num 6, cost 1292.774000, nodes: 0(120000.00, 120000.00) 199 517 49 42 0(27659.00, 27659.00)
route 89, node_num 8, cost 779.464000, nodes: 0(120000.00, 120000.00) 612 297 796 156 72 212 0(64324.00, 64324.00)
route 90, node_num 8, cost 1620.598000, nodes: 0(120000.00, 120000.00) 284 753 570 698 463 803(13358.00, 13358.00) 0(4243.00, 4243.00)
route 91, node_num 6, cost 1255.982000, nodes: 0(120000.00, 120000.00) 362 193 172 487 0(30287.00, 30287.00)
route 92, node_num 7, cost 1333.010000, nodes: 0(120000.00, 120000.00) 592 352 726 550 631 0(24785.00, 24785.00)
route 93, node_num 6, cost 991.564000, nodes: 0(120000.00, 120000.00) 739 4 520 658 0(49174.00, 49174.00)
route 94, node_num 7, cost 1252.468000, nodes: 0(120000.00, 120000.00) 321 298 262 714 416 0(30538.00, 30538.00)
route 95, node_num 6, cost 1136.590000, nodes: 0(120000.00, 120000.00) 604 651 785 608 0(38815.00, 38815.00)
route 96, node_num 5, cost 660.884000, nodes: 0(120000.00, 120000.00) 473 655 469 0(72794.00, 72794.00)
route 97, node_num 7, cost 1219.666000, nodes: 0(120000.00, 120000.00) 147 400 611 159 650 0(32881.00, 32881.00)
route 98, node_num 5, cost 1354.290000, nodes: 0(120000.00, 120000.00) 214 432 660 0(23265.00, 23265.00)
route 99, node_num 6, cost 1473.640000, nodes: 0(120000.00, 120000.00) 424 177 200 274 0(14740.00, 14740.00)
route 100, node_num 8, cost 884.464000, nodes: 0(120000.00, 120000.00) 133 653 168 479 781 590 0(56824.00, 56824.00)
route 101, node_num 6, cost 789.936000, nodes: 0(120000.00, 120000.00) 453 391 563 301 0(63576.00, 63576.00)
route 102, node_num 7, cost 1522.948000, nodes: 0(120000.00, 120000.00) 348 526 466 369 107 0(11218.00, 11218.00)
route 103, node_num 5, cost 942.060000, nodes: 0(120000.00, 120000.00) 430 759 81 0(52710.00, 52710.00)
route 104, node_num 5, cost 639.170000, nodes: 0(120000.00, 120000.00) 551 419 359 0(74345.00, 74345.00)
route 105, node_num 7, cost 1673.224000, nodes: 0(120000.00, 120000.00) 175 644 494 562 803(9599.00, 9599.00) 0(484.00, 484.00)
route 106, node_num 7, cost 711.858000, nodes: 0(120000.00, 120000.00) 659 557 88 375 187 0(69153.00, 69153.00)
route 107, node_num 6, cost 1104.796000, nodes: 0(120000.00, 120000.00) 422 627 22 253 0(41086.00, 41086.00)
route 108, node_num 7, cost 1364.006000, nodes: 0(120000.00, 120000.00) 16 704 151 127 205 0(22571.00, 22571.00)
route 109, node_num 8, cost 1125.054000, nodes: 0(120000.00, 120000.00) 541 386 690 699 399 278 0(39639.00, 39639.00)
route 110, node_num 5, cost 1244.796000, nodes: 0(120000.00, 120000.00) 303 89 106 0(31086.00, 31086.00)
route 111, node_num 5, cost 887.754000, nodes: 0(120000.00, 120000.00) 588 657 749 0(56589.00, 56589.00)
route 112, node_num 5, cost 1244.866000, nodes: 0(120000.00, 120000.00) 779 1 464 0(31081.00, 31081.00)
route 113, node_num 7, cost 1080.156000, nodes: 0(120000.00, 120000.00) 258 372 600 58 98 0(42846.00, 42846.00)
route 114, node_num 8, cost 1111.698000, nodes: 0(120000.00, 120000.00) 154 472 19 240 493 763 0(40593.00, 40593.00)
route 115, node_num 8, cost 1647.968000, nodes: 0(120000.00, 120000.00) 682 322 78 723 677 881(39537.00, 39537.00) 0(2288.00, 2288.00)
route 116, node_num 5, cost 418.516000, nodes: 0(120000.00, 120000.00) 268 360 336 0(90106.00, 90106.00)
route 117, node_num 4, cost 904.638000, nodes: 0(120000.00, 120000.00) 6 116 0(55383.00, 55383.00)
route 118, node_num 7, cost 1339.408000, nodes: 0(120000.00, 120000.00) 235 163 161 237 320 0(24328.00, 24328.00)
route 119, node_num 7, cost 952.224000, nodes: 0(120000.00, 120000.00) 213 685 257 110 111 0(51984.00, 51984.00)
route 120, node_num 5, cost 232.918000, nodes: 0(120000.00, 120000.00) 731 603 327 0(103363.00, 103363.00)
route 121, node_num 8, cost 1678.096000, nodes: 0(120000.00, 120000.00) 821(81946.00, 120000.00) 245 194 683 477 787 0(38190.00, 38190.00)
route 122, node_num 5, cost 891.772000, nodes: 0(120000.00, 120000.00) 740 190 345 0(56302.00, 56302.00)
route 123, node_num 8, cost 1656.760000, nodes: 0(120000.00, 120000.00) 566 368 33 79 148 823(6174.00, 6174.00) 0(1660.00, 1660.00)
route 124, node_num 5, cost 908.026000, nodes: 0(120000.00, 120000.00) 598 27 379 0(55141.00, 55141.00)
route 125, node_num 7, cost 1232.392000, nodes: 0(120000.00, 120000.00) 480 101 248 766 30 0(31972.00, 31972.00)
route 126, node_num 6, cost 1216.012000, nodes: 0(120000.00, 120000.00) 367 90 489 242 0(33142.00, 33142.00)
route 127, node_num 7, cost 911.106000, nodes: 0(120000.00, 120000.00) 55 495 282 404 275 0(54921.00, 54921.00)
route 128, node_num 5, cost 528.360000, nodes: 0(120000.00, 120000.00) 450 441 221 0(82260.00, 82260.00)
route 129, node_num 8, cost 499.716000, nodes: 0(120000.00, 120000.00) 338 445 556 634 70 381 0(84306.00, 84306.00)
route 130, node_num 8, cost 903.448000, nodes: 0(120000.00, 120000.00) 136 2 618 410 417 361 0(55468.00, 55468.00)
route 131, node_num 7, cost 863.044000, nodes: 0(120000.00, 120000.00) 24 196 195 490 573 0(58354.00, 58354.00)
route 132, node_num 6, cost 223.286000, nodes: 0(120000.00, 120000.00) 261 290 249 124 0(104051.00, 104051.00)
route 133, node_num 5, cost 170.576000, nodes: 0(120000.00, 120000.00) 216 189 12 0(107816.00, 107816.00)
route 134, node_num 8, cost 1422.694000, nodes: 0(120000.00, 120000.00) 126 80 15 112 414 540 0(18379.00, 18379.00)
route 135, node_num 4, cost 213.878000, nodes: 0(120000.00, 120000.00) 347 109 0(104723.00, 104723.00)
route 136, node_num 8, cost 1787.044000, nodes: 0(120000.00, 120000.00) 431 652 29 701 176 856(15732.00, 23378.00) 0(0.00, 0.00)
route 137, node_num 7, cost 1013.992000, nodes: 0(120000.00, 120000.00) 388 754 304 74 234 0(47572.00, 47572.00)
route 138, node_num 8, cost 1495.564000, nodes: 0(120000.00, 120000.00) 821(81946.00, 120000.00) 706 620 436 484 219 0(51228.00, 51228.00)
route 139, node_num 6, cost 819.840000, nodes: 0(120000.00, 120000.00) 692 496 509 599 0(61440.00, 61440.00)
route 140, node_num 6, cost 1000.762000, nodes: 0(120000.00, 120000.00) 246 732 188 364 0(48517.00, 48517.00)
route 141, node_num 7, cost 1458.730000, nodes: 0(120000.00, 120000.00) 294 482 358 572 783 0(15805.00, 15805.00)
route 142, node_num 8, cost 1837.234000, nodes: 0(120000.00, 120000.00) 543 418 145 709 378 877(8792.00, 20023.00) 0(0.00, 0.00)
route 143, node_num 7, cost 1612.618000, nodes: 0(120000.00, 120000.00) 877(102343.00, 102343.00) 160 99 426 761 0(4813.00, 4813.00)
route 144, node_num 7, cost 1651.972000, nodes: 0(120000.00, 120000.00) 564 744 233 32 624 0(2002.00, 2002.00)
route 145, node_num 7, cost 1333.556000, nodes: 0(120000.00, 120000.00) 587 768 717 129 456 0(24746.00, 24746.00)
route 146, node_num 7, cost 878.794000, nodes: 0(120000.00, 120000.00) 328 708 344 380 724 0(57229.00, 57229.00)
route 147, node_num 7, cost 1376.130000, nodes: 0(120000.00, 120000.00) 446 569 287 486 192 0(21705.00, 21705.00)
route 148, node_num 8, cost 1654.828000, nodes: 0(120000.00, 120000.00) 824(78004.00, 106004.00) 198 720 504 134 521 0(29798.00, 29798.00)
route 149, node_num 7, cost 1165.598000, nodes: 0(120000.00, 120000.00) 123 585 507 637 59 0(36743.00, 36743.00)
route 150, node_num 7, cost 1039.304000, nodes: 0(120000.00, 120000.00) 536 272 447 10 798 0(45764.00, 45764.00)
route 151, node_num 7, cost 1638.546000, nodes: 0(120000.00, 120000.00) 797 470 584 224 750 0(2961.00, 2961.00)
route 152, node_num 7, cost 1537.046000, nodes: 0(120000.00, 120000.00) 821(81946.00, 120000.00) 230 437 428 668 0(48265.00, 48265.00)
route 153, node_num 7, cost 1396.080000, nodes: 0(120000.00, 120000.00) 8 719 76 243 666 0(20280.00, 20280.00)
route 154, node_num 7, cost 1057.504000, nodes: 0(120000.00, 120000.00) 255 689 711 397 448 0(44464.00, 44464.00)
route 155, node_num 7, cost 1569.652000, nodes: 0(120000.00, 120000.00) 393 519 309 782 881(45131.00, 45131.00) 0(7882.00, 7882.00)
route 156, node_num 7, cost 1464.386000, nodes: 0(120000.00, 120000.00) 662 534 402 764 75 0(15401.00, 15401.00)
route 157, node_num 7, cost 1005.228000, nodes: 0(120000.00, 120000.00) 762 351 505 203 577 0(48198.00, 48198.00)
route 158, node_num 7, cost 1515.528000, nodes: 0(120000.00, 120000.00) 824(78004.00, 120000.00) 669 350 794 638 0(53744.00, 53744.00)
route 159, node_num 6, cost 1062.138000, nodes: 0(120000.00, 120000.00) 626 62 738 94 0(44133.00, 44133.00)
route 160, node_num 7, cost 1558.438000, nodes: 0(120000.00, 120000.00) 824(78004.00, 120000.00) 229 483 54 265 0(50679.00, 50679.00)
route 161, node_num 7, cost 1289.680000, nodes: 0(120000.00, 120000.00) 86 780 665 676 370 0(27880.00, 27880.00)
route 162, node_num 7, cost 522.886000, nodes: 0(120000.00, 120000.00) 778 675 280 206 342 0(82651.00, 82651.00)
route 163, node_num 6, cost 1352.498000, nodes: 0(120000.00, 120000.00) 31 318 260 211 0(23393.00, 23393.00)
route 164, node_num 6, cost 898.688000, nodes: 0(120000.00, 120000.00) 178 769 387 374 0(55808.00, 55808.00)
route 165, node_num 6, cost 867.902000, nodes: 0(120000.00, 120000.00) 774 736 654 578 0(58007.00, 58007.00)
route 166, node_num 6, cost 1542.520000, nodes: 0(120000.00, 120000.00) 395 197 695 503 0(9820.00, 9820.00)
route 167, node_num 7, cost 1191.960000, nodes: 0(120000.00, 120000.00) 131 52 69 688 647 0(34860.00, 34860.00)
route 168, node_num 7, cost 1179.024000, nodes: 0(120000.00, 120000.00) 633 567 273 718 113 0(35784.00, 35784.00)
route 169, node_num 7, cost 1775.088000, nodes: 0(120000.00, 120000.00) 223 215 710 165 803(2323.00, 9115.00) 0(0.00, 0.00)
route 170, node_num 7, cost 1133.958000, nodes: 0(120000.00, 120000.00) 139 767 579 516 770 0(39003.00, 39003.00)
route 171, node_num 6, cost 554.344000, nodes: 0(120000.00, 120000.00) 326 46 295 314 0(80404.00, 80404.00)
route 172, node_num 7, cost 1325.254000, nodes: 0(120000.00, 120000.00) 454 481 396 632 307 0(25339.00, 25339.00)
route 173, node_num 8, cost 1619.086000, nodes: 0(120000.00, 120000.00) 757 356 686 202 269 803(13466.00, 13466.00) 0(4351.00, 4351.00)
route 174, node_num 5, cost 876.764000, nodes: 0(120000.00, 120000.00) 565 17 169 0(57374.00, 57374.00)
route 175, node_num 8, cost 1167.432000, nodes: 0(120000.00, 120000.00) 57 664 39 500 630 53 0(36612.00, 36612.00)
route 176, node_num 8, cost 1644.216000, nodes: 0(120000.00, 120000.00) 821(81946.00, 81946.00) 485 700 319 407 152 0(2556.00, 2556.00)
route 177, node_num 6, cost 970.522000, nodes: 0(120000.00, 120000.00) 267 421 508 122 0(50677.00, 50677.00)
route 178, node_num 6, cost 490.700000, nodes: 0(120000.00, 120000.00) 784 458 467 138 0(84950.00, 84950.00)
route 179, node_num 6, cost 1541.960000, nodes: 0(120000.00, 120000.00) 100 281 181 491 0(9860.00, 9860.00)
route 180, node_num 8, cost 1576.974000, nodes: 0(120000.00, 120000.00) 44 250 427 43 679 803(16474.00, 16474.00) 0(7359.00, 7359.00)
vehicle (route) number: 181
Total cost: 268047.17
303864.92, 25235.72
299876.27, 25213.77
273605.68, 25215.28
276137.48, 25250.09
268047.17, 25202.20
273884.68, 25216.12
273941.07, 25208.86
272580.72, 25200.04
270627.10, 25201.63
269955.48, 25205.53
