Details of the solution:
route 0, node_num 7, cost 1597.806000, nodes: 0(120000.00, 120000.00) 8 156 99 579(65848.00, 120000.00) 72 0(60023.00, 60023.00)
route 1, node_num 7, cost 1227.646000, nodes: 0(120000.00, 120000.00) 9 165 196 318 369 0(32311.00, 32311.00)
route 2, node_num 8, cost 1745.702000, nodes: 0(120000.00, 120000.00) 10 1 194 319 172 425(19434.00, 24127.00) 0(0.00, 0.00)
route 3, node_num 7, cost 1671.768000, nodes: 0(120000.00, 120000.00) 14 159 116 144 205 0(588.00, 588.00)
route 4, node_num 6, cost 1304.828000, nodes: 0(120000.00, 120000.00) 51 63 92 223 0(26798.00, 26798.00)
route 5, node_num 6, cost 850.500000, nodes: 0(120000.00, 120000.00) 57 299 36 338 0(59250.00, 59250.00)
route 6, node_num 7, cost 1140.160000, nodes: 0(120000.00, 120000.00) 70 380 353 275 155 0(38560.00, 38560.00)
route 7, node_num 7, cost 883.722000, nodes: 0(120000.00, 120000.00) 71 41 350 188 50 0(56877.00, 56877.00)
route 8, node_num 8, cost 872.858000, nodes: 0(120000.00, 120000.00) 75 305 327 175 234 4 0(57653.00, 57653.00)
route 9, node_num 5, cost 742.056000, nodes: 0(120000.00, 120000.00) 76 321 180 0(66996.00, 66996.00)
route 10, node_num 8, cost 1344.980000, nodes: 0(120000.00, 120000.00) 77 108 43 145 253 461(55923.00, 55923.00) 0(23930.00, 23930.00)
route 11, node_num 6, cost 1478.386000, nodes: 0(120000.00, 120000.00) 79 117 18 370 0(14401.00, 14401.00)
route 12, node_num 6, cost 1186.612000, nodes: 0(120000.00, 120000.00) 81 33 59 30 0(35242.00, 35242.00)
route 13, node_num 7, cost 768.138000, nodes: 0(120000.00, 120000.00) 89 283 21 256 37 0(65133.00, 65133.00)
route 14, node_num 7, cost 1326.598000, nodes: 0(120000.00, 120000.00) 127 251 227 348 323 0(25243.00, 25243.00)
route 15, node_num 6, cost 737.072000, nodes: 0(120000.00, 120000.00) 132 46 94 11 0(67352.00, 67352.00)
route 16, node_num 7, cost 1054.900000, nodes: 0(120000.00, 120000.00) 135 375 330 342 216 0(44650.00, 44650.00)
route 17, node_num 7, cost 1653.288000, nodes: 0(120000.00, 120000.00) 140 260 183 269 161 0(1908.00, 1908.00)
route 18, node_num 7, cost 1729.854000, nodes: 0(120000.00, 120000.00) 142 29 128 186 492(19196.00, 22757.00) 0(0.00, 0.00)
route 19, node_num 7, cost 1304.800000, nodes: 0(120000.00, 120000.00) 150 224 100 64 60 0(26800.00, 26800.00)
route 20, node_num 8, cost 1649.270000, nodes: 0(120000.00, 120000.00) 153 307 367 387 377 237 0(2195.00, 2195.00)
route 21, node_num 6, cost 710.584000, nodes: 0(120000.00, 120000.00) 158 314 93 220 0(69244.00, 69244.00)
route 22, node_num 6, cost 1604.330000, nodes: 0(120000.00, 120000.00) 166 58 61 308 0(5405.00, 5405.00)
route 23, node_num 7, cost 479.934000, nodes: 0(120000.00, 120000.00) 167 362 204 40 331 0(85719.00, 85719.00)
route 24, node_num 7, cost 770.910000, nodes: 0(120000.00, 120000.00) 173 90 137 168 382 0(64935.00, 64935.00)
route 25, node_num 10, cost 1537.074000, nodes: 0(120000.00, 120000.00) 185 104 151 511(66335.00, 66335.00) 28 202 123 494(42605.00, 42605.00) 0(10209.00, 10209.00)
route 26, node_num 8, cost 1111.250000, nodes: 0(120000.00, 120000.00) 187 27 15 218 65 340 0(40625.00, 40625.00)
route 27, node_num 7, cost 1384.320000, nodes: 0(120000.00, 120000.00) 189 292 392 73 207 0(21120.00, 21120.00)
route 28, node_num 8, cost 1364.062000, nodes: 0(120000.00, 120000.00) 192 236 245 393 13 381 0(22567.00, 22567.00)
route 29, node_num 8, cost 1331.946000, nodes: 0(120000.00, 120000.00) 201 191 379 5 48 267 0(24861.00, 24861.00)
route 30, node_num 5, cost 373.408000, nodes: 0(120000.00, 120000.00) 222 279 333 0(93328.00, 93328.00)
route 31, node_num 7, cost 1256.556000, nodes: 0(120000.00, 120000.00) 225 98 274 169 467(44924.00, 44924.00) 0(30246.00, 30246.00)
route 32, node_num 8, cost 757.792000, nodes: 0(120000.00, 120000.00) 229 131 35 254 276 336 0(65872.00, 65872.00)
route 33, node_num 8, cost 895.272000, nodes: 0(120000.00, 120000.00) 230 386 26 95 91 374 0(56052.00, 56052.00)
route 34, node_num 6, cost 1118.698000, nodes: 0(120000.00, 120000.00) 231 296 364 38 0(40093.00, 40093.00)
route 35, node_num 7, cost 1132.768000, nodes: 0(120000.00, 120000.00) 233 262 25 171 228 0(39088.00, 39088.00)
route 36, node_num 8, cost 888.580000, nodes: 0(120000.00, 120000.00) 235 83 197 139 133 164 0(56530.00, 56530.00)
route 37, node_num 10, cost 798.700000, nodes: 0(120000.00, 120000.00) 242 272 395 287 32 239 47 508(77276.00, 77276.00) 0(62950.00, 62950.00)
route 38, node_num 7, cost 1367.632000, nodes: 0(120000.00, 120000.00) 243 102 301 68 7 0(22312.00, 22312.00)
route 39, node_num 8, cost 1867.292000, nodes: 0(120000.00, 120000.00) 244 213 6 107 398 547(27359.00, 40737.00) 0(0.00, 0.00)
route 40, node_num 6, cost 741.398000, nodes: 0(120000.00, 120000.00) 250 270 258 282 0(67043.00, 67043.00)
route 41, node_num 8, cost 1017.394000, nodes: 0(120000.00, 120000.00) 255 176 347 148 343 215 0(47329.00, 47329.00)
route 42, node_num 7, cost 1431.164000, nodes: 0(120000.00, 120000.00) 257 149 334 295 371 0(17774.00, 17774.00)
route 43, node_num 6, cost 1470.182000, nodes: 0(120000.00, 120000.00) 261 82 97 126 0(14987.00, 14987.00)
route 44, node_num 7, cost 684.348000, nodes: 0(120000.00, 120000.00) 263 44 312 217 147 0(71118.00, 71118.00)
route 45, node_num 6, cost 171.934000, nodes: 0(120000.00, 120000.00) 265 372 124 226 0(107719.00, 107719.00)
route 46, node_num 7, cost 1335.698000, nodes: 0(120000.00, 120000.00) 285 152 31 78 241 0(24593.00, 24593.00)
route 47, node_num 6, cost 903.154000, nodes: 0(120000.00, 120000.00) 289 365 337 130 0(55489.00, 55489.00)
route 48, node_num 6, cost 1299.522000, nodes: 0(120000.00, 120000.00) 304 138 271 162 0(27177.00, 27177.00)
route 49, node_num 8, cost 1490.020000, nodes: 0(120000.00, 120000.00) 306 309 332 16 290 54 0(13570.00, 13570.00)
route 50, node_num 8, cost 844.424000, nodes: 0(120000.00, 120000.00) 310 69 208 122 39 475(77209.00, 77209.00) 0(59684.00, 59684.00)
route 51, node_num 9, cost 908.628000, nodes: 0(120000.00, 120000.00) 311 146 182 101 324 232 496(80583.00, 80583.00) 0(55098.00, 55098.00)
route 52, node_num 8, cost 830.298000, nodes: 0(120000.00, 120000.00) 315 322 115 119 80 181 0(60693.00, 60693.00)
route 53, node_num 5, cost 769.048000, nodes: 0(120000.00, 120000.00) 326 249 52 0(65068.00, 65068.00)
route 54, node_num 8, cost 1286.432000, nodes: 0(120000.00, 120000.00) 328 110 66 105 67 203 0(28112.00, 28112.00)
route 55, node_num 6, cost 257.922000, nodes: 0(120000.00, 120000.00) 344 179 325 396 0(101577.00, 101577.00)
route 56, node_num 5, cost 1325.352000, nodes: 0(120000.00, 120000.00) 346 316 359 0(25332.00, 25332.00)
route 57, node_num 8, cost 1841.644000, nodes: 0(120000.00, 120000.00) 351 85 53 141 125 525(12581.00, 24127.00) 0(0.00, 0.00)
route 58, node_num 7, cost 620.620000, nodes: 0(120000.00, 120000.00) 355 320 291 211 349 0(75670.00, 75670.00)
route 59, node_num 6, cost 798.854000, nodes: 0(120000.00, 120000.00) 357 120 87 329 0(62939.00, 62939.00)
route 60, node_num 8, cost 1388.758000, nodes: 0(120000.00, 120000.00) 361 300 266 277 49 143 0(20803.00, 20803.00)
route 61, node_num 6, cost 1485.638000, nodes: 0(120000.00, 120000.00) 363 247 112 384 0(13883.00, 13883.00)
route 62, node_num 8, cost 1300.950000, nodes: 0(120000.00, 120000.00) 366 45 174 55 354 596(52560.00, 52560.00) 0(27075.00, 27075.00)
route 63, node_num 7, cost 1428.560000, nodes: 0(120000.00, 120000.00) 368 303 358 23 219 0(17960.00, 17960.00)
route 64, node_num 7, cost 623.616000, nodes: 0(120000.00, 120000.00) 373 397 190 317 195 0(75456.00, 75456.00)
route 65, node_num 8, cost 564.270000, nodes: 0(120000.00, 120000.00) 376 86 34 136 246 111 0(79695.00, 79695.00)
route 66, node_num 9, cost 1743.014000, nodes: 0(120000.00, 120000.00) 378 240 339 302 281 177 468(24736.00, 29237.00) 0(0.00, 0.00)
route 67, node_num 7, cost 1166.788000, nodes: 0(120000.00, 120000.00) 383 360 19 103 106 0(36658.00, 36658.00)
route 68, node_num 6, cost 685.174000, nodes: 0(120000.00, 120000.00) 389 388 62 293 0(71059.00, 71059.00)
route 69, node_num 7, cost 671.118000, nodes: 0(120000.00, 120000.00) 390 199 74 134 2 0(72063.00, 72063.00)
route 70, node_num 7, cost 806.582000, nodes: 0(120000.00, 120000.00) 391 209 121 248 341 0(62387.00, 62387.00)
route 71, node_num 7, cost 945.952000, nodes: 0(120000.00, 120000.00) 399 184 84 206 297 0(52432.00, 52432.00)
route 72, node_num 7, cost 927.612000, nodes: 0(120000.00, 120000.00) 400 298 163 221 20 0(53742.00, 53742.00)
route 73, node_num 9, cost 1557.864000, nodes: 0(120000.00, 120000.00) 404(80936.00, 80936.00) 3 200 113 385 264 252 0(8724.00, 8724.00)
route 74, node_num 8, cost 1124.284000, nodes: 0(120000.00, 120000.00) 410(88958.00, 120000.00) 278 210 313 24 294 0(70736.00, 70736.00)
route 75, node_num 8, cost 1702.302000, nodes: 0(120000.00, 120000.00) 412(72845.00, 72845.00) 88 129 114 109 534(26722.00, 28315.00) 0(0.00, 0.00)
route 76, node_num 9, cost 989.408000, nodes: 0(120000.00, 120000.00) 451(106137.00, 106137.00) 356 394 286 178 198 352 0(49328.00, 49328.00)
route 77, node_num 8, cost 1055.600000, nodes: 0(120000.00, 120000.00) 514(102551.00, 102551.00) 157 17 170 268 118 0(44600.00, 44600.00)
route 78, node_num 7, cost 807.226000, nodes: 0(120000.00, 120000.00) 522(95598.00, 95598.00) 214 96 284 238 0(62341.00, 62341.00)
route 79, node_num 8, cost 989.072000, nodes: 0(120000.00, 120000.00) 551(106137.00, 120000.00) 280 160 335 22 154 0(63215.00, 63215.00)
route 80, node_num 7, cost 1038.548000, nodes: 0(120000.00, 120000.00) 567(105637.00, 105637.00) 259 56 42 288 0(45818.00, 45818.00)
route 81, node_num 8, cost 934.388000, nodes: 0(120000.00, 120000.00) 568(95394.00, 95394.00) 212 273 345 12 193 0(53258.00, 53258.00)
vehicle (route) number: 82
Total cost: 115586.81
117348.57, 10801.27
116391.01, 10801.80
117501.27, 10801.52
115586.81, 10066.00
116708.23, 10805.36
116468.38, 10812.89
117835.13, 10804.00
115997.42, 7846.74
116760.90, 10800.24
118031.84, 10806.48
