Details of the solution:
route 0, node_num 6, cost 884.436000, nodes: 0(120000.00, 120000.00) 8 59 26 546 0(56826.00, 56826.00)
route 1, node_num 7, cost 635.908000, nodes: 0(120000.00, 120000.00) 18 17 208 434 57 0(74578.00, 74578.00)
route 2, node_num 6, cost 707.574000, nodes: 0(120000.00, 120000.00) 20 206 298 164 0(69459.00, 69459.00)
route 3, node_num 6, cost 1469.608000, nodes: 0(120000.00, 120000.00) 27 202 33 401 0(15028.00, 15028.00)
route 4, node_num 4, cost 334.012000, nodes: 0(120000.00, 120000.00) 31 585 0(96142.00, 96142.00)
route 5, node_num 8, cost 625.506000, nodes: 0(120000.00, 120000.00) 35 459 309 74 334 398 0(75321.00, 75321.00)
route 6, node_num 7, cost 879.984000, nodes: 0(120000.00, 120000.00) 38 91 375 273 153 0(57144.00, 57144.00)
route 7, node_num 7, cost 1091.272000, nodes: 0(120000.00, 120000.00) 44 571 224 51 142 0(42052.00, 42052.00)
route 8, node_num 5, cost 435.134000, nodes: 0(120000.00, 120000.00) 55 542 283 0(88919.00, 88919.00)
route 9, node_num 6, cost 917.238000, nodes: 0(120000.00, 120000.00) 58 322 300 417 0(54483.00, 54483.00)
route 10, node_num 7, cost 1426.852000, nodes: 0(120000.00, 120000.00) 62 143 75 179 316 0(18082.00, 18082.00)
route 11, node_num 8, cost 967.932000, nodes: 0(120000.00, 120000.00) 64 356 553 110 30 681(73974.00, 73974.00) 0(50862.00, 50862.00)
route 12, node_num 5, cost 317.534000, nodes: 0(120000.00, 120000.00) 65 92 150 0(97319.00, 97319.00)
route 13, node_num 7, cost 902.384000, nodes: 0(120000.00, 120000.00) 68 216 15 106 658(73583.00, 73583.00) 0(55544.00, 55544.00)
route 14, node_num 8, cost 740.782000, nodes: 0(120000.00, 120000.00) 79 237 365 323 384 126 0(67087.00, 67087.00)
route 15, node_num 6, cost 1415.778000, nodes: 0(120000.00, 120000.00) 80 113 86 313 0(18873.00, 18873.00)
route 16, node_num 7, cost 938.728000, nodes: 0(120000.00, 120000.00) 83 284 324 34 403 0(52948.00, 52948.00)
route 17, node_num 8, cost 448.168000, nodes: 0(120000.00, 120000.00) 89 23 408 361 311 425 0(87988.00, 87988.00)
route 18, node_num 7, cost 727.902000, nodes: 0(120000.00, 120000.00) 97 540 388 161 532 0(68007.00, 68007.00)
route 19, node_num 6, cost 1320.830000, nodes: 0(120000.00, 120000.00) 102 354 87 749(51471.00, 51471.00) 0(25655.00, 25655.00)
route 20, node_num 8, cost 1077.804000, nodes: 0(120000.00, 120000.00) 104 265 251 541 289 713(54103.00, 54103.00) 0(43014.00, 43014.00)
route 21, node_num 8, cost 1512.728000, nodes: 0(120000.00, 120000.00) 105 173 115 331 555 649(37764.00, 37764.00) 0(11948.00, 11948.00)
route 22, node_num 6, cost 1414.266000, nodes: 0(120000.00, 120000.00) 122 485 244 198 0(18981.00, 18981.00)
route 23, node_num 6, cost 528.262000, nodes: 0(120000.00, 120000.00) 124 591 593 393 0(82267.00, 82267.00)
route 24, node_num 8, cost 1739.206000, nodes: 0(120000.00, 120000.00) 133 117 207 548 391 776(22222.00, 26451.00) 0(0.00, 0.00)
route 25, node_num 7, cost 1017.436000, nodes: 0(120000.00, 120000.00) 138 559 278 508 763(69605.00, 69605.00) 0(47326.00, 47326.00)
route 26, node_num 7, cost 1511.664000, nodes: 0(120000.00, 120000.00) 140 19 446 382 654(54982.00, 54982.00) 0(12024.00, 12024.00)
route 27, node_num 7, cost 1094.142000, nodes: 0(120000.00, 120000.00) 149 151 25 513 474 0(41847.00, 41847.00)
route 28, node_num 8, cost 1063.594000, nodes: 0(120000.00, 120000.00) 158 351 108 152 409 433 0(44029.00, 44029.00)
route 29, node_num 8, cost 1145.970000, nodes: 0(120000.00, 120000.00) 159 412 5 512 431 676(64596.00, 64596.00) 0(38145.00, 38145.00)
route 30, node_num 6, cost 1189.440000, nodes: 0(120000.00, 120000.00) 174 253 154 229 0(35040.00, 35040.00)
route 31, node_num 7, cost 1360.968000, nodes: 0(120000.00, 120000.00) 177 376 61 109 632(56755.00, 56755.00) 0(22788.00, 22788.00)
route 32, node_num 5, cost 442.932000, nodes: 0(120000.00, 120000.00) 185 364 134 0(88362.00, 88362.00)
route 33, node_num 7, cost 1262.660000, nodes: 0(120000.00, 120000.00) 190 139 211 217 684(69175.00, 69175.00) 0(29810.00, 29810.00)
route 34, node_num 6, cost 1402.730000, nodes: 0(120000.00, 120000.00) 192 76 380 28 0(19805.00, 19805.00)
route 35, node_num 7, cost 1222.760000, nodes: 0(120000.00, 120000.00) 193 577 156 517 603(54859.00, 54859.00) 0(32660.00, 32660.00)
route 36, node_num 8, cost 843.458000, nodes: 0(120000.00, 120000.00) 199 360 424 107 543 682(72669.00, 72669.00) 0(59753.00, 59753.00)
route 37, node_num 4, cost 506.254000, nodes: 0(120000.00, 120000.00) 205 130 0(83839.00, 83839.00)
route 38, node_num 7, cost 2005.402000, nodes: 0(120000.00, 120000.00) 219 455 547 500 609(11838.00, 35081.00) 0(0.00, 0.00)
route 39, node_num 9, cost 1075.704000, nodes: 0(120000.00, 120000.00) 220 189 400 554 170 254 758(61203.00, 61203.00) 0(43164.00, 43164.00)
route 40, node_num 8, cost 1098.762000, nodes: 0(120000.00, 120000.00) 225 146 594 387 271 703(63716.00, 63716.00) 0(41517.00, 41517.00)
route 41, node_num 9, cost 1370.656000, nodes: 0(120000.00, 120000.00) 226 415 188 437 466 232 652(55935.00, 55935.00) 0(22096.00, 22096.00)
route 42, node_num 9, cost 921.732000, nodes: 0(120000.00, 120000.00) 227 368 166 236 492 598 793(68252.00, 68252.00) 0(54162.00, 54162.00)
route 43, node_num 7, cost 500.262000, nodes: 0(120000.00, 120000.00) 228 551 491 119 613(95356.00, 95356.00) 0(84267.00, 84267.00)
route 44, node_num 7, cost 1736.602000, nodes: 0(120000.00, 120000.00) 230 423 421 483 635(41729.00, 45772.00) 0(0.00, 0.00)
route 45, node_num 7, cost 1637.482000, nodes: 0(120000.00, 120000.00) 246 157 561 583 754(45995.00, 45995.00) 0(3037.00, 3037.00)
route 46, node_num 7, cost 1037.596000, nodes: 0(120000.00, 120000.00) 247 274 257 21 617(67615.00, 67615.00) 0(45886.00, 45886.00)
route 47, node_num 5, cost 526.316000, nodes: 0(120000.00, 120000.00) 256 129 100 0(82406.00, 82406.00)
route 48, node_num 5, cost 1325.296000, nodes: 0(120000.00, 120000.00) 259 99 340 0(25336.00, 25336.00)
route 49, node_num 6, cost 535.892000, nodes: 0(120000.00, 120000.00) 260 451 215 242 0(81722.00, 81722.00)
route 50, node_num 7, cost 474.292000, nodes: 0(120000.00, 120000.00) 262 95 573 47 442 0(86122.00, 86122.00)
route 51, node_num 6, cost 949.312000, nodes: 0(120000.00, 120000.00) 269 574 319 209 0(52192.00, 52192.00)
route 52, node_num 8, cost 1460.074000, nodes: 0(120000.00, 120000.00) 290 523 277 463 12 780(50637.00, 50637.00) 0(15709.00, 15709.00)
route 53, node_num 7, cost 383.278000, nodes: 0(120000.00, 120000.00) 291 317 204 465 489 0(92623.00, 92623.00)
route 54, node_num 6, cost 410.634000, nodes: 0(120000.00, 120000.00) 294 88 367 39 0(90669.00, 90669.00)
route 55, node_num 6, cost 1091.342000, nodes: 0(120000.00, 120000.00) 303 567 131 258 0(42047.00, 42047.00)
route 56, node_num 6, cost 1150.240000, nodes: 0(120000.00, 120000.00) 305 6 37 145 0(37840.00, 37840.00)
route 57, node_num 7, cost 1380.624000, nodes: 0(120000.00, 120000.00) 315 132 292 482 675(59201.00, 59201.00) 0(21384.00, 21384.00)
route 58, node_num 8, cost 1202.544000, nodes: 0(120000.00, 120000.00) 321 77 137 379 235 638(51223.00, 51223.00) 0(34104.00, 34104.00)
route 59, node_num 8, cost 1549.492000, nodes: 0(120000.00, 120000.00) 328 276 287 250 325 702(33449.00, 33449.00) 0(9322.00, 9322.00)
route 60, node_num 7, cost 447.958000, nodes: 0(120000.00, 120000.00) 333 144 165 337 570 0(88003.00, 88003.00)
route 61, node_num 8, cost 1962.310000, nodes: 0(120000.00, 120000.00) 338 326 187 453 527 777(22311.00, 42476.00) 0(0.00, 0.00)
route 62, node_num 9, cost 1498.602000, nodes: 0(120000.00, 120000.00) 339 530 502 342 112 435 679(51390.00, 51390.00) 0(12957.00, 12957.00)
route 63, node_num 8, cost 1057.210000, nodes: 0(120000.00, 120000.00) 341 29 552 528 562 450 0(44485.00, 44485.00)
route 64, node_num 6, cost 1000.202000, nodes: 0(120000.00, 120000.00) 350 210 560 120 0(48557.00, 48557.00)
route 65, node_num 6, cost 1233.162000, nodes: 0(120000.00, 120000.00) 362 218 329 536 0(31917.00, 31917.00)
route 66, node_num 8, cost 687.596000, nodes: 0(120000.00, 120000.00) 363 4 348 515 191 32 0(70886.00, 70886.00)
route 67, node_num 7, cost 1008.840000, nodes: 0(120000.00, 120000.00) 372 114 178 67 182 0(47940.00, 47940.00)
route 68, node_num 8, cost 894.474000, nodes: 0(120000.00, 120000.00) 374 557 556 385 347 243 0(56109.00, 56109.00)
route 69, node_num 7, cost 887.166000, nodes: 0(120000.00, 120000.00) 377 349 544 10 587 0(56631.00, 56631.00)
route 70, node_num 6, cost 1009.792000, nodes: 0(120000.00, 120000.00) 386 397 383 121 0(47872.00, 47872.00)
route 71, node_num 7, cost 1311.436000, nodes: 0(120000.00, 120000.00) 399 458 53 306 628(51669.00, 51669.00) 0(26326.00, 26326.00)
route 72, node_num 6, cost 1259.524000, nodes: 0(120000.00, 120000.00) 420 1 82 239 0(30034.00, 30034.00)
route 73, node_num 7, cost 2138.724000, nodes: 0(120000.00, 120000.00) 427 563 406 49 788(3465.00, 36231.00) 0(0.00, 0.00)
route 74, node_num 7, cost 950.670000, nodes: 0(120000.00, 120000.00) 428 162 84 266 733(65033.00, 65033.00) 0(52095.00, 52095.00)
route 75, node_num 7, cost 754.236000, nodes: 0(120000.00, 120000.00) 430 488 24 135 633(79064.00, 79064.00) 0(66126.00, 66126.00)
route 76, node_num 8, cost 1450.036000, nodes: 0(120000.00, 120000.00) 436 599 402 221 416 693(30516.00, 30516.00) 0(16426.00, 16426.00)
route 77, node_num 6, cost 516.908000, nodes: 0(120000.00, 120000.00) 439 288 293 240 0(83078.00, 83078.00)
route 78, node_num 7, cost 990.290000, nodes: 0(120000.00, 120000.00) 445 576 301 310 299 0(49265.00, 49265.00)
route 79, node_num 7, cost 1134.210000, nodes: 0(120000.00, 120000.00) 454 127 41 370 611(62157.00, 62157.00) 0(38985.00, 38985.00)
route 80, node_num 6, cost 1453.074000, nodes: 0(120000.00, 120000.00) 464 14 524 2 0(16209.00, 16209.00)
route 81, node_num 5, cost 353.640000, nodes: 0(120000.00, 120000.00) 468 558 7 0(94740.00, 94740.00)
route 82, node_num 7, cost 1126.356000, nodes: 0(120000.00, 120000.00) 469 394 285 572 765(66454.00, 66454.00) 0(39546.00, 39546.00)
route 83, node_num 7, cost 723.842000, nodes: 0(120000.00, 120000.00) 471 418 203 495 487 0(68297.00, 68297.00)
route 84, node_num 8, cost 419.636000, nodes: 0(120000.00, 120000.00) 473 460 522 96 501 48 0(90026.00, 90026.00)
route 85, node_num 9, cost 538.860000, nodes: 0(120000.00, 120000.00) 477 516 183 93 231 195 81 0(81510.00, 81510.00)
route 86, node_num 6, cost 871.402000, nodes: 0(120000.00, 120000.00) 478 98 147 569 0(57757.00, 57757.00)
route 87, node_num 6, cost 1162.000000, nodes: 0(120000.00, 120000.00) 486 43 136 564 0(37000.00, 37000.00)
route 88, node_num 7, cost 860.230000, nodes: 0(120000.00, 120000.00) 498 268 72 200 479 0(58555.00, 58555.00)
route 89, node_num 7, cost 1668.744000, nodes: 0(120000.00, 120000.00) 499 148 304 381 745(26706.00, 26706.00) 0(804.00, 804.00)
route 90, node_num 6, cost 1085.168000, nodes: 0(120000.00, 120000.00) 510 345 490 507 0(42488.00, 42488.00)
route 91, node_num 7, cost 1339.058000, nodes: 0(120000.00, 120000.00) 520 531 590 163 252 0(24353.00, 24353.00)
route 92, node_num 6, cost 1520.302000, nodes: 0(120000.00, 120000.00) 533 407 281 720(56017.00, 56017.00) 0(11407.00, 11407.00)
route 93, node_num 8, cost 831.866000, nodes: 0(120000.00, 120000.00) 535 297 597 171 13 651(74636.00, 74636.00) 0(60581.00, 60581.00)
route 94, node_num 7, cost 1259.216000, nodes: 0(120000.00, 120000.00) 550 335 169 101 184 0(30056.00, 30056.00)
route 95, node_num 8, cost 1607.018000, nodes: 0(120000.00, 120000.00) 565 103 503 233 410 735(50985.00, 50985.00) 0(5213.00, 5213.00)
route 96, node_num 8, cost 1654.282000, nodes: 0(120000.00, 120000.00) 578 395 69 549 575 698(43081.00, 43081.00) 0(1837.00, 1837.00)
route 97, node_num 6, cost 308.728000, nodes: 0(120000.00, 120000.00) 580 461 279 359 0(97948.00, 97948.00)
route 98, node_num 7, cost 1572.088000, nodes: 0(120000.00, 120000.00) 584 595 392 90 677(50184.00, 50184.00) 0(7708.00, 7708.00)
route 99, node_num 8, cost 1912.862000, nodes: 0(120000.00, 120000.00) 586 426 22 496 519 636(16618.00, 33251.00) 0(0.00, 0.00)
route 100, node_num 7, cost 1568.462000, nodes: 0(120000.00, 120000.00) 589 509 45 581 670(45236.00, 45236.00) 0(7967.00, 7967.00)
route 101, node_num 9, cost 1924.174000, nodes: 0(120000.00, 120000.00) 616(95738.00, 95738.00) 404 3 272 128 346 672(25476.00, 42917.00) 0(0.00, 0.00)
route 102, node_num 8, cost 1476.678000, nodes: 0(120000.00, 120000.00) 618(84742.00, 84742.00) 537 438 50 526 761(57541.00, 57541.00) 0(14523.00, 14523.00)
route 103, node_num 8, cost 1546.398000, nodes: 0(120000.00, 120000.00) 622(85679.00, 85679.00) 336 261 54 296 688(45774.00, 45774.00) 0(9543.00, 9543.00)
route 104, node_num 7, cost 1259.426000, nodes: 0(120000.00, 120000.00) 623(109240.00, 109240.00) 419 9 396 566 0(30041.00, 30041.00)
route 105, node_num 8, cost 1595.734000, nodes: 0(120000.00, 120000.00) 627(85424.00, 85424.00) 413 330 141 539 784(45384.00, 45384.00) 0(6019.00, 6019.00)
route 106, node_num 8, cost 1572.704000, nodes: 0(120000.00, 120000.00) 643(90980.00, 110980.00) 373 16 201 444 621(66891.00, 66891.00) 0(27664.00, 27664.00)
route 107, node_num 8, cost 1502.032000, nodes: 0(120000.00, 120000.00) 644(106638.00, 118638.00) 168 125 318 476 625(66802.00, 66802.00) 0(24712.00, 24712.00)
route 108, node_num 8, cost 1953.602000, nodes: 0(120000.00, 120000.00) 653(84325.00, 84325.00) 592 456 504 432 736(13708.00, 33251.00) 0(0.00, 0.00)
route 109, node_num 7, cost 1550.192000, nodes: 0(120000.00, 120000.00) 656(92144.00, 92144.00) 449 798(66016.00, 66016.00) 462 797(36522.00, 36522.00) 0(9272.00, 9272.00)
route 110, node_num 9, cost 1489.460000, nodes: 0(120000.00, 120000.00) 657(94699.00, 94699.00) 78 282 66 440 73 631(46275.00, 46275.00) 0(13610.00, 13610.00)
route 111, node_num 8, cost 1036.448000, nodes: 0(120000.00, 120000.00) 674(107295.00, 107295.00) 312 263 42 534 648(70665.00, 70665.00) 0(45968.00, 45968.00)
route 112, node_num 8, cost 1205.960000, nodes: 0(120000.00, 120000.00) 685(97648.00, 105648.00) 600 40 71 63 748(66557.00, 66557.00) 0(41860.00, 41860.00)
route 113, node_num 8, cost 1600.648000, nodes: 0(120000.00, 120000.00) 689(96547.00, 96547.00) 70 596 441 213 606(41906.00, 41906.00) 0(5668.00, 5668.00)
route 114, node_num 9, cost 1862.154000, nodes: 0(120000.00, 120000.00) 690(82075.00, 82075.00) 506 525 160 308 11 645(12891.00, 25902.00) 0(0.00, 0.00)
route 115, node_num 8, cost 1444.408000, nodes: 0(120000.00, 120000.00) 691(100789.00, 120000.00) 52 579 56 167 732(70006.00, 70006.00) 0(36039.00, 36039.00)
route 116, node_num 7, cost 1475.040000, nodes: 0(120000.00, 120000.00) 692(87550.00, 87550.00) 448 270 344 180 0(14640.00, 14640.00)
route 117, node_num 9, cost 1821.932000, nodes: 0(120000.00, 120000.00) 709(82478.00, 82478.00) 568 481 241 414 249 728(15205.00, 25343.00) 0(0.00, 0.00)
route 118, node_num 7, cost 852.040000, nodes: 0(120000.00, 120000.00) 711(93324.00, 120000.00) 197 234 529 663(108095.00, 108095.00) 0(85816.00, 85816.00)
route 119, node_num 8, cost 1647.184000, nodes: 0(120000.00, 120000.00) 716(95738.00, 120000.00) 36 411 307 60 772(69523.00, 69523.00) 0(26606.00, 26606.00)
route 120, node_num 8, cost 1601.908000, nodes: 0(120000.00, 120000.00) 718(84742.00, 120000.00) 405 280 358 94 775(78653.00, 78653.00) 0(40836.00, 40836.00)
route 121, node_num 8, cost 1451.086000, nodes: 0(120000.00, 120000.00) 722(85679.00, 85679.00) 429 494 390 475 680(51279.00, 51279.00) 0(16351.00, 16351.00)
route 122, node_num 7, cost 1575.518000, nodes: 0(120000.00, 120000.00) 727(85424.00, 120000.00) 238 352 505 650(91670.00, 91670.00) 0(42039.00, 42039.00)
route 123, node_num 6, cost 556.682000, nodes: 0(120000.00, 120000.00) 737(107641.00, 120000.00) 181 443 472 0(92596.00, 92596.00)
route 124, node_num 8, cost 1457.008000, nodes: 0(120000.00, 120000.00) 743(90980.00, 90980.00) 371 369 389 457 770(53197.00, 53197.00) 0(15928.00, 15928.00)
route 125, node_num 8, cost 1516.214000, nodes: 0(120000.00, 120000.00) 744(106638.00, 106638.00) 176 447 116 343 739(56231.00, 56231.00) 0(11699.00, 11699.00)
route 126, node_num 8, cost 1453.298000, nodes: 0(120000.00, 120000.00) 752(81490.00, 120000.00) 314 286 497 155 706(90941.00, 90941.00) 0(54703.00, 54703.00)
route 127, node_num 7, cost 1650.908000, nodes: 0(120000.00, 120000.00) 753(84325.00, 84325.00) 484 264 514 602(26205.00, 26205.00) 0(2078.00, 2078.00)
route 128, node_num 7, cost 1343.426000, nodes: 0(120000.00, 120000.00) 757(94699.00, 120000.00) 518 172 327 626(87526.00, 87526.00) 0(49342.00, 49342.00)
route 129, node_num 8, cost 1184.330000, nodes: 0(120000.00, 120000.00) 764(110411.00, 110411.00) 123 320 355 175 353 0(35405.00, 35405.00)
route 130, node_num 8, cost 1776.726000, nodes: 0(120000.00, 120000.00) 769(79763.00, 86672.00) 255 357 467 46 470 0(0.00, 0.00)
route 131, node_num 10, cost 1233.890000, nodes: 0(120000.00, 120000.00) 774(107295.00, 120000.00) 511 366 295 267 85 212 664(50931.00, 50931.00) 0(44570.00, 44570.00)
route 132, node_num 9, cost 1471.008000, nodes: 0(120000.00, 120000.00) 782(102006.00, 120000.00) 223 588 521 624(81489.00, 81489.00) 245 610(76119.00, 76119.00) 0(32922.00, 32922.00)
route 133, node_num 10, cost 1662.290000, nodes: 0(120000.00, 120000.00) 785(97648.00, 97648.00) 332 538 111 222 608(56391.00, 56391.00) 275 717(22994.00, 22994.00) 0(1265.00, 1265.00)
route 134, node_num 8, cost 1591.142000, nodes: 0(120000.00, 120000.00) 789(96547.00, 96547.00) 582 422 378 545 738(23466.00, 23466.00) 0(6347.00, 6347.00)
route 135, node_num 11, cost 1749.132000, nodes: 0(120000.00, 120000.00) 790(82075.00, 82075.00) 186 647(58815.00, 82815.00) 196 302 799(76495.00, 76495.00) 248 118 695(73873.00, 73873.00) 0(19062.00, 19062.00)
route 136, node_num 9, cost 1461.712000, nodes: 0(120000.00, 120000.00) 792(87550.00, 120000.00) 480 452 493 214 194 714(85658.00, 85658.00) 0(48042.00, 48042.00)
vehicle (route) number: 137
Total cost: 202030.04
214110.24, 18018.27
210796.82, 18362.31
205905.36, 18015.84
206767.37, 18813.39
215324.61, 18015.19
202030.04, 18032.29
208026.13, 18005.57
204873.78, 18007.16
202439.73, 20009.86
206513.29, 19702.88
