Details of the solution:
route 0, node_num 7, cost 1187.284000, nodes: 0(120000.00, 120000.00) 3 386 644 269 778 0(35194.00, 35194.00)
route 1, node_num 6, cost 1545.460000, nodes: 0(120000.00, 120000.00) 11 727 589 503 0(9610.00, 9610.00)
route 2, node_num 6, cost 752.276000, nodes: 0(120000.00, 120000.00) 21 789 312 636 0(66266.00, 66266.00)
route 3, node_num 7, cost 1450.708000, nodes: 0(120000.00, 120000.00) 30 643 743 594 642 0(16378.00, 16378.00)
route 4, node_num 8, cost 988.428000, nodes: 0(120000.00, 120000.00) 38 696 504 732 414 333 0(49398.00, 49398.00)
route 5, node_num 8, cost 1725.374000, nodes: 0(120000.00, 120000.00) 41 418 543 474 682 903(39777.00, 43018.00) 0(0.00, 0.00)
route 6, node_num 6, cost 903.658000, nodes: 0(120000.00, 120000.00) 44 707 379 551 0(55453.00, 55453.00)
route 7, node_num 9, cost 1652.868000, nodes: 0(120000.00, 120000.00) 79 181 452 944(61885.00, 61885.00) 32 77 864(22121.00, 22121.00) 0(1938.00, 1938.00)
route 8, node_num 7, cost 1007.048000, nodes: 0(120000.00, 120000.00) 81 126 4 417 360 0(48068.00, 48068.00)
route 9, node_num 8, cost 1784.468000, nodes: 0(120000.00, 120000.00) 83 770 291 672 281 946(45469.00, 52931.00) 0(0.00, 0.00)
route 10, node_num 8, cost 1502.004000, nodes: 0(120000.00, 120000.00) 90 334 600 786 40 783 0(12714.00, 12714.00)
route 11, node_num 8, cost 1063.132000, nodes: 0(120000.00, 120000.00) 102 578 272 27 609 448 0(44062.00, 44062.00)
route 12, node_num 6, cost 1075.186000, nodes: 0(120000.00, 120000.00) 103 166 192 531 0(43201.00, 43201.00)
route 13, node_num 7, cost 975.016000, nodes: 0(120000.00, 120000.00) 108 782 288 693 813(60092.00, 60092.00) 0(50356.00, 50356.00)
route 14, node_num 6, cost 333.592000, nodes: 0(120000.00, 120000.00) 111 109 135 216 0(96172.00, 96172.00)
route 15, node_num 6, cost 900.648000, nodes: 0(120000.00, 120000.00) 138 565 234 625 0(55668.00, 55668.00)
route 16, node_num 7, cost 1030.988000, nodes: 0(120000.00, 120000.00) 142 282 275 691 241 0(46358.00, 46358.00)
route 17, node_num 7, cost 966.084000, nodes: 0(120000.00, 120000.00) 152 564 352 712 486 0(50994.00, 50994.00)
route 18, node_num 6, cost 556.626000, nodes: 0(120000.00, 120000.00) 153 93 296 201 0(80241.00, 80241.00)
route 19, node_num 9, cost 1393.504000, nodes: 0(120000.00, 120000.00) 154 563 557 768 791 428 952(58884.00, 58884.00) 0(20464.00, 20464.00)
route 20, node_num 7, cost 1390.788000, nodes: 0(120000.00, 120000.00) 155 714 377 710 990(56759.00, 56759.00) 0(20658.00, 20658.00)
route 21, node_num 8, cost 913.612000, nodes: 0(120000.00, 120000.00) 175 595 596 558 616 677 0(54742.00, 54742.00)
route 22, node_num 7, cost 1810.172000, nodes: 0(120000.00, 120000.00) 186 223 765 723 981(48596.00, 57894.00) 0(0.00, 0.00)
route 23, node_num 6, cost 655.130000, nodes: 0(120000.00, 120000.00) 189 12 218 361 0(73205.00, 73205.00)
route 24, node_num 7, cost 1323.630000, nodes: 0(120000.00, 120000.00) 191 179 401 646 748 0(25455.00, 25455.00)
route 25, node_num 7, cost 605.444000, nodes: 0(120000.00, 120000.00) 206 326 648 324 310 0(76754.00, 76754.00)
route 26, node_num 6, cost 1176.280000, nodes: 0(120000.00, 120000.00) 211 58 159 510 0(35980.00, 35980.00)
route 27, node_num 6, cost 1366.232000, nodes: 0(120000.00, 120000.00) 222 687 496 573 0(22412.00, 22412.00)
route 28, node_num 9, cost 1576.680000, nodes: 0(120000.00, 120000.00) 226 516 143 671 13 48 975(46230.00, 46230.00) 0(7380.00, 7380.00)
route 29, node_num 8, cost 1421.434000, nodes: 0(120000.00, 120000.00) 228 2 139 95 722 955(35224.00, 35224.00) 0(18469.00, 18469.00)
route 30, node_num 8, cost 1705.942000, nodes: 0(120000.00, 120000.00) 229 439 546 5 369 866(43102.00, 44955.00) 0(0.00, 0.00)
route 31, node_num 7, cost 1498.952000, nodes: 0(120000.00, 120000.00) 230 245 66 454 220 0(12932.00, 12932.00)
route 32, node_num 6, cost 1381.618000, nodes: 0(120000.00, 120000.00) 231 84 555 171 0(21313.00, 21313.00)
route 33, node_num 8, cost 1656.998000, nodes: 0(120000.00, 120000.00) 233 847(62054.00, 110054.00) 149 29 33 918(101478.00, 101478.00) 0(49643.00, 49643.00)
route 34, node_num 5, cost 964.292000, nodes: 0(120000.00, 120000.00) 237 190 345 0(51122.00, 51122.00)
route 35, node_num 7, cost 818.678000, nodes: 0(120000.00, 120000.00) 247 110 147 441 7 0(61523.00, 61523.00)
route 36, node_num 5, cost 359.884000, nodes: 0(120000.00, 120000.00) 249 261 767 0(94294.00, 94294.00)
route 37, node_num 7, cost 951.454000, nodes: 0(120000.00, 120000.00) 254 18 602 124 800 0(52039.00, 52039.00)
route 38, node_num 5, cost 237.762000, nodes: 0(120000.00, 120000.00) 277 315 467 0(103017.00, 103017.00)
route 39, node_num 7, cost 1365.952000, nodes: 0(120000.00, 120000.00) 289 167 698 293 848(53326.00, 53326.00) 0(22432.00, 22432.00)
route 40, node_num 8, cost 1442.560000, nodes: 0(120000.00, 120000.00) 294 224 470 606 758 358 0(16960.00, 16960.00)
route 41, node_num 5, cost 410.886000, nodes: 0(120000.00, 120000.00) 300 568 628 0(90651.00, 90651.00)
route 42, node_num 7, cost 715.946000, nodes: 0(120000.00, 120000.00) 301 766 98 666 374 0(68861.00, 68861.00)
route 43, node_num 9, cost 1117.424000, nodes: 0(120000.00, 120000.00) 302 392 49 349 370 86 919(64934.00, 64934.00) 0(40184.00, 40184.00)
route 44, node_num 9, cost 1466.444000, nodes: 0(120000.00, 120000.00) 303 89 485 15 151 717 819(40004.00, 40004.00) 0(15254.00, 15254.00)
route 45, node_num 7, cost 956.438000, nodes: 0(120000.00, 120000.00) 306 532 56 631 667 0(51683.00, 51683.00)
route 46, node_num 6, cost 867.356000, nodes: 0(120000.00, 120000.00) 307 605 681 597 0(58046.00, 58046.00)
route 47, node_num 7, cost 284.620000, nodes: 0(120000.00, 120000.00) 311 738 684 398 462 0(99670.00, 99670.00)
route 48, node_num 7, cost 1021.860000, nodes: 0(120000.00, 120000.00) 317 313 6 380 391 0(47010.00, 47010.00)
route 49, node_num 4, cost 42.812000, nodes: 0(120000.00, 120000.00) 327 286 0(116942.00, 116942.00)
route 50, node_num 7, cost 347.648000, nodes: 0(120000.00, 120000.00) 338 674 639 133 713 0(95168.00, 95168.00)
route 51, node_num 7, cost 546.854000, nodes: 0(120000.00, 120000.00) 342 314 140 295 757 0(80939.00, 80939.00)
route 52, node_num 9, cost 961.506000, nodes: 0(120000.00, 120000.00) 343 521 419 544 299 410 679 0(51321.00, 51321.00)
route 53, node_num 8, cost 1223.166000, nodes: 0(120000.00, 120000.00) 344 535 567 69 52 909(67508.00, 67508.00) 0(32631.00, 32631.00)
route 54, node_num 7, cost 1453.158000, nodes: 0(120000.00, 120000.00) 348 752 690 432 278 0(16203.00, 16203.00)
route 55, node_num 7, cost 1147.202000, nodes: 0(120000.00, 120000.00) 353 367 287 446 122 0(38057.00, 38057.00)
route 56, node_num 7, cost 888.986000, nodes: 0(120000.00, 120000.00) 359 773 382 55 964(76684.00, 76684.00) 0(56501.00, 56501.00)
route 57, node_num 7, cost 724.990000, nodes: 0(120000.00, 120000.00) 375 88 459 751 445 0(68215.00, 68215.00)
route 58, node_num 8, cost 1650.404000, nodes: 0(120000.00, 120000.00) 389 591 692 776 408 966(47069.00, 47069.00) 0(2114.00, 2114.00)
route 59, node_num 7, cost 872.760000, nodes: 0(120000.00, 120000.00) 403 351 443 529 500 0(57660.00, 57660.00)
route 60, node_num 10, cost 1577.464000, nodes: 0(120000.00, 120000.00) 420 781 322 78 463 158 856(37915.00, 37915.00) 879(19151.00, 19151.00) 0(7324.00, 7324.00)
route 61, node_num 9, cost 793.534000, nodes: 0(120000.00, 120000.00) 423 650 240 472 699 649 913(73055.00, 73055.00) 0(63319.00, 63319.00)
route 62, node_num 9, cost 1808.310000, nodes: 0(120000.00, 120000.00) 424 309 440 608 427 92 890(26936.00, 36101.00) 0(0.00, 0.00)
route 63, node_num 7, cost 1608.838000, nodes: 0(120000.00, 120000.00) 425 607 134 725 902(48826.00, 48826.00) 0(5083.00, 5083.00)
route 64, node_num 8, cost 1767.850000, nodes: 0(120000.00, 120000.00) 429 460 215 426 80 962(38310.00, 44585.00) 0(0.00, 0.00)
route 65, node_num 6, cost 1039.976000, nodes: 0(120000.00, 120000.00) 430 87 127 755 0(45716.00, 45716.00)
route 66, node_num 7, cost 1223.096000, nodes: 0(120000.00, 120000.00) 450 321 256 60 372 0(32636.00, 32636.00)
route 67, node_num 6, cost 671.160000, nodes: 0(120000.00, 120000.00) 453 136 266 65 0(72060.00, 72060.00)
route 68, node_num 8, cost 1382.738000, nodes: 0(120000.00, 120000.00) 464 1 264 76 28 872(29941.00, 29941.00) 0(21233.00, 21233.00)
route 69, node_num 7, cost 1356.180000, nodes: 0(120000.00, 120000.00) 468 520 185 522 346 0(23130.00, 23130.00)
route 70, node_num 8, cost 738.276000, nodes: 0(120000.00, 120000.00) 469 629 246 586 434 42 0(67266.00, 67266.00)
route 71, node_num 6, cost 1219.218000, nodes: 0(120000.00, 120000.00) 471 105 447 10 0(32913.00, 32913.00)
route 72, node_num 6, cost 921.144000, nodes: 0(120000.00, 120000.00) 475 213 22 624 0(54204.00, 54204.00)
route 73, node_num 7, cost 1033.494000, nodes: 0(120000.00, 120000.00) 481 659 388 320 534 0(46179.00, 46179.00)
route 74, node_num 8, cost 692.146000, nodes: 0(120000.00, 120000.00) 484 657 115 515 572 384 0(70561.00, 70561.00)
route 75, node_num 6, cost 923.566000, nodes: 0(120000.00, 120000.00) 493 695 688 255 0(54031.00, 54031.00)
route 76, node_num 7, cost 1464.876000, nodes: 0(120000.00, 120000.00) 494 325 350 59 815(57454.00, 57454.00) 0(15366.00, 15366.00)
route 77, node_num 8, cost 1375.346000, nodes: 0(120000.00, 120000.00) 498 284 141 478 523 960(44480.00, 44480.00) 0(21761.00, 21761.00)
route 78, node_num 8, cost 1560.468000, nodes: 0(120000.00, 120000.00) 499 680 285 395 197 862(53123.00, 53123.00) 0(8538.00, 8538.00)
route 79, node_num 5, cost 1594.320000, nodes: 0(120000.00, 120000.00) 501 99 71 0(6120.00, 6120.00)
route 80, node_num 8, cost 1901.144000, nodes: 0(120000.00, 120000.00) 502 128 590 45 753 863(38673.00, 54469.00) 0(0.00, 0.00)
route 81, node_num 7, cost 1161.272000, nodes: 0(120000.00, 120000.00) 505 262 298 207 221 0(37052.00, 37052.00)
route 82, node_num 6, cost 1197.252000, nodes: 0(120000.00, 120000.00) 506 678 393 150 0(34482.00, 34482.00)
route 83, node_num 6, cost 732.172000, nodes: 0(120000.00, 120000.00) 508 585 341 123 0(67702.00, 67702.00)
route 84, node_num 6, cost 339.948000, nodes: 0(120000.00, 120000.00) 540 212 566 14 0(95718.00, 95718.00)
route 85, node_num 5, cost 707.742000, nodes: 0(120000.00, 120000.00) 541 131 205 0(69447.00, 69447.00)
route 86, node_num 6, cost 1351.364000, nodes: 0(120000.00, 120000.00) 96 120 514 9 0(23474.00, 23474.00)
route 87, node_num 7, cost 1177.974000, nodes: 0(120000.00, 120000.00) 547 536 273 633 473 0(35859.00, 35859.00)
route 88, node_num 7, cost 1208.886000, nodes: 0(120000.00, 120000.00) 548 319 232 183 571 0(33651.00, 33651.00)
route 89, node_num 7, cost 939.218000, nodes: 0(120000.00, 120000.00) 549 720 533 580 347 0(52913.00, 52913.00)
route 90, node_num 6, cost 1041.908000, nodes: 0(120000.00, 120000.00) 560 31 304 74 0(45578.00, 45578.00)
route 91, node_num 6, cost 1282.036000, nodes: 0(120000.00, 120000.00) 561 480 436 507 0(28426.00, 28426.00)
route 92, node_num 7, cost 474.656000, nodes: 0(120000.00, 120000.00) 569 23 357 70 737 0(86096.00, 86096.00)
route 93, node_num 9, cost 804.594000, nodes: 0(120000.00, 120000.00) 579 61 72 711 354 297 897(73415.00, 73415.00) 0(62529.00, 62529.00)
route 94, node_num 9, cost 777.070000, nodes: 0(120000.00, 120000.00) 587 174 538 156 270 724 938(75291.00, 75291.00) 0(64495.00, 64495.00)
route 95, node_num 5, cost 749.700000, nodes: 0(120000.00, 120000.00) 603 178 82 0(66450.00, 66450.00)
route 96, node_num 7, cost 1000.146000, nodes: 0(120000.00, 120000.00) 604 164 413 601 268 0(48561.00, 48561.00)
route 97, node_num 6, cost 1348.858000, nodes: 0(120000.00, 120000.00) 610 665 274 686 0(23653.00, 23653.00)
route 98, node_num 8, cost 1719.984000, nodes: 0(120000.00, 120000.00) 617 125 26 788 592 900(35340.00, 38196.00) 0(0.00, 0.00)
route 99, node_num 7, cost 1313.858000, nodes: 0(120000.00, 120000.00) 618 627 407 754 421 0(26153.00, 26153.00)
route 100, node_num 6, cost 723.268000, nodes: 0(120000.00, 120000.00) 621 17 169 491 0(68338.00, 68338.00)
route 101, node_num 7, cost 1404.760000, nodes: 0(120000.00, 120000.00) 623 760 673 97 575 0(19660.00, 19660.00)
route 102, node_num 8, cost 1416.394000, nodes: 0(120000.00, 120000.00) 640 632 101 75 94 885(55656.00, 55656.00) 0(18829.00, 18829.00)
route 103, node_num 9, cost 1624.658000, nodes: 0(120000.00, 120000.00) 651 57 823(73857.00, 73857.00) 437 742 67 477 0(3953.00, 3953.00)
route 104, node_num 8, cost 829.220000, nodes: 0(120000.00, 120000.00) 654 280 747 46 641 512 0(60770.00, 60770.00)
route 105, node_num 7, cost 1462.454000, nodes: 0(120000.00, 120000.00) 655 260 511 47 116 0(15539.00, 15539.00)
route 106, node_num 9, cost 798.532000, nodes: 0(120000.00, 120000.00) 658 64 53 227 119 130 855(79717.00, 79717.00) 0(62962.00, 62962.00)
route 107, node_num 8, cost 1521.548000, nodes: 0(120000.00, 120000.00) 660 91 85 198 104 875(50168.00, 50168.00) 0(11318.00, 11318.00)
route 108, node_num 6, cost 891.576000, nodes: 0(120000.00, 120000.00) 662 777 416 290 0(56316.00, 56316.00)
route 109, node_num 9, cost 1166.368000, nodes: 0(120000.00, 120000.00) 663 593 20 121 438 323 896(66764.00, 66764.00) 0(36688.00, 36688.00)
route 110, node_num 7, cost 1089.914000, nodes: 0(120000.00, 120000.00) 664 257 763 730 188 0(42149.00, 42149.00)
route 111, node_num 6, cost 529.676000, nodes: 0(120000.00, 120000.00) 675 670 381 458 0(82166.00, 82166.00)
route 112, node_num 6, cost 1172.248000, nodes: 0(120000.00, 120000.00) 676 731 581 405 0(36268.00, 36268.00)
route 113, node_num 7, cost 1226.820000, nodes: 0(120000.00, 120000.00) 683 396 68 489 376 0(32370.00, 32370.00)
route 114, node_num 7, cost 1185.912000, nodes: 0(120000.00, 120000.00) 700 637 332 62 184 0(35292.00, 35292.00)
route 115, node_num 8, cost 1258.950000, nodes: 0(120000.00, 120000.00) 702 652 497 728 39 63 0(30075.00, 30075.00)
route 116, node_num 7, cost 1534.750000, nodes: 0(120000.00, 120000.00) 705 132 476 774 265 0(10375.00, 10375.00)
route 117, node_num 7, cost 1065.120000, nodes: 0(120000.00, 120000.00) 706 394 385 35 210 0(43920.00, 43920.00)
route 118, node_num 7, cost 1583.764000, nodes: 0(120000.00, 120000.00) 708 622 73 267 860(29593.00, 29593.00) 0(6874.00, 6874.00)
route 119, node_num 8, cost 1061.872000, nodes: 0(120000.00, 120000.00) 733 195 390 263 253 146 0(44152.00, 44152.00)
route 120, node_num 7, cost 1407.812000, nodes: 0(120000.00, 120000.00) 734 225 279 373 252 0(19442.00, 19442.00)
route 121, node_num 7, cost 1076.516000, nodes: 0(120000.00, 120000.00) 749 112 34 165 387 0(43106.00, 43106.00)
route 122, node_num 7, cost 862.358000, nodes: 0(120000.00, 120000.00) 759 328 25 715 117 0(58403.00, 58403.00)
route 123, node_num 7, cost 918.260000, nodes: 0(120000.00, 120000.00) 761 726 701 457 336 0(54410.00, 54410.00)
route 124, node_num 6, cost 526.092000, nodes: 0(120000.00, 120000.00) 762 656 611 509 0(82422.00, 82422.00)
route 125, node_num 6, cost 1348.718000, nodes: 0(120000.00, 120000.00) 764 193 170 744 0(23663.00, 23663.00)
route 126, node_num 5, cost 1163.176000, nodes: 0(120000.00, 120000.00) 772 626 739 0(36916.00, 36916.00)
route 127, node_num 7, cost 1292.802000, nodes: 0(120000.00, 120000.00) 795 24 362 638 399 0(27657.00, 27657.00)
route 128, node_num 8, cost 1147.580000, nodes: 0(120000.00, 120000.00) 797 615 204 495 411 969(52317.00, 52317.00) 0(38030.00, 38030.00)
route 129, node_num 5, cost 363.496000, nodes: 0(120000.00, 120000.00) 798 689 455 0(94036.00, 94036.00)
route 130, node_num 8, cost 1687.742000, nodes: 0(120000.00, 120000.00) 804(114583.00, 115136.00) 415 550 613 736 250 0(0.00, 0.00)
route 131, node_num 10, cost 1391.096000, nodes: 0(120000.00, 120000.00) 812(114641.00, 114641.00) 8 422 793 243 308 106 814(65386.00, 65386.00) 0(20636.00, 20636.00)
route 132, node_num 11, cost 1133.230000, nodes: 0(120000.00, 120000.00) 825(97482.00, 120000.00) 537 366 409 242 524 144 988(89124.00, 89124.00) 979(73400.00, 73400.00) 0(61573.00, 61573.00)
route 133, node_num 8, cost 1453.844000, nodes: 0(120000.00, 120000.00) 826(87936.00, 120000.00) 490 756 780 483 803(91236.00, 91236.00) 0(48218.00, 48218.00)
route 134, node_num 9, cost 1373.274000, nodes: 0(120000.00, 120000.00) 828(112837.00, 120000.00) 251 554 721 364 645 943(45589.00, 45589.00) 0(29072.00, 29072.00)
route 135, node_num 7, cost 1740.438000, nodes: 0(120000.00, 120000.00) 829(89163.00, 120000.00) 176 355 619 525 0(26520.00, 26520.00)
route 136, node_num 8, cost 1825.894000, nodes: 0(120000.00, 120000.00) 830(107271.00, 120000.00) 368 431 769 466 1000(40504.00, 40504.00) 0(2308.00, 2308.00)
route 137, node_num 8, cost 1668.184000, nodes: 0(120000.00, 120000.00) 831(83199.00, 120000.00) 614 276 517 528 914(82395.00, 82395.00) 0(37645.00, 37645.00)
route 138, node_num 9, cost 1385.342000, nodes: 0(120000.00, 120000.00) 832(86549.00, 98549.00) 513 51 647 412 219 948(63941.00, 63941.00) 0(33047.00, 33047.00)
route 139, node_num 10, cost 687.106000, nodes: 0(120000.00, 120000.00) 833(110242.00, 120000.00) 570 719 697 196 203 217 843(97196.00, 97196.00) 0(80679.00, 80679.00)
route 140, node_num 9, cost 1719.578000, nodes: 0(120000.00, 120000.00) 835(84119.00, 84119.00) 718 553 794 784 118 934(48177.00, 51004.00) 0(0.00, 0.00)
route 141, node_num 7, cost 701.904000, nodes: 0(120000.00, 120000.00) 836(104529.00, 104529.00) 36 19 451 741 0(69864.00, 69864.00)
route 142, node_num 7, cost 1398.544000, nodes: 0(120000.00, 120000.00) 845(94527.00, 94527.00) 16 442 54 435 0(20104.00, 20104.00)
route 143, node_num 8, cost 1589.966000, nodes: 0(120000.00, 120000.00) 873(97835.00, 120000.00) 160 202 703 316 588 0(28596.00, 28596.00)
route 144, node_num 7, cost 1801.324000, nodes: 0(120000.00, 120000.00) 874(83303.00, 120000.00) 162 519 526 200 0(28031.00, 28031.00)
route 145, node_num 7, cost 996.940000, nodes: 0(120000.00, 120000.00) 545 371 335 668 694 0(48790.00, 48790.00)
route 146, node_num 8, cost 1419.068000, nodes: 0(120000.00, 120000.00) 904(114583.00, 120000.00) 574 208 552 779 787 0(24055.00, 24055.00)
route 147, node_num 8, cost 1305.640000, nodes: 0(120000.00, 120000.00) 912(114641.00, 114641.00) 577 157 461 620 161 0(26740.00, 26740.00)
route 148, node_num 8, cost 1590.064000, nodes: 0(120000.00, 120000.00) 921(99220.00, 99220.00) 487 199 746 383 363 0(6424.00, 6424.00)
route 149, node_num 7, cost 1504.286000, nodes: 0(120000.00, 120000.00) 925(97482.00, 120000.00) 444 177 704 582 0(35069.00, 35069.00)
route 150, node_num 7, cost 1863.498000, nodes: 0(120000.00, 120000.00) 926(87936.00, 103936.00) 599 378 329 771 0(2893.00, 2893.00)
route 151, node_num 8, cost 834.918000, nodes: 0(120000.00, 120000.00) 927(105564.00, 120000.00) 518 634 37 187 488 0(74799.00, 74799.00)
route 152, node_num 9, cost 1443.372000, nodes: 0(120000.00, 120000.00) 928(112837.00, 120000.00) 137 796 669 259 283 996(54141.00, 54141.00) 0(24065.00, 24065.00)
route 153, node_num 8, cost 1429.652000, nodes: 0(120000.00, 120000.00) 929(89163.00, 120000.00) 449 792 612 258 530 0(48719.00, 48719.00)
route 154, node_num 9, cost 1599.920000, nodes: 0(120000.00, 120000.00) 930(107271.00, 120000.00) 556 790 236 182 214 802(62192.00, 62192.00) 0(18449.00, 18449.00)
route 155, node_num 9, cost 1603.462000, nodes: 0(120000.00, 120000.00) 931(83199.00, 83199.00) 775 145 238 402 248 985(42294.00, 42294.00) 0(5467.00, 5467.00)
route 156, node_num 8, cost 1415.512000, nodes: 0(120000.00, 120000.00) 932(86549.00, 120000.00) 716 492 406 479 891(59384.00, 59384.00) 0(52343.00, 52343.00)
route 157, node_num 6, cost 944.244000, nodes: 0(120000.00, 120000.00) 933(110242.00, 120000.00) 168 340 465 0(62312.00, 62312.00)
route 158, node_num 10, cost 1558.858000, nodes: 0(120000.00, 120000.00) 935(84119.00, 84119.00) 709 917(69222.00, 69222.00) 735 653 194 799 892(54952.00, 54952.00) 0(8653.00, 8653.00)
route 159, node_num 8, cost 1106.910000, nodes: 0(120000.00, 120000.00) 936(104529.00, 120000.00) 404 661 740 50 482 0(56406.00, 56406.00)
route 160, node_num 9, cost 1457.652000, nodes: 0(120000.00, 120000.00) 945(94527.00, 94527.00) 598 107 337 331 239 809(50759.00, 50759.00) 0(15882.00, 15882.00)
route 161, node_num 7, cost 1457.302000, nodes: 0(120000.00, 120000.00) 957(77987.00, 77987.00) 148 100 365 991(22948.00, 22948.00) 0(15907.00, 15907.00)
route 162, node_num 6, cost 1099.826000, nodes: 0(120000.00, 120000.00) 959(82775.00, 82775.00) 685 113 630 0(41441.00, 41441.00)
route 163, node_num 8, cost 1311.030000, nodes: 0(120000.00, 120000.00) 972(109258.00, 109258.00) 180 163 235 114 576 0(26355.00, 26355.00)
route 164, node_num 10, cost 1810.592000, nodes: 0(120000.00, 120000.00) 973(97835.00, 109835.00) 433 292 562 209 356 984(50455.00, 50455.00) 995(29185.00, 29185.00) 0(2672.00, 2672.00)
route 165, node_num 8, cost 1175.888000, nodes: 0(120000.00, 120000.00) 974(83303.00, 120000.00) 527 129 172 397 750 0(72705.00, 72705.00)
route 166, node_num 7, cost 1423.170000, nodes: 0(120000.00, 120000.00) 983(90546.00, 102546.00) 456 318 635 729 0(30345.00, 30345.00)
route 167, node_num 8, cost 1464.652000, nodes: 0(120000.00, 120000.00) 986(112711.00, 112711.00) 559 583 745 400 271 0(15382.00, 15382.00)
route 168, node_num 8, cost 1593.130000, nodes: 0(120000.00, 120000.00) 997(109074.00, 109074.00) 785 339 539 305 173 0(6205.00, 6205.00)
route 169, node_num 8, cost 1850.198000, nodes: 0(120000.00, 120000.00) 999(89831.00, 101988.00) 542 330 43 244 584 0(0.00, 0.00)
vehicle (route) number: 170
Total cost: 251571.95
265048.08, 25206.04
256624.77, 25206.38
254483.09, 25218.58
260512.65, 27070.75
253609.34, 25221.65
276898.74, 25205.08
259483.43, 25206.29
262680.79, 25213.49
275804.51, 25202.47
251571.95, 25214.73
