Details of the solution:
route 0, node_num 6, cost 1497.776000, nodes: 0(120000.00, 120000.00) 9 429 387 553 0(13016.00, 13016.00)
route 1, node_num 6, cost 1404.956000, nodes: 0(120000.00, 120000.00) 10 774 506 974 0(19646.00, 19646.00)
route 2, node_num 8, cost 1758.750000, nodes: 0(120000.00, 120000.00) 14 740 159 856 779 1021(23068.00, 28693.00) 0(0.00, 0.00)
route 3, node_num 6, cost 602.112000, nodes: 0(120000.00, 120000.00) 389 964 418 464 0(76992.00, 76992.00)
route 4, node_num 6, cost 1079.624000, nodes: 0(120000.00, 120000.00) 315 528 56 42 0(42884.00, 42884.00)
route 5, node_num 7, cost 1217.384000, nodes: 0(120000.00, 120000.00) 933 138 894 353 744 0(33044.00, 33044.00)
route 6, node_num 7, cost 1534.708000, nodes: 0(120000.00, 120000.00) 51 653 721 253 732 0(10378.00, 10378.00)
route 7, node_num 6, cost 921.564000, nodes: 0(120000.00, 120000.00) 57 163 299 20 0(54174.00, 54174.00)
route 8, node_num 4, cost 265.916000, nodes: 0(120000.00, 120000.00) 76 2 0(101006.00, 101006.00)
route 9, node_num 7, cost 1128.918000, nodes: 0(120000.00, 120000.00) 70 162 347 547 758 0(39363.00, 39363.00)
route 10, node_num 7, cost 820.820000, nodes: 0(120000.00, 120000.00) 388 794 843 293 927 0(61370.00, 61370.00)
route 11, node_num 7, cost 861.812000, nodes: 0(120000.00, 120000.00) 173 90 609 169 940 0(58442.00, 58442.00)
route 12, node_num 7, cost 931.616000, nodes: 0(120000.00, 120000.00) 907 701 101 30 219 0(53456.00, 53456.00)
route 13, node_num 6, cost 1561.336000, nodes: 0(120000.00, 120000.00) 79 117 82 867 0(8476.00, 8476.00)
route 14, node_num 5, cost 1046.598000, nodes: 0(120000.00, 120000.00) 905 798 887 0(45243.00, 45243.00)
route 15, node_num 6, cost 1313.130000, nodes: 0(120000.00, 120000.00) 306 629 217 168 0(26205.00, 26205.00)
route 16, node_num 5, cost 606.242000, nodes: 0(120000.00, 120000.00) 344 291 209 0(76697.00, 76697.00)
route 17, node_num 6, cost 931.042000, nodes: 0(120000.00, 120000.00) 563 41 33 54 0(53497.00, 53497.00)
route 18, node_num 7, cost 1307.306000, nodes: 0(120000.00, 120000.00) 310 899 748 745 161 0(26621.00, 26621.00)
route 19, node_num 6, cost 1371.972000, nodes: 0(120000.00, 120000.00) 102 243 461 655 0(22002.00, 22002.00)
route 20, node_num 7, cost 1673.476000, nodes: 0(120000.00, 120000.00) 1 194 694 925 1110(32266.00, 32266.00) 0(466.00, 466.00)
route 21, node_num 7, cost 764.862000, nodes: 0(120000.00, 120000.00) 357 546 35 254 544 0(65367.00, 65367.00)
route 22, node_num 6, cost 1237.712000, nodes: 0(120000.00, 120000.00) 979 174 483 590 0(31592.00, 31592.00)
route 23, node_num 8, cost 959.742000, nodes: 0(120000.00, 120000.00) 242 847 96 797 881 642 0(51447.00, 51447.00)
route 24, node_num 6, cost 876.750000, nodes: 0(120000.00, 120000.00) 146 438 324 216 0(57375.00, 57375.00)
route 25, node_num 7, cost 1351.140000, nodes: 0(120000.00, 120000.00) 487 236 786 48 193 0(23490.00, 23490.00)
route 26, node_num 5, cost 528.640000, nodes: 0(120000.00, 120000.00) 826 939 396 0(82240.00, 82240.00)
route 27, node_num 6, cost 1398.096000, nodes: 0(120000.00, 120000.00) 185 58 705 527 0(20136.00, 20136.00)
route 28, node_num 7, cost 1316.630000, nodes: 0(120000.00, 120000.00) 606 19 628 934 704 0(25955.00, 25955.00)
route 29, node_num 7, cost 1041.432000, nodes: 0(120000.00, 120000.00) 233 790 892 268 880 0(45612.00, 45612.00)
route 30, node_num 5, cost 548.268000, nodes: 0(120000.00, 120000.00) 158 532 11 0(80838.00, 80838.00)
route 31, node_num 8, cost 1294.174000, nodes: 0(120000.00, 120000.00) 516 930 638 55 393 267 0(27559.00, 27559.00)
route 32, node_num 7, cost 1168.776000, nodes: 0(120000.00, 120000.00) 366 923 965 458 872 0(36516.00, 36516.00)
route 33, node_num 7, cost 931.476000, nodes: 0(120000.00, 120000.00) 320 749 178 579 954 0(53466.00, 53466.00)
route 34, node_num 7, cost 1536.486000, nodes: 0(120000.00, 120000.00) 501 408 945 499 902 0(10251.00, 10251.00)
route 35, node_num 7, cost 1250.830000, nodes: 0(120000.00, 120000.00) 592 165 64 13 381 0(30655.00, 30655.00)
route 36, node_num 5, cost 1178.212000, nodes: 0(120000.00, 120000.00) 993 45 952 0(35842.00, 35842.00)
route 37, node_num 6, cost 892.850000, nodes: 0(120000.00, 120000.00) 187 191 929 865 0(56225.00, 56225.00)
route 38, node_num 8, cost 1958.054000, nodes: 0(120000.00, 120000.00) 1042(58613.00, 78474.00) 695 783 141 281 635 0(0.00, 0.00)
route 39, node_num 6, cost 929.152000, nodes: 0(120000.00, 120000.00) 731 804 288 662 0(53632.00, 53632.00)
route 40, node_num 6, cost 1089.102000, nodes: 0(120000.00, 120000.00) 192 375 59 603 0(42207.00, 42207.00)
route 41, node_num 5, cost 715.330000, nodes: 0(120000.00, 120000.00) 199 950 778 0(68905.00, 68905.00)
route 42, node_num 8, cost 1850.562000, nodes: 0(120000.00, 120000.00) 684 567 463 202 398 1147(28554.00, 40737.00) 0(0.00, 0.00)
route 43, node_num 7, cost 770.000000, nodes: 0(120000.00, 120000.00) 204 799 139 133 435 0(65000.00, 65000.00)
route 44, node_num 6, cost 862.288000, nodes: 0(120000.00, 120000.00) 682 208 297 474 0(58408.00, 58408.00)
route 45, node_num 7, cost 428.316000, nodes: 0(120000.00, 120000.00) 222 822 999 124 111 0(89406.00, 89406.00)
route 46, node_num 8, cost 1785.616000, nodes: 0(120000.00, 120000.00) 1012(72845.00, 80389.00) 631 769 385 763 476 0(0.00, 0.00)
route 47, node_num 5, cost 675.514000, nodes: 0(120000.00, 120000.00) 230 771 37 0(71749.00, 71749.00)
route 48, node_num 8, cost 1358.588000, nodes: 0(120000.00, 120000.00) 231 38 522 976 807 871 0(22958.00, 22958.00)
route 49, node_num 7, cost 1550.332000, nodes: 0(120000.00, 120000.00) 752 377 440 543 60 0(9262.00, 9262.00)
route 50, node_num 7, cost 1405.866000, nodes: 0(120000.00, 120000.00) 304 715 919 571 840 0(19581.00, 19581.00)
route 51, node_num 8, cost 588.714000, nodes: 0(120000.00, 120000.00) 641 554 777 878 724 539 0(77949.00, 77949.00)
route 52, node_num 5, cost 658.798000, nodes: 0(120000.00, 120000.00) 250 513 282 0(72943.00, 72943.00)
route 53, node_num 6, cost 1516.242000, nodes: 0(120000.00, 120000.00) 346 841 848 316 0(11697.00, 11697.00)
route 54, node_num 7, cost 1639.610000, nodes: 0(120000.00, 120000.00) 643 957 962 598 1161(34878.00, 34878.00) 0(2885.00, 2885.00)
route 55, node_num 7, cost 679.238000, nodes: 0(120000.00, 120000.00) 52 190 312 737 349 0(71483.00, 71483.00)
route 56, node_num 7, cost 1531.264000, nodes: 0(120000.00, 120000.00) 189 359 562 206 343 0(10624.00, 10624.00)
route 57, node_num 6, cost 1288.476000, nodes: 0(120000.00, 120000.00) 660 515 445 137 0(27966.00, 27966.00)
route 58, node_num 7, cost 1847.720000, nodes: 0(120000.00, 120000.00) 1139(67416.00, 79396.00) 754 213 869 928 0(0.00, 0.00)
route 59, node_num 7, cost 1396.990000, nodes: 0(120000.00, 120000.00) 271 688 770 648 186 0(20215.00, 20215.00)
route 60, node_num 8, cost 1070.818000, nodes: 0(120000.00, 120000.00) 272 958 386 26 422 616 0(43513.00, 43513.00)
route 61, node_num 5, cost 988.680000, nodes: 0(120000.00, 120000.00) 953 262 17 0(49380.00, 49380.00)
route 62, node_num 8, cost 1631.546000, nodes: 0(120000.00, 120000.00) 280 406 113 264 828 1061(35454.00, 35454.00) 0(3461.00, 3461.00)
route 63, node_num 7, cost 1151.990000, nodes: 0(120000.00, 120000.00) 890 676 313 645 699 0(37715.00, 37715.00)
route 64, node_num 6, cost 533.302000, nodes: 0(120000.00, 120000.00) 525 287 508 395 0(81907.00, 81907.00)
route 65, node_num 8, cost 1618.750000, nodes: 0(120000.00, 120000.00) 1053(82481.00, 82481.00) 610 200 3 884 961 0(4375.00, 4375.00)
route 66, node_num 6, cost 1386.028000, nodes: 0(120000.00, 120000.00) 300 140 913 18 0(20998.00, 20998.00)
route 67, node_num 7, cost 1717.632000, nodes: 0(120000.00, 120000.00) 1068(95394.00, 98082.00) 142 729 644 858 0(0.00, 0.00)
route 68, node_num 5, cost 850.402000, nodes: 0(120000.00, 120000.00) 903 170 593 0(59257.00, 59257.00)
route 69, node_num 7, cost 798.420000, nodes: 0(120000.00, 120000.00) 89 434 248 733 382 0(62970.00, 62970.00)
route 70, node_num 7, cost 1589.490000, nodes: 0(120000.00, 120000.00) 322 379 759 125 495 0(6465.00, 6465.00)
route 71, node_num 7, cost 752.458000, nodes: 0(120000.00, 120000.00) 132 131 557 93 988 0(66253.00, 66253.00)
route 72, node_num 6, cost 998.676000, nodes: 0(120000.00, 120000.00) 615 966 866 888 0(48666.00, 48666.00)
route 73, node_num 8, cost 992.278000, nodes: 0(120000.00, 120000.00) 460 796 785 624 7 830 0(49123.00, 49123.00)
route 74, node_num 6, cost 455.798000, nodes: 0(120000.00, 120000.00) 263 514 317 226 0(87443.00, 87443.00)
route 75, node_num 6, cost 1252.986000, nodes: 0(120000.00, 120000.00) 127 548 227 990 0(30501.00, 30501.00)
route 76, node_num 7, cost 1627.822000, nodes: 0(120000.00, 120000.00) 98 851 836 938 989 0(3727.00, 3727.00)
route 77, node_num 8, cost 1717.478000, nodes: 0(120000.00, 120000.00) 351 618 716 28 308 1047(38060.00, 40737.00) 0(0.00, 0.00)
route 78, node_num 6, cost 1328.754000, nodes: 0(120000.00, 120000.00) 225 530 926 457 0(25089.00, 25089.00)
route 79, node_num 8, cost 1168.482000, nodes: 0(120000.00, 120000.00) 356 453 587 451 986 723 0(36537.00, 36537.00)
route 80, node_num 6, cost 1094.576000, nodes: 0(120000.00, 120000.00) 255 795 611 292 0(41816.00, 41816.00)
route 81, node_num 6, cost 1120.140000, nodes: 0(120000.00, 120000.00) 361 824 301 122 0(39990.00, 39990.00)
route 82, node_num 6, cost 1558.998000, nodes: 0(120000.00, 120000.00) 363 247 671 358 0(8643.00, 8643.00)
route 83, node_num 8, cost 1587.278000, nodes: 0(120000.00, 120000.00) 383 365 846 151 739 595 0(6623.00, 6623.00)
route 84, node_num 8, cost 605.626000, nodes: 0(120000.00, 120000.00) 167 362 488 118 276 336 0(76741.00, 76741.00)
route 85, node_num 8, cost 1701.784000, nodes: 0(120000.00, 120000.00) 368 518 712 112 23 1184(41238.00, 42794.00) 0(0.00, 0.00)
route 86, node_num 7, cost 1447.110000, nodes: 0(120000.00, 120000.00) 289 337 967 889 875 0(16635.00, 16635.00)
route 87, node_num 7, cost 1702.260000, nodes: 0(120000.00, 120000.00) 378 240 1199(36193.00, 37783.00) 816 36 0(0.00, 0.00)
route 88, node_num 7, cost 1498.056000, nodes: 0(120000.00, 120000.00) 468 946 637 66 323 0(12996.00, 12996.00)
route 89, node_num 7, cost 1080.842000, nodes: 0(120000.00, 120000.00) 475 895 295 681 215 0(42797.00, 42797.00)
route 90, node_num 9, cost 1783.278000, nodes: 0(120000.00, 120000.00) 442 937 951 436 640 766 1112(38911.00, 46288.00) 0(0.00, 0.00)
route 91, node_num 8, cost 811.160000, nodes: 0(120000.00, 120000.00) 391 21 680 818 827 991 0(62060.00, 62060.00)
route 92, node_num 8, cost 918.498000, nodes: 0(120000.00, 120000.00) 690 249 428 561 232 809 0(54393.00, 54393.00)
route 93, node_num 8, cost 1097.950000, nodes: 0(120000.00, 120000.00) 400 360 948 65 569 340 0(41575.00, 41575.00)
route 94, node_num 7, cost 1326.150000, nodes: 0(120000.00, 120000.00) 401 857 580 505 205 0(25275.00, 25275.00)
route 95, node_num 7, cost 1038.030000, nodes: 0(120000.00, 120000.00) 409 531 115 119 80 0(45855.00, 45855.00)
route 96, node_num 7, cost 727.734000, nodes: 0(120000.00, 120000.00) 627 120 62 425 720 0(68019.00, 68019.00)
route 97, node_num 6, cost 1019.984000, nodes: 0(120000.00, 120000.00) 430 831 978 106 0(47144.00, 47144.00)
route 98, node_num 7, cost 707.742000, nodes: 0(120000.00, 120000.00) 481 403 4 960 823 0(69447.00, 69447.00)
route 99, node_num 6, cost 1133.734000, nodes: 0(120000.00, 120000.00) 963 218 931 444 0(39019.00, 39019.00)
route 100, node_num 7, cost 1346.226000, nodes: 0(120000.00, 120000.00) 591 108 456 275 619 0(23841.00, 23841.00)
route 101, node_num 7, cost 1294.048000, nodes: 0(120000.00, 120000.00) 581 441 224 773 572 0(27568.00, 27568.00)
route 102, node_num 7, cost 1012.634000, nodes: 0(120000.00, 120000.00) 801 416 148 221 577 0(47669.00, 47669.00)
route 103, node_num 8, cost 1082.102000, nodes: 0(120000.00, 120000.00) 556 608 449 661 756 294 0(42707.00, 42707.00)
route 104, node_num 9, cost 1714.902000, nodes: 0(120000.00, 120000.00) 632 787 99 1079(67452.00, 69945.00) 414 646 72 0(0.00, 0.00)
route 105, node_num 6, cost 1289.414000, nodes: 0(120000.00, 120000.00) 311 578 507 114 0(27899.00, 27899.00)
route 106, node_num 6, cost 831.306000, nodes: 0(120000.00, 120000.00) 853 46 683 882 0(60621.00, 60621.00)
route 107, node_num 6, cost 823.802000, nodes: 0(120000.00, 120000.00) 765 751 665 918 0(61157.00, 61157.00)
route 108, node_num 8, cost 1780.604000, nodes: 0(120000.00, 120000.00) 473 260 183 269 901 1067(7492.00, 14678.00) 0(0.00, 0.00)
route 109, node_num 7, cost 1066.492000, nodes: 0(120000.00, 120000.00) 77 407 891 155 575 0(43822.00, 43822.00)
route 110, node_num 8, cost 453.166000, nodes: 0(120000.00, 120000.00) 776 663 589 634 500 981 0(87631.00, 87631.00)
route 111, node_num 8, cost 1016.820000, nodes: 0(120000.00, 120000.00) 742 983 433 805 678 154 0(47370.00, 47370.00)
route 112, node_num 5, cost 761.754000, nodes: 0(120000.00, 120000.00) 886 182 541 0(65589.00, 65589.00)
route 113, node_num 7, cost 1490.818000, nodes: 0(120000.00, 120000.00) 549 309 604 730 654 0(13513.00, 13513.00)
route 114, node_num 9, cost 1639.204000, nodes: 0(120000.00, 120000.00) 852 697 319 537 498 614 1172(40359.00, 40359.00) 0(2914.00, 2914.00)
route 115, node_num 6, cost 671.426000, nodes: 0(120000.00, 120000.00) 489 397 195 784 0(72041.00, 72041.00)
route 116, node_num 8, cost 943.768000, nodes: 0(120000.00, 120000.00) 412 87 175 234 943 755 0(52588.00, 52588.00)
route 117, node_num 8, cost 1412.250000, nodes: 0(120000.00, 120000.00) 285 612 493 421 424 290 0(19125.00, 19125.00)
route 118, node_num 6, cost 1187.116000, nodes: 0(120000.00, 120000.00) 278 210 437 607 0(35206.00, 35206.00)
route 119, node_num 6, cost 758.016000, nodes: 0(120000.00, 120000.00) 497 305 873 559 0(65856.00, 65856.00)
route 120, node_num 8, cost 920.640000, nodes: 0(120000.00, 120000.00) 502 656 713 651 664 47 0(54240.00, 54240.00)
route 121, node_num 7, cost 757.876000, nodes: 0(120000.00, 120000.00) 373 568 490 835 944 0(65866.00, 65866.00)
route 122, node_num 8, cost 1820.308000, nodes: 0(120000.00, 120000.00) 166 466 922 53 1060(43951.00, 53973.00) 452 0(0.00, 0.00)
route 123, node_num 6, cost 1257.550000, nodes: 0(120000.00, 120000.00) 526 380 92 334 0(30175.00, 30175.00)
route 124, node_num 7, cost 1621.480000, nodes: 0(120000.00, 120000.00) 1153(82481.00, 90481.00) 88 639 768 864 0(12180.00, 12180.00)
route 125, node_num 6, cost 705.978000, nodes: 0(120000.00, 120000.00) 529 270 181 510 0(69573.00, 69573.00)
route 126, node_num 6, cost 801.220000, nodes: 0(120000.00, 120000.00) 355 706 868 859 0(62770.00, 62770.00)
route 127, node_num 6, cost 1606.948000, nodes: 0(120000.00, 120000.00) 533 129 405 404 0(5218.00, 5218.00)
route 128, node_num 8, cost 1590.638000, nodes: 0(120000.00, 120000.00) 261 667 128 144 509 1040(28998.00, 28998.00) 0(6383.00, 6383.00)
route 129, node_num 6, cost 690.522000, nodes: 0(120000.00, 120000.00) 540 727 258 855 0(70677.00, 70677.00)
route 130, node_num 8, cost 802.550000, nodes: 0(120000.00, 120000.00) 542 69 223 419 198 352 0(62675.00, 62675.00)
route 131, node_num 5, cost 945.644000, nodes: 0(120000.00, 120000.00) 512 450 673 0(52454.00, 52454.00)
route 132, node_num 7, cost 1312.430000, nodes: 0(120000.00, 120000.00) 728 31 364 164 50 0(26255.00, 26255.00)
route 133, node_num 6, cost 863.422000, nodes: 0(120000.00, 120000.00) 390 551 130 494 0(58327.00, 58327.00)
route 134, node_num 6, cost 258.986000, nodes: 0(120000.00, 120000.00) 555 179 325 914 0(101501.00, 101501.00)
route 135, node_num 8, cost 760.130000, nodes: 0(120000.00, 120000.00) 431 484 470 806 91 238 0(65705.00, 65705.00)
route 136, node_num 7, cost 1655.864000, nodes: 0(120000.00, 120000.00) 565 303 585 410 1067(16402.00, 16402.00) 0(1724.00, 1724.00)
route 137, node_num 6, cost 734.202000, nodes: 0(120000.00, 120000.00) 977 862 73 997 0(67557.00, 67557.00)
route 138, node_num 6, cost 1070.944000, nodes: 0(120000.00, 120000.00) 915 657 103 877 0(43504.00, 43504.00)
route 139, node_num 7, cost 578.970000, nodes: 0(120000.00, 120000.00) 810 570 426 789 636 0(78645.00, 78645.00)
route 140, node_num 6, cost 1544.438000, nodes: 0(120000.00, 120000.00) 582 245 750 469 0(9683.00, 9683.00)
route 141, node_num 7, cost 1453.186000, nodes: 0(120000.00, 120000.00) 998 266 384 49 143 0(16201.00, 16201.00)
route 142, node_num 8, cost 1869.672000, nodes: 0(120000.00, 120000.00) 1042(58613.00, 72161.00) 985 687 815 617 517 0(0.00, 0.00)
route 143, node_num 8, cost 984.760000, nodes: 0(120000.00, 120000.00) 504 176 708 741 600 462 0(49660.00, 49660.00)
route 144, node_num 6, cost 1387.862000, nodes: 0(120000.00, 120000.00) 674 860 332 601 0(20867.00, 20867.00)
route 145, node_num 8, cost 1808.996000, nodes: 0(120000.00, 120000.00) 1160(66386.00, 75600.00) 597 793 302 413 203 0(0.00, 0.00)
route 146, node_num 8, cost 907.452000, nodes: 0(120000.00, 120000.00) 599 160 284 22 707 374 0(55182.00, 55182.00)
route 147, node_num 6, cost 1403.416000, nodes: 0(120000.00, 120000.00) 257 149 821 370 0(19756.00, 19756.00)
route 148, node_num 8, cost 1762.194000, nodes: 0(120000.00, 120000.00) 710 863 672 455 987 1196(19614.00, 25485.00) 0(0.00, 0.00)
route 149, node_num 7, cost 927.486000, nodes: 0(120000.00, 120000.00) 898 916 692 239 32 0(53751.00, 53751.00)
route 150, node_num 6, cost 778.400000, nodes: 0(120000.00, 120000.00) 861 625 982 211 0(64400.00, 64400.00)
route 151, node_num 6, cost 1560.776000, nodes: 0(120000.00, 120000.00) 613 605 696 67 0(8516.00, 8516.00)
route 152, node_num 6, cost 644.896000, nodes: 0(120000.00, 120000.00) 235 566 74 459 0(73936.00, 73936.00)
route 153, node_num 7, cost 1052.968000, nodes: 0(120000.00, 120000.00) 621 399 879 906 443 0(44788.00, 44788.00)
route 154, node_num 6, cost 411.082000, nodes: 0(120000.00, 120000.00) 994 984 94 813 0(90637.00, 90637.00)
route 155, node_num 6, cost 1443.694000, nodes: 0(120000.00, 120000.00) 535 8 97 760 0(16879.00, 16879.00)
route 156, node_num 6, cost 1108.576000, nodes: 0(120000.00, 120000.00) 722 15 27 318 0(40816.00, 40816.00)
route 157, node_num 7, cost 1273.594000, nodes: 0(120000.00, 120000.00) 658 110 685 620 228 0(29029.00, 29029.00)
route 158, node_num 6, cost 906.892000, nodes: 0(120000.00, 120000.00) 157 725 454 726 0(55222.00, 55222.00)
route 159, node_num 6, cost 1073.898000, nodes: 0(120000.00, 120000.00) 328 746 25 220 0(43293.00, 43293.00)
route 160, node_num 6, cost 1339.436000, nodes: 0(120000.00, 120000.00) 465 675 845 803 0(24326.00, 24326.00)
route 161, node_num 4, cost 744.982000, nodes: 0(120000.00, 120000.00) 496 197 0(66787.00, 66787.00)
route 162, node_num 7, cost 911.022000, nodes: 0(120000.00, 120000.00) 677 81 711 327 188 0(54927.00, 54927.00)
route 163, node_num 7, cost 1409.660000, nodes: 0(120000.00, 120000.00) 679 184 854 126 423 0(19310.00, 19310.00)
route 164, node_num 8, cost 1006.418000, nodes: 0(120000.00, 120000.00) 229 350 345 196 833 519 0(48113.00, 48113.00)
route 165, node_num 7, cost 1141.588000, nodes: 0(120000.00, 120000.00) 75 876 781 523 338 0(38458.00, 38458.00)
route 166, node_num 6, cost 801.402000, nodes: 0(120000.00, 120000.00) 912 668 761 652 0(62757.00, 62757.00)
route 167, node_num 6, cost 1211.476000, nodes: 0(120000.00, 120000.00) 691 772 5 448 0(33466.00, 33466.00)
route 168, node_num 7, cost 1588.020000, nodes: 0(120000.00, 120000.00) 693 870 63 1000 252 0(6570.00, 6570.00)
route 169, node_num 6, cost 831.558000, nodes: 0(120000.00, 120000.00) 838 622 520 767 0(60603.00, 60603.00)
route 170, node_num 6, cost 1399.454000, nodes: 0(120000.00, 120000.00) 273 700 897 177 0(20039.00, 20039.00)
route 171, node_num 7, cost 1262.982000, nodes: 0(120000.00, 120000.00) 479 633 411 43 145 0(29787.00, 29787.00)
route 172, node_num 7, cost 989.324000, nodes: 0(120000.00, 120000.00) 326 84 849 576 973 0(49334.00, 49334.00)
route 173, node_num 7, cost 1544.228000, nodes: 0(120000.00, 120000.00) 104 61 478 534 367 0(9698.00, 9698.00)
route 174, node_num 7, cost 1220.240000, nodes: 0(120000.00, 120000.00) 717 446 296 545 171 0(32840.00, 32840.00)
route 175, node_num 7, cost 557.872000, nodes: 0(120000.00, 120000.00) 719 975 40 808 331 0(80152.00, 80152.00)
route 176, node_num 5, cost 944.076000, nodes: 0(120000.00, 120000.00) 949 330 420 0(52566.00, 52566.00)
route 177, node_num 7, cost 1169.504000, nodes: 0(120000.00, 120000.00) 44 447 920 95 552 0(36464.00, 36464.00)
route 178, node_num 7, cost 1505.028000, nodes: 0(120000.00, 120000.00) 734 298 955 467 172 0(12498.00, 12498.00)
route 179, node_num 6, cost 684.460000, nodes: 0(120000.00, 120000.00) 736 71 844 832 0(71110.00, 71110.00)
route 180, node_num 6, cost 734.384000, nodes: 0(120000.00, 120000.00) 743 486 415 762 0(67544.00, 67544.00)
route 181, node_num 7, cost 641.032000, nodes: 0(120000.00, 120000.00) 321 314 180 511 753 0(74212.00, 74212.00)
route 182, node_num 6, cost 809.830000, nodes: 0(120000.00, 120000.00) 757 283 659 341 0(62155.00, 62155.00)
route 183, node_num 6, cost 799.946000, nodes: 0(120000.00, 120000.00) 764 335 524 670 0(62861.00, 62861.00)
route 184, node_num 7, cost 1707.314000, nodes: 0(120000.00, 120000.00) 472 911 116 560 1175(15574.00, 17525.00) 0(0.00, 0.00)
route 185, node_num 6, cost 799.120000, nodes: 0(120000.00, 120000.00) 780 480 147 39 0(62920.00, 62920.00)
route 186, node_num 8, cost 1836.968000, nodes: 0(120000.00, 120000.00) 432 339 85 647 623 1025(12915.00, 24127.00) 0(0.00, 0.00)
route 187, node_num 7, cost 1592.864000, nodes: 0(120000.00, 120000.00) 992 812 521 775 536 0(6224.00, 6224.00)
route 188, node_num 8, cost 1517.334000, nodes: 0(120000.00, 120000.00) 817 669 402 439 471 78 0(11619.00, 11619.00)
route 189, node_num 6, cost 892.010000, nodes: 0(120000.00, 120000.00) 825 588 574 900 0(56285.00, 56285.00)
route 190, node_num 5, cost 1345.218000, nodes: 0(120000.00, 120000.00) 829 583 369 0(23913.00, 23913.00)
route 191, node_num 7, cost 1719.242000, nodes: 0(120000.00, 120000.00) 834 392 123 100 1071(33746.00, 36549.00) 0(0.00, 0.00)
route 192, node_num 6, cost 758.450000, nodes: 0(120000.00, 120000.00) 201 735 491 956 0(65825.00, 65825.00)
route 193, node_num 6, cost 1396.682000, nodes: 0(120000.00, 120000.00) 839 874 277 68 0(20237.00, 20237.00)
route 194, node_num 6, cost 715.092000, nodes: 0(120000.00, 120000.00) 842 885 134 837 0(68922.00, 68922.00)
route 195, node_num 7, cost 635.838000, nodes: 0(120000.00, 120000.00) 86 34 698 417 584 0(74583.00, 74583.00)
route 196, node_num 6, cost 1357.244000, nodes: 0(120000.00, 120000.00) 917 666 573 329 0(23054.00, 23054.00)
route 197, node_num 5, cost 114.590000, nodes: 0(120000.00, 120000.00) 630 650 333 0(111815.00, 111815.00)
route 198, node_num 6, cost 462.840000, nodes: 0(120000.00, 120000.00) 910 972 820 936 0(86940.00, 86940.00)
route 199, node_num 7, cost 1321.432000, nodes: 0(120000.00, 120000.00) 153 307 971 354 703 0(25612.00, 25612.00)
route 200, node_num 6, cost 943.866000, nodes: 0(120000.00, 120000.00) 259 802 538 893 0(52581.00, 52581.00)
route 201, node_num 6, cost 1285.116000, nodes: 0(120000.00, 120000.00) 596 152 814 241 0(28206.00, 28206.00)
route 202, node_num 5, cost 851.004000, nodes: 0(120000.00, 120000.00) 896 932 342 0(59214.00, 59214.00)
route 203, node_num 8, cost 1797.796000, nodes: 0(120000.00, 120000.00) 150 649 105 6 107 1168(20823.00, 29237.00) 0(0.00, 0.00)
route 204, node_num 6, cost 1169.868000, nodes: 0(120000.00, 120000.00) 244 714 24 16 0(36438.00, 36438.00)
route 205, node_num 8, cost 772.030000, nodes: 0(120000.00, 120000.00) 968 121 136 800 550 782 0(64855.00, 64855.00)
route 206, node_num 6, cost 759.724000, nodes: 0(120000.00, 120000.00) 686 394 286 908 0(65734.00, 65734.00)
route 207, node_num 7, cost 1403.920000, nodes: 0(120000.00, 120000.00) 251 602 348 237 791 0(19720.00, 19720.00)
route 208, node_num 6, cost 754.670000, nodes: 0(120000.00, 120000.00) 83 702 503 970 0(66095.00, 66095.00)
route 209, node_num 7, cost 1623.202000, nodes: 0(120000.00, 120000.00) 924 156 947 477 959 0(4057.00, 4057.00)
route 210, node_num 6, cost 1154.958000, nodes: 0(120000.00, 120000.00) 492 904 819 969 0(37503.00, 37503.00)
route 211, node_num 8, cost 1959.986000, nodes: 0(120000.00, 120000.00) 1198(64370.00, 84369.00) 586 811 941 626 709 0(0.00, 0.00)
route 212, node_num 7, cost 451.920000, nodes: 0(120000.00, 120000.00) 935 265 372 909 485 0(87720.00, 87720.00)
route 213, node_num 6, cost 1035.258000, nodes: 0(120000.00, 120000.00) 594 850 274 747 0(46053.00, 46053.00)
route 214, node_num 8, cost 1649.984000, nodes: 0(120000.00, 120000.00) 135 12 921 718 996 1189(42331.00, 42331.00) 0(2144.00, 2144.00)
route 215, node_num 8, cost 876.582000, nodes: 0(120000.00, 120000.00) 942 279 558 246 883 256 0(57387.00, 57387.00)
route 216, node_num 7, cost 791.252000, nodes: 0(120000.00, 120000.00) 995 792 427 980 788 0(63482.00, 63482.00)
route 217, node_num 7, cost 1551.494000, nodes: 0(120000.00, 120000.00) 212 738 29 564 207 0(9179.00, 9179.00)
route 218, node_num 8, cost 969.948000, nodes: 0(120000.00, 120000.00) 376 214 482 689 109 371 0(50718.00, 50718.00)
vehicle (route) number: 219
Total cost: 314790.77
396278.04, 16247.20
379254.54, 16237.30
391521.67, 16257.12
400667.59, 16287.76
378270.85, 16284.60
353828.61, 16203.78
327604.24, 16201.77
359037.85, 16216.51
315706.99, 16200.06
314790.77, 16203.30
