Details of the solution:
route 0, node_num 6, cost 903.938000, nodes: 0(120000.00, 120000.00) 199 120 560 930 0(55433.00, 55433.00)
route 1, node_num 7, cost 1630.636000, nodes: 0(120000.00, 120000.00) 405 967 331 278 1178(31787.00, 31787.00) 0(3526.00, 3526.00)
route 2, node_num 6, cost 858.858000, nodes: 0(120000.00, 120000.00) 8 417 635 384 0(58653.00, 58653.00)
route 3, node_num 8, cost 615.076000, nodes: 0(120000.00, 120000.00) 18 921 551 491 937 242 0(76066.00, 76066.00)
route 4, node_num 6, cost 846.384000, nodes: 0(120000.00, 120000.00) 687 608 166 145 0(59544.00, 59544.00)
route 5, node_num 6, cost 1584.268000, nodes: 0(120000.00, 120000.00) 27 907 103 823 0(6838.00, 6838.00)
route 6, node_num 5, cost 499.478000, nodes: 0(120000.00, 120000.00) 31 953 450 0(84323.00, 84323.00)
route 7, node_num 5, cost 579.166000, nodes: 0(120000.00, 120000.00) 35 459 472 0(78631.00, 78631.00)
route 8, node_num 6, cost 1209.306000, nodes: 0(120000.00, 120000.00) 906 916 43 136 0(33621.00, 33621.00)
route 9, node_num 4, cost 663.096000, nodes: 0(120000.00, 120000.00) 38 970 0(72636.00, 72636.00)
route 10, node_num 6, cost 866.124000, nodes: 0(120000.00, 120000.00) 44 290 866 597 0(58134.00, 58134.00)
route 11, node_num 5, cost 1512.700000, nodes: 0(120000.00, 120000.00) 52 314 457 0(11950.00, 11950.00)
route 12, node_num 5, cost 1201.844000, nodes: 0(120000.00, 120000.00) 312 938 827 0(34154.00, 34154.00)
route 13, node_num 8, cost 1506.750000, nodes: 0(120000.00, 120000.00) 62 809 750 167 746 1198(53619.00, 53619.00) 0(12375.00, 12375.00)
route 14, node_num 7, cost 974.708000, nodes: 0(120000.00, 120000.00) 488 397 634 670 546 0(50378.00, 50378.00)
route 15, node_num 5, cost 313.502000, nodes: 0(120000.00, 120000.00) 65 92 95 0(97607.00, 97607.00)
route 16, node_num 6, cost 1586.732000, nodes: 0(120000.00, 120000.00) 70 996 125 1126(44846.00, 44846.00) 0(6662.00, 6662.00)
route 17, node_num 8, cost 1603.294000, nodes: 0(120000.00, 120000.00) 77 761 50 526 785 1048(30176.00, 30176.00) 0(5479.00, 5479.00)
route 18, node_num 8, cost 1613.472000, nodes: 0(120000.00, 120000.00) 78 282 957 440 194 1114(42368.00, 42368.00) 0(4752.00, 4752.00)
route 19, node_num 8, cost 1421.154000, nodes: 0(120000.00, 120000.00) 86 979 897 982 435 1179(56922.00, 56922.00) 0(18489.00, 18489.00)
route 20, node_num 7, cost 704.438000, nodes: 0(120000.00, 120000.00) 88 744 751 96 725 0(69683.00, 69683.00)
route 21, node_num 6, cost 329.000000, nodes: 0(120000.00, 120000.00) 468 477 573 721 0(96500.00, 96500.00)
route 22, node_num 6, cost 812.476000, nodes: 0(120000.00, 120000.00) 97 613 348 164 0(61966.00, 61966.00)
route 23, node_num 7, cost 1097.446000, nodes: 0(120000.00, 120000.00) 822 25 741 370 41 0(41611.00, 41611.00)
route 24, node_num 7, cost 1115.982000, nodes: 0(120000.00, 120000.00) 104 339 530 735 57 0(40287.00, 40287.00)
route 25, node_num 6, cost 1571.780000, nodes: 0(120000.00, 120000.00) 105 173 37 353 0(7730.00, 7730.00)
route 26, node_num 5, cost 909.930000, nodes: 0(120000.00, 120000.00) 828 107 574 0(55005.00, 55005.00)
route 27, node_num 5, cost 1038.492000, nodes: 0(120000.00, 120000.00) 108 605 594 0(45822.00, 45822.00)
route 28, node_num 7, cost 1032.052000, nodes: 0(120000.00, 120000.00) 533 377 114 310 804 0(46282.00, 46282.00)
route 29, node_num 6, cost 1397.564000, nodes: 0(120000.00, 120000.00) 122 19 485 87 0(20174.00, 20174.00)
route 30, node_num 6, cost 707.756000, nodes: 0(120000.00, 120000.00) 140 884 846 854 0(69446.00, 69446.00)
route 31, node_num 6, cost 1542.100000, nodes: 0(120000.00, 120000.00) 132 494 53 182 0(9850.00, 9850.00)
route 32, node_num 7, cost 1223.362000, nodes: 0(120000.00, 120000.00) 138 508 299 543 870 0(32617.00, 32617.00)
route 33, node_num 6, cost 432.026000, nodes: 0(120000.00, 120000.00) 333 144 165 337 0(89141.00, 89141.00)
route 34, node_num 5, cost 1073.744000, nodes: 0(120000.00, 120000.00) 149 151 513 0(43304.00, 43304.00)
route 35, node_num 6, cost 1194.690000, nodes: 0(120000.00, 120000.00) 174 253 154 474 0(34665.00, 34665.00)
route 36, node_num 6, cost 837.578000, nodes: 0(120000.00, 120000.00) 158 24 610 135 0(60173.00, 60173.00)
route 37, node_num 7, cost 1652.224000, nodes: 0(120000.00, 120000.00) 1143(90980.00, 110980.00) 238 832 343 780 0(21984.00, 21984.00)
route 38, node_num 7, cost 1498.084000, nodes: 0(120000.00, 120000.00) 1191(100789.00, 112789.00) 579 650 437 1070(62263.00, 62263.00) 0(24994.00, 24994.00)
route 39, node_num 5, cost 1127.112000, nodes: 0(120000.00, 120000.00) 775 169 675 0(39492.00, 39492.00)
route 40, node_num 6, cost 1566.054000, nodes: 0(120000.00, 120000.00) 168 318 155 1006(44377.00, 44377.00) 0(8139.00, 8139.00)
route 41, node_num 4, cost 380.128000, nodes: 0(120000.00, 120000.00) 808 972 0(92848.00, 92848.00)
route 42, node_num 4, cost 443.772000, nodes: 0(120000.00, 120000.00) 185 288 0(88302.00, 88302.00)
route 43, node_num 7, cost 1534.386000, nodes: 0(120000.00, 120000.00) 1157(94699.00, 120000.00) 920 992 172 766 0(35702.00, 35702.00)
route 44, node_num 6, cost 1317.218000, nodes: 0(120000.00, 120000.00) 192 239 5 378 0(25913.00, 25913.00)
route 45, node_num 6, cost 1330.770000, nodes: 0(120000.00, 120000.00) 811 193 848 867 0(24945.00, 24945.00)
route 46, node_num 6, cost 975.436000, nodes: 0(120000.00, 120000.00) 197 682 379 235 0(50326.00, 50326.00)
route 47, node_num 5, cost 528.066000, nodes: 0(120000.00, 120000.00) 842 51 142 0(82281.00, 82281.00)
route 48, node_num 5, cost 486.220000, nodes: 0(120000.00, 120000.00) 205 293 240 0(85270.00, 85270.00)
route 49, node_num 6, cost 743.092000, nodes: 0(120000.00, 120000.00) 586 206 668 646 0(66922.00, 66922.00)
route 50, node_num 6, cost 937.342000, nodes: 0(120000.00, 120000.00) 430 208 383 152 0(53047.00, 53047.00)
route 51, node_num 6, cost 1096.158000, nodes: 0(120000.00, 120000.00) 265 400 554 243 0(41703.00, 41703.00)
route 52, node_num 7, cost 545.202000, nodes: 0(120000.00, 120000.00) 219 451 203 495 566 0(81057.00, 81057.00)
route 53, node_num 6, cost 390.964000, nodes: 0(120000.00, 120000.00) 220 615 460 522 0(92074.00, 92074.00)
route 54, node_num 8, cost 1663.536000, nodes: 0(120000.00, 120000.00) 986 223 588 521 817 1010(44373.00, 44373.00) 0(1176.00, 1176.00)
route 55, node_num 5, cost 1003.520000, nodes: 0(120000.00, 120000.00) 225 550 677 0(48320.00, 48320.00)
route 56, node_num 3, cost 160.328000, nodes: 0(120000.00, 120000.00) 226 0(108548.00, 108548.00)
route 57, node_num 6, cost 952.532000, nodes: 0(120000.00, 120000.00) 535 341 784 987 0(51962.00, 51962.00)
route 58, node_num 4, cost 474.180000, nodes: 0(120000.00, 120000.00) 228 729 0(86130.00, 86130.00)
route 59, node_num 6, cost 1622.096000, nodes: 0(120000.00, 120000.00) 315 411 212 1064(10497.00, 10497.00) 0(4136.00, 4136.00)
route 60, node_num 7, cost 1818.320000, nodes: 0(120000.00, 120000.00) 883 264 187 519 1136(23371.00, 33251.00) 0(0.00, 0.00)
route 61, node_num 6, cost 1627.892000, nodes: 0(120000.00, 120000.00) 36 115 438 762 0(3722.00, 3722.00)
route 62, node_num 6, cost 1251.544000, nodes: 0(120000.00, 120000.00) 159 329 950 603 0(30604.00, 30604.00)
route 63, node_num 8, cost 1625.750000, nodes: 0(120000.00, 120000.00) 845 246 844 94 849 1193(17965.00, 17965.00) 0(3875.00, 3875.00)
route 64, node_num 6, cost 1533.336000, nodes: 0(120000.00, 120000.00) 102 831 973 891 0(10476.00, 10476.00)
route 65, node_num 7, cost 1081.822000, nodes: 0(120000.00, 120000.00) 4 559 492 769 956 0(42727.00, 42727.00)
route 66, node_num 8, cost 673.652000, nodes: 0(120000.00, 120000.00) 256 129 515 191 289 119 0(71882.00, 71882.00)
route 67, node_num 5, cost 1389.542000, nodes: 0(120000.00, 120000.00) 259 607 482 0(20747.00, 20747.00)
route 68, node_num 3, cost 263.998000, nodes: 0(120000.00, 120000.00) 532 0(101143.00, 101143.00)
route 69, node_num 7, cost 616.602000, nodes: 0(120000.00, 120000.00) 262 570 487 195 81 0(75957.00, 75957.00)
route 70, node_num 6, cost 1125.166000, nodes: 0(120000.00, 120000.00) 942 216 313 156 0(39631.00, 39631.00)
route 71, node_num 6, cost 852.194000, nodes: 0(120000.00, 120000.00) 984 59 544 618 0(59129.00, 59129.00)
route 72, node_num 7, cost 2020.424000, nodes: 0(120000.00, 120000.00) 1111(93324.00, 117640.00) 841 731 505 325 0(0.00, 0.00)
route 73, node_num 8, cost 1651.874000, nodes: 0(120000.00, 120000.00) 20 974 802 463 1080(47654.00, 47654.00) 470 0(2009.00, 2009.00)
route 74, node_num 8, cost 623.700000, nodes: 0(120000.00, 120000.00) 294 851 367 311 361 425 0(75450.00, 75450.00)
route 75, node_num 6, cost 945.910000, nodes: 0(120000.00, 120000.00) 749 303 424 147 0(52435.00, 52435.00)
route 76, node_num 6, cost 1194.956000, nodes: 0(120000.00, 120000.00) 305 6 564 67 0(34646.00, 34646.00)
route 77, node_num 3, cost 121.128000, nodes: 0(120000.00, 120000.00) 279 0(111348.00, 111348.00)
route 78, node_num 7, cost 1245.818000, nodes: 0(120000.00, 120000.00) 793 224 779 681 936 0(31013.00, 31013.00)
route 79, node_num 8, cost 1230.250000, nodes: 0(120000.00, 120000.00) 511 263 534 267 85 928 0(32125.00, 32125.00)
route 80, node_num 6, cost 941.164000, nodes: 0(120000.00, 120000.00) 322 300 879 653 0(52774.00, 52774.00)
route 81, node_num 5, cost 1286.460000, nodes: 0(120000.00, 120000.00) 350 76 296 0(28110.00, 28110.00)
route 82, node_num 7, cost 1354.178000, nodes: 0(120000.00, 120000.00) 332 1 688 21 229 0(23273.00, 23273.00)
route 83, node_num 5, cost 405.748000, nodes: 0(120000.00, 120000.00) 707 465 978 0(91018.00, 91018.00)
route 84, node_num 8, cost 1782.116000, nodes: 0(120000.00, 120000.00) 338 454 276 128 308 1050(42337.00, 49631.00) 0(0.00, 0.00)
route 85, node_num 5, cost 893.592000, nodes: 0(120000.00, 120000.00) 710 659 324 0(56172.00, 56172.00)
route 86, node_num 7, cost 1072.120000, nodes: 0(120000.00, 120000.00) 768 951 782 434 838 0(43420.00, 43420.00)
route 87, node_num 6, cost 1029.042000, nodes: 0(120000.00, 120000.00) 64 356 553 110 0(46497.00, 46497.00)
route 88, node_num 7, cost 1222.130000, nodes: 0(120000.00, 120000.00) 362 218 340 913 820 0(32705.00, 32705.00)
route 89, node_num 4, cost 415.786000, nodes: 0(120000.00, 120000.00) 363 72 0(90301.00, 90301.00)
route 90, node_num 7, cost 1590.400000, nodes: 0(120000.00, 120000.00) 371 369 676 493 1032(40367.00, 40367.00) 0(6400.00, 6400.00)
route 91, node_num 3, cost 191.296000, nodes: 0(120000.00, 120000.00) 580 0(106336.00, 106336.00)
route 92, node_num 7, cost 1247.260000, nodes: 0(120000.00, 120000.00) 374 557 335 409 517 0(30910.00, 30910.00)
route 93, node_num 5, cost 1227.072000, nodes: 0(120000.00, 120000.00) 872 887 1000 0(32352.00, 32352.00)
route 94, node_num 7, cost 1200.780000, nodes: 0(120000.00, 120000.00) 58 79 268 700 541 0(34230.00, 34230.00)
route 95, node_num 6, cost 945.196000, nodes: 0(120000.00, 120000.00) 386 658 15 254 0(52486.00, 52486.00)
route 96, node_num 7, cost 1735.482000, nodes: 0(120000.00, 120000.00) 255 623 280 46 1075(33854.00, 37817.00) 0(0.00, 0.00)
route 97, node_num 7, cost 1829.940000, nodes: 0(120000.00, 120000.00) 801 954 307 346 1172(32207.00, 42917.00) 0(0.00, 0.00)
route 98, node_num 7, cost 1622.166000, nodes: 0(120000.00, 120000.00) 1091(100789.00, 120000.00) 596 663 251 316 0(23342.00, 23342.00)
route 99, node_num 7, cost 1587.404000, nodes: 0(120000.00, 120000.00) 413 726 503 292 1154(49572.00, 49572.00) 0(6614.00, 6614.00)
route 100, node_num 6, cost 1323.448000, nodes: 0(120000.00, 120000.00) 420 772 82 836 0(25468.00, 25468.00)
route 101, node_num 8, cost 1851.864000, nodes: 0(120000.00, 120000.00) 904 427 3 918 11 1145(13626.00, 25902.00) 0(0.00, 0.00)
route 102, node_num 7, cost 1471.918000, nodes: 0(120000.00, 120000.00) 428 188 818 826 626 0(14863.00, 14863.00)
route 103, node_num 6, cost 1652.560000, nodes: 0(120000.00, 120000.00) 429 352 250 1050(51591.00, 51591.00) 0(1960.00, 1960.00)
route 104, node_num 6, cost 298.172000, nodes: 0(120000.00, 120000.00) 150 912 795 161 0(98702.00, 98702.00)
route 105, node_num 6, cost 905.562000, nodes: 0(120000.00, 120000.00) 436 297 885 674 0(55317.00, 55317.00)
route 106, node_num 8, cost 559.006000, nodes: 0(120000.00, 120000.00) 631 662 398 593 393 153 0(80071.00, 80071.00)
route 107, node_num 7, cost 1858.248000, nodes: 0(120000.00, 120000.00) 1092(87550.00, 100282.00) 449 441 476 657 0(0.00, 0.00)
route 108, node_num 8, cost 1680.658000, nodes: 0(120000.00, 120000.00) 445 584 638 90 275 1003(22152.00, 22199.00) 0(0.00, 0.00)
route 109, node_num 6, cost 1470.504000, nodes: 0(120000.00, 120000.00) 693 66 61 770 0(14964.00, 14964.00)
route 110, node_num 5, cost 114.702000, nodes: 0(120000.00, 120000.00) 461 55 609 0(111807.00, 111807.00)
route 111, node_num 6, cost 1452.612000, nodes: 0(120000.00, 120000.00) 464 919 524 28 0(16242.00, 16242.00)
route 112, node_num 6, cost 1110.662000, nodes: 0(120000.00, 120000.00) 469 871 285 572 0(40667.00, 40667.00)
route 113, node_num 7, cost 759.178000, nodes: 0(120000.00, 120000.00) 471 418 298 121 100 0(65773.00, 65773.00)
route 114, node_num 6, cost 361.760000, nodes: 0(120000.00, 120000.00) 473 204 501 489 0(94160.00, 94160.00)
route 115, node_num 5, cost 1531.880000, nodes: 0(120000.00, 120000.00) 484 706 101 0(10580.00, 10580.00)
route 116, node_num 7, cost 590.576000, nodes: 0(120000.00, 120000.00) 260 215 388 852 692 0(77816.00, 77816.00)
route 117, node_num 8, cost 854.840000, nodes: 0(120000.00, 120000.00) 498 589 26 994 708 347 0(58940.00, 58940.00)
route 118, node_num 4, cost 717.304000, nodes: 0(120000.00, 120000.00) 499 237 0(68764.00, 68764.00)
route 119, node_num 8, cost 1754.900000, nodes: 0(120000.00, 120000.00) 372 853 903 898 496 1176(21101.00, 26451.00) 0(0.00, 0.00)
route 120, node_num 7, cost 1887.788000, nodes: 0(120000.00, 120000.00) 1116(95738.00, 110580.00) 506 525 160 714 0(0.00, 0.00)
route 121, node_num 5, cost 1089.858000, nodes: 0(120000.00, 120000.00) 321 355 63 0(42153.00, 42153.00)
route 122, node_num 8, cost 558.208000, nodes: 0(120000.00, 120000.00) 516 183 980 47 408 819 0(80128.00, 80128.00)
route 123, node_num 7, cost 1544.522000, nodes: 0(120000.00, 120000.00) 1057(94699.00, 94699.00) 518 807 923 34 0(9677.00, 9677.00)
route 124, node_num 8, cost 1610.896000, nodes: 0(120000.00, 120000.00) 520 991 116 444 900 1109(40017.00, 40017.00) 0(4936.00, 4936.00)
route 125, node_num 7, cost 2085.636000, nodes: 0(120000.00, 120000.00) 880 453 810 49 1088(7257.00, 36231.00) 0(0.00, 0.00)
route 126, node_num 7, cost 914.956000, nodes: 0(120000.00, 120000.00) 227 368 198 91 375 0(54646.00, 54646.00)
route 127, node_num 6, cost 1635.956000, nodes: 0(120000.00, 120000.00) 537 734 545 753 0(3146.00, 3146.00)
route 128, node_num 7, cost 987.448000, nodes: 0(120000.00, 120000.00) 542 360 319 834 587 0(49468.00, 49468.00)
route 129, node_num 6, cost 1483.076000, nodes: 0(120000.00, 120000.00) 1192(87550.00, 87550.00) 480 917 109 0(14066.00, 14066.00)
route 130, node_num 7, cost 1784.874000, nodes: 0(120000.00, 120000.00) 565 196 467 882 1148(17206.00, 24697.00) 0(0.00, 0.00)
route 131, node_num 5, cost 812.028000, nodes: 0(120000.00, 120000.00) 835 569 697 0(61998.00, 61998.00)
route 132, node_num 6, cost 1989.554000, nodes: 0(120000.00, 120000.00) 1053(84325.00, 106436.00) 592 456 414 0(0.00, 0.00)
route 133, node_num 6, cost 1176.798000, nodes: 0(120000.00, 120000.00) 931 366 878 29 0(35943.00, 35943.00)
route 134, node_num 5, cost 970.564000, nodes: 0(120000.00, 120000.00) 576 301 695 0(50674.00, 50674.00)
route 135, node_num 5, cost 1423.380000, nodes: 0(120000.00, 120000.00) 577 14 715 0(18330.00, 18330.00)
route 136, node_num 7, cost 1660.400000, nodes: 0(120000.00, 120000.00) 1009(82478.00, 82478.00) 582 961 33 475 0(1400.00, 1400.00)
route 137, node_num 7, cost 2018.016000, nodes: 0(120000.00, 120000.00) 1143(90980.00, 115124.00) 999 22 432 856 0(0.00, 0.00)
route 138, node_num 6, cost 1423.492000, nodes: 0(120000.00, 120000.00) 599 402 71 774 0(18322.00, 18322.00)
route 139, node_num 7, cost 1422.736000, nodes: 0(120000.00, 120000.00) 600 945 42 601 323 0(18376.00, 18376.00)
route 140, node_num 5, cost 792.890000, nodes: 0(120000.00, 120000.00) 611 68 106 0(63365.00, 63365.00)
route 141, node_num 8, cost 1702.456000, nodes: 0(120000.00, 120000.00) 486 382 446 483 60 1154(41354.00, 42958.00) 0(0.00, 0.00)
route 142, node_num 5, cost 1509.732000, nodes: 0(120000.00, 120000.00) 616 40 175 0(12162.00, 12162.00)
route 143, node_num 8, cost 1891.652000, nodes: 0(120000.00, 120000.00) 617 320 621 302 583 1072(27799.00, 42917.00) 0(0.00, 0.00)
route 144, node_num 5, cost 1141.154000, nodes: 0(120000.00, 120000.00) 127 910 758 0(38489.00, 38489.00)
route 145, node_num 7, cost 1841.490000, nodes: 0(120000.00, 120000.00) 620 549 665 890 1020(33075.00, 44610.00) 0(0.00, 0.00)
route 146, node_num 5, cost 1022.770000, nodes: 0(120000.00, 120000.00) 622 571 976 0(46945.00, 46945.00)
route 147, node_num 5, cost 1393.238000, nodes: 0(120000.00, 120000.00) 399 458 99 0(20483.00, 20483.00)
route 148, node_num 6, cost 1231.006000, nodes: 0(120000.00, 120000.00) 625 139 830 1028(57414.00, 57414.00) 0(32071.00, 32071.00)
route 149, node_num 7, cost 1522.500000, nodes: 0(120000.00, 120000.00) 628 778 701 949 652 0(11250.00, 11250.00)
route 150, node_num 8, cost 1561.336000, nodes: 0(120000.00, 120000.00) 901 640 737 54 678 1188(44707.00, 44707.00) 0(8476.00, 8476.00)
route 151, node_num 7, cost 1429.974000, nodes: 0(120000.00, 120000.00) 637 502 776 684 1131(50524.00, 50524.00) 0(17859.00, 17859.00)
route 152, node_num 7, cost 1672.300000, nodes: 0(120000.00, 120000.00) 860 643 201 581 1170(37819.00, 37819.00) 0(550.00, 550.00)
route 153, node_num 8, cost 1701.994000, nodes: 0(120000.00, 120000.00) 644 738 983 391 933 1150(48060.00, 49631.00) 0(0.00, 0.00)
route 154, node_num 7, cost 1631.798000, nodes: 0(120000.00, 120000.00) 578 245 69 112 1132(37410.00, 37410.00) 0(3443.00, 3443.00)
route 155, node_num 6, cost 985.306000, nodes: 0(120000.00, 120000.00) 837 649 234 529 0(49621.00, 49621.00)
route 156, node_num 5, cost 877.842000, nodes: 0(120000.00, 120000.00) 478 209 639 0(57297.00, 57297.00)
route 157, node_num 6, cost 1590.372000, nodes: 0(120000.00, 120000.00) 655 261 968 252 0(6402.00, 6402.00)
route 158, node_num 7, cost 1570.282000, nodes: 0(120000.00, 120000.00) 1113(103233.00, 120000.00) 683 859 497 389 0(24604.00, 24604.00)
route 159, node_num 7, cost 1581.440000, nodes: 0(120000.00, 120000.00) 1123(109240.00, 120000.00) 660 75 630 433 0(17800.00, 17800.00)
route 160, node_num 6, cost 1305.542000, nodes: 0(120000.00, 120000.00) 896 211 863 800 0(26747.00, 26747.00)
route 161, node_num 6, cost 1227.268000, nodes: 0(120000.00, 120000.00) 689 137 964 221 0(32338.00, 32338.00)
route 162, node_num 6, cost 1488.536000, nodes: 0(120000.00, 120000.00) 699 157 858 306 0(13676.00, 13676.00)
route 163, node_num 7, cost 1263.654000, nodes: 0(120000.00, 120000.00) 702 742 80 344 703 0(29739.00, 29739.00)
route 164, node_num 4, cost 192.388000, nodes: 0(120000.00, 120000.00) 627 636 0(106258.00, 106258.00)
route 165, node_num 7, cost 1731.464000, nodes: 0(120000.00, 120000.00) 709 612 481 514 1045(22226.00, 25902.00) 0(0.00, 0.00)
route 166, node_num 5, cost 643.832000, nodes: 0(120000.00, 120000.00) 17 540 7 0(74012.00, 74012.00)
route 167, node_num 6, cost 1378.482000, nodes: 0(120000.00, 120000.00) 354 909 799 555 0(21537.00, 21537.00)
route 168, node_num 7, cost 595.644000, nodes: 0(120000.00, 120000.00) 124 713 988 914 591 0(77454.00, 77454.00)
route 169, node_num 7, cost 1822.128000, nodes: 0(120000.00, 120000.00) 1043(90980.00, 101132.00) 568 816 538 84 0(0.00, 0.00)
route 170, node_num 5, cost 863.772000, nodes: 0(120000.00, 120000.00) 716 98 759 0(58302.00, 58302.00)
route 171, node_num 6, cost 417.396000, nodes: 0(120000.00, 120000.00) 723 364 134 479 0(90186.00, 90186.00)
route 172, node_num 5, cost 1135.778000, nodes: 0(120000.00, 120000.00) 724 604 32 0(38873.00, 38873.00)
route 173, node_num 7, cost 1636.530000, nodes: 0(120000.00, 120000.00) 727 330 669 390 1135(48877.00, 48877.00) 0(3105.00, 3105.00)
route 174, node_num 5, cost 1054.844000, nodes: 0(120000.00, 120000.00) 567 131 258 0(44654.00, 44654.00)
route 175, node_num 6, cost 1553.454000, nodes: 0(120000.00, 120000.00) 732 680 865 1061(52057.00, 52057.00) 0(9039.00, 9039.00)
route 176, node_num 6, cost 1620.556000, nodes: 0(120000.00, 120000.00) 336 176 12 1180(39174.00, 39174.00) 0(4246.00, 4246.00)
route 177, node_num 5, cost 608.286000, nodes: 0(120000.00, 120000.00) 989 924 619 0(76551.00, 76551.00)
route 178, node_num 7, cost 1234.142000, nodes: 0(120000.00, 120000.00) 752 190 642 512 431 0(31847.00, 31847.00)
route 179, node_num 7, cost 1513.064000, nodes: 0(120000.00, 120000.00) 1113(103233.00, 120000.00) 448 270 466 232 0(28691.00, 28691.00)
route 180, node_num 8, cost 2187.108000, nodes: 0(120000.00, 120000.00) 763 415 563 504 794 1188(9.00, 36231.00) 0(0.00, 0.00)
route 181, node_num 8, cost 1986.362000, nodes: 0(120000.00, 120000.00) 959 672 977 406 602 1036(11368.00, 33251.00) 0(0.00, 0.00)
route 182, node_num 6, cost 1590.162000, nodes: 0(120000.00, 120000.00) 328 287 141 1135(52189.00, 52189.00) 0(6417.00, 6417.00)
route 183, node_num 7, cost 1664.936000, nodes: 0(120000.00, 120000.00) 773 148 241 401 1084(40441.00, 40441.00) 0(1076.00, 1076.00)
route 184, node_num 7, cost 1098.972000, nodes: 0(120000.00, 120000.00) 510 345 902 257 705 0(41502.00, 41502.00)
route 185, node_num 8, cost 798.420000, nodes: 0(120000.00, 120000.00) 781 365 349 629 719 200 0(62970.00, 62970.00)
route 186, node_num 5, cost 887.166000, nodes: 0(120000.00, 120000.00) 651 10 958 0(56631.00, 56631.00)
route 187, node_num 6, cost 1541.876000, nodes: 0(120000.00, 120000.00) 788 447 202 217 0(9866.00, 9866.00)
route 188, node_num 7, cost 947.870000, nodes: 0(120000.00, 120000.00) 789 632 691 736 171 0(52295.00, 52295.00)
route 189, node_num 8, cost 1816.514000, nodes: 0(120000.00, 120000.00) 1085(97648.00, 120000.00) 927 531 207 548 249 0(12601.00, 12601.00)
route 190, node_num 6, cost 1477.000000, nodes: 0(120000.00, 120000.00) 786 671 380 184 0(14500.00, 14500.00)
route 191, node_num 6, cost 915.782000, nodes: 0(120000.00, 120000.00) 704 284 833 556 0(54587.00, 54587.00)
route 192, node_num 6, cost 1158.010000, nodes: 0(120000.00, 120000.00) 712 552 963 295 0(37285.00, 37285.00)
route 193, node_num 8, cost 815.360000, nodes: 0(120000.00, 120000.00) 585 130 745 598 13 641 0(61760.00, 61760.00)
route 194, node_num 5, cost 1071.896000, nodes: 0(120000.00, 120000.00) 812 797 236 0(43436.00, 43436.00)
route 195, node_num 8, cost 1948.632000, nodes: 0(120000.00, 120000.00) 814 189 633 304 624 1008(35093.00, 54281.00) 0(0.00, 0.00)
route 196, node_num 5, cost 1064.686000, nodes: 0(120000.00, 120000.00) 247 274 2 0(43951.00, 43951.00)
route 197, node_num 8, cost 695.464000, nodes: 0(120000.00, 120000.00) 824 93 888 690 606 396 0(70324.00, 70324.00)
route 198, node_num 7, cost 1581.356000, nodes: 0(120000.00, 120000.00) 935 1081(91910.00, 91910.00) 407 281 862 0(7046.00, 7046.00)
route 199, node_num 6, cost 922.558000, nodes: 0(120000.00, 120000.00) 829 83 385 403 0(54103.00, 54103.00)
route 200, node_num 7, cost 1634.948000, nodes: 0(120000.00, 120000.00) 796 509 392 500 1009(38299.00, 38299.00) 0(3218.00, 3218.00)
route 201, node_num 6, cost 763.868000, nodes: 0(120000.00, 120000.00) 439 926 803 562 0(65438.00, 65438.00)
route 202, node_num 6, cost 1490.258000, nodes: 0(120000.00, 120000.00) 791 839 981 163 0(13553.00, 13553.00)
route 203, node_num 4, cost 953.190000, nodes: 0(120000.00, 120000.00) 843 387 0(51915.00, 51915.00)
route 204, node_num 8, cost 1704.024000, nodes: 0(120000.00, 120000.00) 855 423 421 118 248 1095(53095.00, 54811.00) 0(0.00, 0.00)
route 205, node_num 4, cost 499.268000, nodes: 0(120000.00, 120000.00) 857 283 0(84338.00, 84338.00)
route 206, node_num 7, cost 1908.298000, nodes: 0(120000.00, 120000.00) 756 667 805 739 1017(5422.00, 21729.00) 0(0.00, 0.00)
route 207, node_num 6, cost 748.496000, nodes: 0(120000.00, 120000.00) 868 895 273 892 0(66536.00, 66536.00)
route 208, node_num 6, cost 1733.844000, nodes: 0(120000.00, 120000.00) 1013(103233.00, 120000.00) 733 286 666 0(12921.00, 12921.00)
route 209, node_num 8, cost 1624.658000, nodes: 0(120000.00, 120000.00) 798 394 645 747 214 342 0(3953.00, 3953.00)
route 210, node_num 8, cost 1585.066000, nodes: 0(120000.00, 120000.00) 376 452 771 760 73 1031(39446.00, 39446.00) 0(6781.00, 6781.00)
route 211, node_num 5, cost 1337.518000, nodes: 0(120000.00, 120000.00) 873 113 850 0(24463.00, 24463.00)
route 212, node_num 7, cost 1570.996000, nodes: 0(120000.00, 120000.00) 1182(102006.00, 102006.00) 648 177 698 673 0(7786.00, 7786.00)
route 213, node_num 5, cost 344.204000, nodes: 0(120000.00, 120000.00) 886 656 89 0(95414.00, 95414.00)
route 214, node_num 9, cost 403.592000, nodes: 0(120000.00, 120000.00) 291 993 317 985 899 929 48 0(91172.00, 91172.00)
route 215, node_num 7, cost 435.344000, nodes: 0(120000.00, 120000.00) 889 23 767 231 815 0(88904.00, 88904.00)
route 216, node_num 6, cost 1742.174000, nodes: 0(120000.00, 120000.00) 893 426 422 1076(22010.00, 26451.00) 0(0.00, 0.00)
route 217, node_num 7, cost 1729.322000, nodes: 0(120000.00, 120000.00) 955 894 821 952 1021(35704.00, 39227.00) 0(0.00, 0.00)
route 218, node_num 7, cost 1503.068000, nodes: 0(120000.00, 120000.00) 1119(97834.00, 97834.00) 915 679 179 170 0(12638.00, 12638.00)
route 219, node_num 3, cost 245.504000, nodes: 0(120000.00, 120000.00) 717 0(102464.00, 102464.00)
route 220, node_num 8, cost 1812.384000, nodes: 0(120000.00, 120000.00) 908 787 412 730 527 1062(46626.00, 56082.00) 0(0.00, 0.00)
route 221, node_num 3, cost 79.856000, nodes: 0(120000.00, 120000.00) 777 0(114296.00, 114296.00)
route 222, node_num 6, cost 1019.298000, nodes: 0(120000.00, 120000.00) 922 162 490 934 0(47193.00, 47193.00)
route 223, node_num 8, cost 1814.176000, nodes: 0(120000.00, 120000.00) 740 595 222 111 990 1077(32892.00, 42476.00) 0(0.00, 0.00)
route 224, node_num 8, cost 1328.362000, nodes: 0(120000.00, 120000.00) 932 146 210 948 244 178 0(25117.00, 25117.00)
route 225, node_num 7, cost 1870.330000, nodes: 0(120000.00, 120000.00) 230 661 861 410 1054(29363.00, 42958.00) 0(0.00, 0.00)
route 226, node_num 7, cost 1517.964000, nodes: 0(120000.00, 120000.00) 939 728 654 45 743 0(11574.00, 11574.00)
route 227, node_num 6, cost 1006.432000, nodes: 0(120000.00, 120000.00) 269 764 943 271 0(48112.00, 48112.00)
route 228, node_num 5, cost 159.964000, nodes: 0(120000.00, 120000.00) 944 442 507 0(108574.00, 108574.00)
route 229, node_num 6, cost 1311.730000, nodes: 0(120000.00, 120000.00) 946 133 590 685 0(26305.00, 26305.00)
route 230, node_num 5, cost 1044.806000, nodes: 0(120000.00, 120000.00) 947 123 528 0(45371.00, 45371.00)
route 231, node_num 3, cost 245.854000, nodes: 0(120000.00, 120000.00) 941 0(102439.00, 102439.00)
route 232, node_num 5, cost 731.724000, nodes: 0(120000.00, 120000.00) 765 664 126 0(67734.00, 67734.00)
route 233, node_num 5, cost 158.886000, nodes: 0(120000.00, 120000.00) 960 39 359 0(108651.00, 108651.00)
route 234, node_num 7, cost 1657.852000, nodes: 0(120000.00, 120000.00) 965 869 783 416 1164(7943.00, 7943.00) 0(1582.00, 1582.00)
route 235, node_num 6, cost 1416.002000, nodes: 0(120000.00, 120000.00) 825 757 966 381 0(18857.00, 18857.00)
route 236, node_num 5, cost 562.898000, nodes: 0(120000.00, 120000.00) 969 181 718 0(79793.00, 79793.00)
route 237, node_num 8, cost 822.990000, nodes: 0(120000.00, 120000.00) 971 443 309 74 334 790 0(61215.00, 61215.00)
route 238, node_num 8, cost 1884.400000, nodes: 0(120000.00, 120000.00) 975 357 561 358 881 1161(28418.00, 43018.00) 0(0.00, 0.00)
route 239, node_num 8, cost 1579.074000, nodes: 0(120000.00, 120000.00) 997 373 16 806 998 1177(49685.00, 49685.00) 0(7209.00, 7209.00)
route 240, node_num 5, cost 499.212000, nodes: 0(120000.00, 120000.00) 558 792 180 0(84342.00, 84342.00)
route 241, node_num 5, cost 1301.930000, nodes: 0(120000.00, 120000.00) 143 462 614 0(27005.00, 27005.00)
route 242, node_num 6, cost 1022.840000, nodes: 0(120000.00, 120000.00) 995 874 536 748 0(46940.00, 46940.00)
route 243, node_num 6, cost 1027.992000, nodes: 0(120000.00, 120000.00) 351 905 30 266 0(46572.00, 46572.00)
route 244, node_num 7, cost 1777.846000, nodes: 0(120000.00, 120000.00) 1016(95738.00, 119738.00) 404 755 711 696 0(17011.00, 17011.00)
route 245, node_num 9, cost 1748.908000, nodes: 0(120000.00, 120000.00) 1019(97834.00, 109834.00) 395 56 327 575 840 1098(48322.00, 48322.00) 0(7078.00, 7078.00)
route 246, node_num 6, cost 1755.754000, nodes: 0(120000.00, 120000.00) 1153(84325.00, 89736.00) 326 117 272 0(0.00, 0.00)
route 247, node_num 8, cost 1556.618000, nodes: 0(120000.00, 120000.00) 1023(109240.00, 109240.00) 419 9 911 213 686 0(8813.00, 8813.00)
route 248, node_num 7, cost 1545.614000, nodes: 0(120000.00, 120000.00) 864 523 277 539 962 0(9599.00, 9599.00)
route 249, node_num 6, cost 1730.974000, nodes: 0(120000.00, 120000.00) 1044(106638.00, 110279.00) 720 455 847 0(0.00, 0.00)
route 250, node_num 6, cost 995.078000, nodes: 0(120000.00, 120000.00) 876 925 647 694 0(48923.00, 48923.00)
route 251, node_num 5, cost 982.730000, nodes: 0(120000.00, 120000.00) 875 940 877 0(49805.00, 49805.00)
route 252, node_num 6, cost 1851.542000, nodes: 0(120000.00, 120000.00) 1078(87618.00, 120000.00) 186 754 233 0(20129.00, 20129.00)
route 253, node_num 6, cost 1747.998000, nodes: 0(120000.00, 120000.00) 1089(96547.00, 120000.00) 547 722 813 0(18596.00, 18596.00)
vehicle (route) number: 254
Total cost: 378549.15
427083.05, 16358.87
425452.66, 16364.19
440282.61, 16320.46
411689.06, 16234.14
397714.50, 16243.14
417737.77, 16225.42
418166.79, 16221.99
392182.60, 16264.68
378549.15, 16212.26
386104.52, 16214.29
