Details of the solution:
route 0, node_num 8, cost 1615.852000, nodes: 0(120000.00, 120000.00) 303 91 85 276 835 1114(49332.00, 49332.00) 0(4582.00, 4582.00)
route 1, node_num 7, cost 1267.238000, nodes: 0(120000.00, 120000.00) 911 8 298 974 159 0(29483.00, 29483.00)
route 2, node_num 8, cost 1721.874000, nodes: 0(120000.00, 120000.00) 431 355 619 918 52 1043(13526.00, 16517.00) 0(0.00, 0.00)
route 3, node_num 6, cost 1604.372000, nodes: 0(120000.00, 120000.00) 1131(83199.00, 120000.00) 107 143 528 0(42203.00, 42203.00)
route 4, node_num 5, cost 1389.962000, nodes: 0(120000.00, 120000.00) 17 745 573 0(20717.00, 20717.00)
route 5, node_num 8, cost 855.498000, nodes: 0(120000.00, 120000.00) 21 862 93 789 312 636 0(58893.00, 58893.00)
route 6, node_num 7, cost 875.168000, nodes: 0(120000.00, 120000.00) 98 25 417 715 841 0(57488.00, 57488.00)
route 7, node_num 8, cost 1784.006000, nodes: 0(120000.00, 120000.00) 506 148 292 784 938 1054(14487.00, 21916.00) 0(0.00, 0.00)
route 8, node_num 6, cost 1037.554000, nodes: 0(120000.00, 120000.00) 819 930 27 937 0(45889.00, 45889.00)
route 9, node_num 6, cost 1057.378000, nodes: 0(120000.00, 120000.00) 154 296 605 681 0(44473.00, 44473.00)
route 10, node_num 8, cost 1118.348000, nodes: 0(120000.00, 120000.00) 38 759 205 544 270 1000 0(40118.00, 40118.00)
route 11, node_num 3, cost 188.160000, nodes: 0(120000.00, 120000.00) 310 0(106560.00, 106560.00)
route 12, node_num 7, cost 1645.056000, nodes: 0(120000.00, 120000.00) 233 149 33 32 1043(19013.00, 19013.00) 0(2496.00, 2496.00)
route 13, node_num 8, cost 1165.626000, nodes: 0(120000.00, 120000.00) 81 127 87 874 897 642 0(36741.00, 36741.00)
route 14, node_num 8, cost 1831.690000, nodes: 0(120000.00, 120000.00) 83 128 291 329 682 1003(32183.00, 43018.00) 0(0.00, 0.00)
route 15, node_num 6, cost 899.416000, nodes: 0(120000.00, 120000.00) 658 721 121 510 0(55756.00, 55756.00)
route 16, node_num 8, cost 1611.918000, nodes: 0(120000.00, 120000.00) 702 449 54 373 80 1062(49448.00, 49448.00) 0(4863.00, 4863.00)
route 17, node_num 4, cost 965.034000, nodes: 0(120000.00, 120000.00) 820 928 0(51069.00, 51069.00)
route 18, node_num 6, cost 1336.440000, nodes: 0(120000.00, 120000.00) 442 16 222 814 0(24540.00, 24540.00)
route 19, node_num 5, cost 736.232000, nodes: 0(120000.00, 120000.00) 923 691 863 0(67412.00, 67412.00)
route 20, node_num 3, cost 176.974000, nodes: 0(120000.00, 120000.00) 111 0(107359.00, 107359.00)
route 21, node_num 8, cost 1587.628000, nodes: 0(120000.00, 120000.00) 570 943 945 59 104 1075(45448.00, 45448.00) 0(6598.00, 6598.00)
route 22, node_num 6, cost 1049.958000, nodes: 0(120000.00, 120000.00) 706 394 821 210 0(45003.00, 45003.00)
route 23, node_num 7, cost 848.498000, nodes: 0(120000.00, 120000.00) 755 939 616 677 596 0(59393.00, 59393.00)
route 24, node_num 8, cost 1469.440000, nodes: 0(120000.00, 120000.00) 932 235 768 141 428 1152(53460.00, 53460.00) 0(15040.00, 15040.00)
route 25, node_num 6, cost 1291.066000, nodes: 0(120000.00, 120000.00) 390 24 764 744 0(27781.00, 27781.00)
route 26, node_num 5, cost 902.034000, nodes: 0(120000.00, 120000.00) 541 139 942 0(55569.00, 55569.00)
route 27, node_num 6, cost 1526.896000, nodes: 0(120000.00, 120000.00) 294 224 470 192 0(10936.00, 10936.00)
route 28, node_num 4, cost 875.238000, nodes: 0(120000.00, 120000.00) 307 166 0(57483.00, 57483.00)
route 29, node_num 8, cost 1661.282000, nodes: 0(120000.00, 120000.00) 1174(83303.00, 107303.00) 527 550 613 526 575 0(25337.00, 25337.00)
route 30, node_num 7, cost 1365.658000, nodes: 0(120000.00, 120000.00) 230 984 976 412 597 0(22453.00, 22453.00)
route 31, node_num 7, cost 1267.896000, nodes: 0(120000.00, 120000.00) 168 796 529 156 445 0(29436.00, 29436.00)
route 32, node_num 8, cost 1501.108000, nodes: 0(120000.00, 120000.00) 1197(109074.00, 120000.00) 990 95 20 227 807 0(23704.00, 23704.00)
route 33, node_num 7, cost 1251.334000, nodes: 0(120000.00, 120000.00) 191 179 97 633 333 0(30619.00, 30619.00)
route 34, node_num 8, cost 1460.228000, nodes: 0(120000.00, 120000.00) 444 334 407 68 376 783 0(15698.00, 15698.00)
route 35, node_num 7, cost 1576.512000, nodes: 0(120000.00, 120000.00) 229 439 552 1015(54784.00, 120000.00) 748 0(72608.00, 72608.00)
route 36, node_num 5, cost 287.868000, nodes: 0(120000.00, 120000.00) 850 674 713 0(99438.00, 99438.00)
route 37, node_num 4, cost 518.224000, nodes: 0(120000.00, 120000.00) 82 147 0(82984.00, 82984.00)
route 38, node_num 6, cost 899.724000, nodes: 0(120000.00, 120000.00) 195 110 816 441 0(55734.00, 55734.00)
route 39, node_num 5, cost 461.664000, nodes: 0(120000.00, 120000.00) 206 342 295 0(87024.00, 87024.00)
route 40, node_num 6, cost 406.476000, nodes: 0(120000.00, 120000.00) 540 808 357 458 0(90966.00, 90966.00)
route 41, node_num 6, cost 967.722000, nodes: 0(120000.00, 120000.00) 257 225 957 117 0(50877.00, 50877.00)
route 42, node_num 4, cost 441.980000, nodes: 0(120000.00, 120000.00) 654 314 0(88430.00, 88430.00)
route 43, node_num 7, cost 1509.942000, nodes: 0(120000.00, 120000.00) 226 652 264 372 771 0(12147.00, 12147.00)
route 44, node_num 7, cost 904.176000, nodes: 0(120000.00, 120000.00) 228 317 313 504 625 0(55416.00, 55416.00)
route 45, node_num 8, cost 1684.802000, nodes: 0(120000.00, 120000.00) 1072(109258.00, 109601.00) 574 134 408 690 214 0(0.00, 0.00)
route 46, node_num 7, cost 1631.728000, nodes: 0(120000.00, 120000.00) 1035(84119.00, 120000.00) 775 145 857 483 0(39329.00, 39329.00)
route 47, node_num 7, cost 1354.360000, nodes: 0(120000.00, 120000.00) 237 129 931 635 729 0(23260.00, 23260.00)
route 48, node_num 7, cost 1065.792000, nodes: 0(120000.00, 120000.00) 254 19 977 382 171 0(43872.00, 43872.00)
route 49, node_num 5, cost 432.740000, nodes: 0(120000.00, 120000.00) 249 124 800 0(89090.00, 89090.00)
route 50, node_num 6, cost 986.160000, nodes: 0(120000.00, 120000.00) 218 773 668 346 0(49560.00, 49560.00)
route 51, node_num 7, cost 1555.624000, nodes: 0(120000.00, 120000.00) 1026(87936.00, 87936.00) 944 979 177 608 0(8884.00, 8884.00)
route 52, node_num 7, cost 1190.336000, nodes: 0(120000.00, 120000.00) 910 262 952 422 188 0(34976.00, 34976.00)
route 53, node_num 4, cost 248.752000, nodes: 0(120000.00, 120000.00) 569 566 0(102232.00, 102232.00)
route 54, node_num 7, cost 1277.528000, nodes: 0(120000.00, 120000.00) 289 167 806 815 507 0(28748.00, 28748.00)
route 55, node_num 7, cost 1243.032000, nodes: 0(120000.00, 120000.00) 998 393 242 991 965 0(31212.00, 31212.00)
route 56, node_num 8, cost 1736.392000, nodes: 0(120000.00, 120000.00) 300 260 594 543 919 1098(29429.00, 33457.00) 0(0.00, 0.00)
route 57, node_num 8, cost 1447.880000, nodes: 0(120000.00, 120000.00) 749 907 231 28 283 1119(41330.00, 41330.00) 0(16580.00, 16580.00)
route 58, node_num 7, cost 1489.208000, nodes: 0(120000.00, 120000.00) 404 941 511 380 853 0(13628.00, 13628.00)
route 59, node_num 7, cost 1639.456000, nodes: 0(120000.00, 120000.00) 883 160 76 717 1019(27646.00, 27646.00) 0(2896.00, 2896.00)
route 60, node_num 5, cost 329.868000, nodes: 0(120000.00, 120000.00) 343 241 451 0(96438.00, 96438.00)
route 61, node_num 6, cost 838.138000, nodes: 0(120000.00, 120000.00) 997 282 925 255 0(60133.00, 60133.00)
route 62, node_num 5, cost 257.138000, nodes: 0(120000.00, 120000.00) 311 738 398 0(101633.00, 101633.00)
route 63, node_num 6, cost 1157.604000, nodes: 0(120000.00, 120000.00) 766 263 669 63 0(37314.00, 37314.00)
route 64, node_num 3, cost 213.878000, nodes: 0(120000.00, 120000.00) 684 0(104723.00, 104723.00)
route 65, node_num 7, cost 1486.506000, nodes: 0(120000.00, 120000.00) 913 782 90 600 903 0(13821.00, 13821.00)
route 66, node_num 8, cost 1628.158000, nodes: 0(120000.00, 120000.00) 1033(110242.00, 120000.00) 339 894 924 383 909 0(13461.00, 13461.00)
route 67, node_num 7, cost 1410.024000, nodes: 0(120000.00, 120000.00) 340 801 871 72 711 0(19284.00, 19284.00)
route 68, node_num 7, cost 1961.848000, nodes: 0(120000.00, 120000.00) 41 378 954 922 1126(11991.00, 32123.00) 0(0.00, 0.00)
route 69, node_num 8, cost 1854.818000, nodes: 0(120000.00, 120000.00) 429 765 460 723 236 1014(32263.00, 44750.00) 0(0.00, 0.00)
route 70, node_num 7, cost 1637.048000, nodes: 0(120000.00, 120000.00) 348 956 900 1161(63342.00, 63342.00) 369 0(3068.00, 3068.00)
route 71, node_num 8, cost 1036.742000, nodes: 0(120000.00, 120000.00) 353 335 144 479 802 1160(68666.00, 68666.00) 0(45947.00, 45947.00)
route 72, node_num 7, cost 1691.998000, nodes: 0(120000.00, 120000.00) 1073(97835.00, 98692.00) 368 223 940 250 0(0.00, 0.00)
route 73, node_num 6, cost 724.402000, nodes: 0(120000.00, 120000.00) 888 375 187 324 0(68257.00, 68257.00)
route 74, node_num 4, cost 290.206000, nodes: 0(120000.00, 120000.00) 751 737 0(99271.00, 99271.00)
route 75, node_num 6, cost 1073.828000, nodes: 0(120000.00, 120000.00) 914 385 2 558 0(43298.00, 43298.00)
route 76, node_num 5, cost 1604.232000, nodes: 0(120000.00, 120000.00) 494 860 607 0(5412.00, 5412.00)
route 77, node_num 7, cost 1551.746000, nodes: 0(120000.00, 120000.00) 1183(90546.00, 90546.00) 643 743 395 197 0(9161.00, 9161.00)
route 78, node_num 7, cost 1018.640000, nodes: 0(120000.00, 120000.00) 621 371 50 406 985 0(47240.00, 47240.00)
route 79, node_num 3, cost 261.828000, nodes: 0(120000.00, 120000.00) 670 0(101298.00, 101298.00)
route 80, node_num 6, cost 614.698000, nodes: 0(120000.00, 120000.00) 247 403 384 858 0(76093.00, 76093.00)
route 81, node_num 5, cost 845.194000, nodes: 0(120000.00, 120000.00) 108 413 601 0(59629.00, 59629.00)
route 82, node_num 6, cost 1692.194000, nodes: 0(120000.00, 120000.00) 640 961 791 1052(37549.00, 38420.00) 0(0.00, 0.00)
route 83, node_num 7, cost 1057.084000, nodes: 0(120000.00, 120000.00) 419 481 602 457 649 0(44494.00, 44494.00)
route 84, node_num 8, cost 1569.526000, nodes: 0(120000.00, 120000.00) 420 781 78 829 55 1164(28074.00, 28074.00) 0(7891.00, 7891.00)
route 85, node_num 7, cost 716.100000, nodes: 0(120000.00, 120000.00) 423 650 993 726 290 0(68850.00, 68850.00)
route 86, node_num 7, cost 1630.202000, nodes: 0(120000.00, 120000.00) 501 452 73 77 1064(23740.00, 23740.00) 0(3557.00, 3557.00)
route 87, node_num 7, cost 1145.676000, nodes: 0(120000.00, 120000.00) 430 916 865 6 391 0(38166.00, 38166.00)
route 88, node_num 5, cost 1176.910000, nodes: 0(120000.00, 120000.00) 508 386 644 0(35935.00, 35935.00)
route 89, node_num 8, cost 1668.450000, nodes: 0(120000.00, 120000.00) 433 665 828 461 988 1190(36926.00, 36926.00) 0(825.00, 825.00)
route 90, node_num 8, cost 590.142000, nodes: 0(120000.00, 120000.00) 475 568 341 175 864 42 0(77847.00, 77847.00)
route 91, node_num 7, cost 762.930000, nodes: 0(120000.00, 120000.00) 902 777 178 196 491 0(65505.00, 65505.00)
route 92, node_num 7, cost 1213.744000, nodes: 0(120000.00, 120000.00) 532 567 638 269 778 0(33304.00, 33304.00)
route 93, node_num 3, cost 56.476000, nodes: 0(120000.00, 120000.00) 138 0(115966.00, 115966.00)
route 94, node_num 8, cost 1426.474000, nodes: 0(120000.00, 120000.00) 1133(110242.00, 120000.00) 559 598 15 432 278 0(27867.00, 27867.00)
route 95, node_num 7, cost 1130.696000, nodes: 0(120000.00, 120000.00) 31 105 62 609 949 0(39236.00, 39236.00)
route 96, node_num 8, cost 1785.280000, nodes: 0(120000.00, 120000.00) 1126(87936.00, 95456.00) 678 859 803 525 915 0(0.00, 0.00)
route 97, node_num 6, cost 1376.018000, nodes: 0(120000.00, 120000.00) 660 846 60 363 0(21713.00, 21713.00)
route 98, node_num 7, cost 1485.470000, nodes: 0(120000.00, 120000.00) 561 480 606 758 293 0(13895.00, 13895.00)
route 99, node_num 8, cost 1511.048000, nodes: 0(120000.00, 120000.00) 1121(99220.00, 99220.00) 487 615 844 259 722 0(12068.00, 12068.00)
route 100, node_num 6, cost 1111.796000, nodes: 0(120000.00, 120000.00) 493 695 851 74 0(40586.00, 40586.00)
route 101, node_num 5, cost 996.576000, nodes: 0(120000.00, 120000.00) 471 763 253 0(48816.00, 48816.00)
route 102, node_num 8, cost 1640.212000, nodes: 0(120000.00, 120000.00) 577 155 736 980 710 1072(11550.00, 11550.00) 0(2842.00, 2842.00)
route 103, node_num 9, cost 1722.812000, nodes: 0(120000.00, 120000.00) 882 591 936 692 215 753 1063(51411.00, 54469.00) 0(0.00, 0.00)
route 104, node_num 8, cost 1790.110000, nodes: 0(120000.00, 120000.00) 837 875 118 43 92 1090(28236.00, 36101.00) 0(0.00, 0.00)
route 105, node_num 8, cost 1821.708000, nodes: 0(120000.00, 120000.00) 502 176 590 45 955 1166(34833.00, 44955.00) 0(0.00, 0.00)
route 106, node_num 3, cost 183.064000, nodes: 0(120000.00, 120000.00) 689 0(106924.00, 106924.00)
route 107, node_num 3, cost 125.006000, nodes: 0(120000.00, 120000.00) 315 0(111071.00, 111071.00)
route 108, node_num 8, cost 1007.482000, nodes: 0(120000.00, 120000.00) 587 518 981 39 728 271 0(48037.00, 48037.00)
route 109, node_num 3, cost 155.834000, nodes: 0(120000.00, 120000.00) 675 0(108869.00, 108869.00)
route 110, node_num 6, cost 1306.242000, nodes: 0(120000.00, 120000.00) 456 273 868 35 0(26697.00, 26697.00)
route 111, node_num 6, cost 1596.910000, nodes: 0(120000.00, 120000.00) 535 752 476 776 0(5935.00, 5935.00)
route 112, node_num 5, cost 384.314000, nodes: 0(120000.00, 120000.00) 831 14 611 0(92549.00, 92549.00)
route 113, node_num 7, cost 803.432000, nodes: 0(120000.00, 120000.00) 762 326 648 119 130 0(62612.00, 62612.00)
route 114, node_num 8, cost 1750.182000, nodes: 0(120000.00, 120000.00) 180 714 735 962 463 1152(33407.00, 38420.00) 0(0.00, 0.00)
route 115, node_num 3, cost 326.648000, nodes: 0(120000.00, 120000.00) 798 0(96668.00, 96668.00)
route 116, node_num 8, cost 1567.426000, nodes: 0(120000.00, 120000.00) 396 720 533 524 377 584 0(8041.00, 8041.00)
route 117, node_num 7, cost 1830.654000, nodes: 0(120000.00, 120000.00) 556 99 427 1037(39961.00, 50722.00) 200 0(0.00, 0.00)
route 118, node_num 8, cost 1907.850000, nodes: 0(120000.00, 120000.00) 142 557 632 244 794 1192(30024.00, 46299.00) 0(0.00, 0.00)
route 119, node_num 7, cost 1058.890000, nodes: 0(120000.00, 120000.00) 934 688 299 410 679 0(44365.00, 44365.00)
route 120, node_num 7, cost 1454.992000, nodes: 0(120000.00, 120000.00) 565 687 96 847 1019(40822.00, 40822.00) 0(16072.00, 16072.00)
route 121, node_num 6, cost 1032.346000, nodes: 0(120000.00, 120000.00) 579 885 823 443 0(46261.00, 46261.00)
route 122, node_num 7, cost 1397.732000, nodes: 0(120000.00, 120000.00) 959 321 49 438 173 0(20162.00, 20162.00)
route 123, node_num 8, cost 1640.352000, nodes: 0(120000.00, 120000.00) 186 790 546 5 13 1078(47098.00, 47098.00) 0(2832.00, 2832.00)
route 124, node_num 6, cost 645.834000, nodes: 0(120000.00, 120000.00) 881 174 641 46 0(73869.00, 73869.00)
route 125, node_num 5, cost 413.224000, nodes: 0(120000.00, 120000.00) 212 23 381 0(90484.00, 90484.00)
route 126, node_num 3, cost 147.000000, nodes: 0(120000.00, 120000.00) 906 0(109500.00, 109500.00)
route 127, node_num 6, cost 1514.604000, nodes: 0(120000.00, 120000.00) 599 780 101 248 0(11814.00, 11814.00)
route 128, node_num 7, cost 1644.818000, nodes: 0(120000.00, 120000.00) 603 680 466 693 1172(11221.00, 11221.00) 0(2513.00, 2513.00)
route 129, node_num 7, cost 968.520000, nodes: 0(120000.00, 120000.00) 604 699 701 999 473 0(50820.00, 50820.00)
route 130, node_num 4, cost 466.088000, nodes: 0(120000.00, 120000.00) 624 694 0(86708.00, 86708.00)
route 131, node_num 6, cost 1327.984000, nodes: 0(120000.00, 120000.00) 921 610 845 274 0(25144.00, 25144.00)
route 132, node_num 9, cost 1632.932000, nodes: 0(120000.00, 120000.00) 617 520 727 978 519 356 1105(57266.00, 57266.00) 0(3362.00, 3362.00)
route 133, node_num 6, cost 1284.794000, nodes: 0(120000.00, 120000.00) 548 951 836 421 0(28229.00, 28229.00)
route 134, node_num 7, cost 1046.262000, nodes: 0(120000.00, 120000.00) 834 825 4 503 71 0(45267.00, 45267.00)
route 135, node_num 6, cost 994.014000, nodes: 0(120000.00, 120000.00) 465 146 646 972 0(48999.00, 48999.00)
route 136, node_num 7, cost 1430.786000, nodes: 0(120000.00, 120000.00) 618 627 245 920 220 0(17801.00, 17801.00)
route 137, node_num 8, cost 900.984000, nodes: 0(120000.00, 120000.00) 469 634 538 656 70 221 0(55644.00, 55644.00)
route 138, node_num 8, cost 1679.118000, nodes: 0(120000.00, 120000.00) 703 474 788 818 281 1143(16580.00, 16580.00) 0(63.00, 63.00)
route 139, node_num 6, cost 1348.256000, nodes: 0(120000.00, 120000.00) 637 626 193 170 0(23696.00, 23696.00)
route 140, node_num 7, cost 1184.316000, nodes: 0(120000.00, 120000.00) 301 112 34 901 830 0(35406.00, 35406.00)
route 141, node_num 5, cost 280.420000, nodes: 0(120000.00, 120000.00) 651 57 201 0(99970.00, 99970.00)
route 142, node_num 6, cost 1163.498000, nodes: 0(120000.00, 120000.00) 302 516 204 495 0(36893.00, 36893.00)
route 143, node_num 6, cost 1039.948000, nodes: 0(120000.00, 120000.00) 344 867 272 630 0(45718.00, 45718.00)
route 144, node_num 7, cost 812.378000, nodes: 0(120000.00, 120000.00) 797 64 53 37 405 0(61973.00, 61973.00)
route 145, node_num 7, cost 1577.072000, nodes: 0(120000.00, 120000.00) 1073(97835.00, 120000.00) 1 792 856 517 0(29517.00, 29517.00)
route 146, node_num 5, cost 1445.318000, nodes: 0(120000.00, 120000.00) 505 185 337 0(16763.00, 16763.00)
route 147, node_num 8, cost 1427.636000, nodes: 0(120000.00, 120000.00) 839 734 56 581 308 106 0(18026.00, 18026.00)
route 148, node_num 6, cost 697.228000, nodes: 0(120000.00, 120000.00) 664 136 595 374 0(70198.00, 70198.00)
route 149, node_num 4, cost 42.812000, nodes: 0(120000.00, 120000.00) 327 286 0(116942.00, 116942.00)
route 150, node_num 6, cost 1427.286000, nodes: 0(120000.00, 120000.00) 401 243 496 370 0(18051.00, 18051.00)
route 151, node_num 7, cost 1124.396000, nodes: 0(120000.00, 120000.00) 683 564 352 712 486 0(39686.00, 39686.00)
route 152, node_num 5, cost 1105.566000, nodes: 0(120000.00, 120000.00) 685 113 551 0(41031.00, 41031.00)
route 153, node_num 6, cost 1074.094000, nodes: 0(120000.00, 120000.00) 696 893 399 750 0(43279.00, 43279.00)
route 154, node_num 8, cost 1809.962000, nodes: 0(120000.00, 120000.00) 700 655 238 562 209 1005(44621.00, 53904.00) 0(0.00, 0.00)
route 155, node_num 7, cost 1012.368000, nodes: 0(120000.00, 120000.00) 450 213 416 169 809 0(47688.00, 47688.00)
route 156, node_num 7, cost 1480.416000, nodes: 0(120000.00, 120000.00) 705 132 774 151 265 0(14256.00, 14256.00)
route 157, node_num 3, cost 41.090000, nodes: 0(120000.00, 120000.00) 741 0(117065.00, 117065.00)
route 158, node_num 6, cost 1452.262000, nodes: 0(120000.00, 120000.00) 163 157 620 686 0(16267.00, 16267.00)
route 159, node_num 3, cost 140.070000, nodes: 0(120000.00, 120000.00) 462 0(109995.00, 109995.00)
route 160, node_num 6, cost 1413.972000, nodes: 0(120000.00, 120000.00) 716 890 935 1179(30829.00, 30829.00) 0(19002.00, 19002.00)
route 161, node_num 7, cost 1062.110000, nodes: 0(120000.00, 120000.00) 560 126 732 813 414 0(44135.00, 44135.00)
route 162, node_num 5, cost 826.952000, nodes: 0(120000.00, 120000.00) 719 982 586 0(60932.00, 60932.00)
route 163, node_num 3, cost 135.674000, nodes: 0(120000.00, 120000.00) 994 0(110309.00, 110309.00)
route 164, node_num 6, cost 1031.450000, nodes: 0(120000.00, 120000.00) 22 731 631 387 0(46325.00, 46325.00)
route 165, node_num 7, cost 1091.412000, nodes: 0(120000.00, 120000.00) 827 44 707 47 116 0(42042.00, 42042.00)
route 166, node_num 6, cost 1213.870000, nodes: 0(120000.00, 120000.00) 211 58 730 364 0(33295.00, 33295.00)
route 167, node_num 7, cost 1616.286000, nodes: 0(120000.00, 120000.00) 1029(89163.00, 120000.00) 958 425 182 252 0(35388.00, 35388.00)
route 168, node_num 6, cost 386.162000, nodes: 0(120000.00, 120000.00) 761 261 767 455 0(92417.00, 92417.00)
route 169, node_num 6, cost 481.740000, nodes: 0(120000.00, 120000.00) 970 216 268 360 0(85590.00, 85590.00)
route 170, node_num 5, cost 483.168000, nodes: 0(120000.00, 120000.00) 280 459 488 0(85488.00, 85488.00)
route 171, node_num 5, cost 350.882000, nodes: 0(120000.00, 120000.00) 109 135 878 0(94937.00, 94937.00)
route 172, node_num 7, cost 730.898000, nodes: 0(120000.00, 120000.00) 12 989 697 891 88 0(67793.00, 67793.00)
route 173, node_num 7, cost 1745.506000, nodes: 0(120000.00, 120000.00) 795 760 929 927 1170(50511.00, 55190.00) 0(0.00, 0.00)
route 174, node_num 8, cost 808.234000, nodes: 0(120000.00, 120000.00) 484 657 817 572 203 217 0(62269.00, 62269.00)
route 175, node_num 3, cost 178.920000, nodes: 0(120000.00, 120000.00) 347 0(107220.00, 107220.00)
route 176, node_num 8, cost 1281.196000, nodes: 0(120000.00, 120000.00) 804 367 320 534 397 448 0(28486.00, 28486.00)
route 177, node_num 6, cost 1357.510000, nodes: 0(120000.00, 120000.00) 877 698 879 358 0(23035.00, 23035.00)
route 178, node_num 6, cost 1331.218000, nodes: 0(120000.00, 120000.00) 811 69 239 892 0(24913.00, 24913.00)
route 179, node_num 5, cost 1203.314000, nodes: 0(120000.00, 120000.00) 103 366 345 0(34049.00, 34049.00)
route 180, node_num 3, cost 47.586000, nodes: 0(120000.00, 120000.00) 908 0(116601.00, 116601.00)
route 181, node_num 3, cost 130.032000, nodes: 0(120000.00, 120000.00) 467 0(110712.00, 110712.00)
route 182, node_num 8, cost 1471.288000, nodes: 0(120000.00, 120000.00) 1028(112837.00, 112837.00) 251 554 392 199 349 0(14908.00, 14908.00)
route 183, node_num 7, cost 1233.666000, nodes: 0(120000.00, 120000.00) 468 490 332 895 739 0(31881.00, 31881.00)
route 184, node_num 6, cost 1422.960000, nodes: 0(120000.00, 120000.00) 100 589 362 975 0(18360.00, 18360.00)
route 185, node_num 8, cost 765.758000, nodes: 0(120000.00, 120000.00) 838 61 512 724 354 297 0(65303.00, 65303.00)
route 186, node_num 3, cost 174.664000, nodes: 0(120000.00, 120000.00) 983 0(107524.00, 107524.00)
route 187, node_num 7, cost 999.026000, nodes: 0(120000.00, 120000.00) 306 521 18 740 661 0(48641.00, 48641.00)
route 188, node_num 7, cost 1602.874000, nodes: 0(120000.00, 120000.00) 1175(81210.00, 120000.00) 849 120 852 530 0(44299.00, 44299.00)
route 189, node_num 3, cost 174.888000, nodes: 0(120000.00, 120000.00) 189 0(107508.00, 107508.00)
route 190, node_num 8, cost 1636.138000, nodes: 0(120000.00, 120000.00) 855 514 873 671 840 1178(47399.00, 47399.00) 0(3133.00, 3133.00)
route 191, node_num 6, cost 1023.358000, nodes: 0(120000.00, 120000.00) 861 659 388 896 0(46903.00, 46903.00)
route 192, node_num 7, cost 1623.958000, nodes: 0(120000.00, 120000.00) 866 285 426 870 1183(33614.00, 33614.00) 0(4003.00, 4003.00)
route 193, node_num 3, cost 56.952000, nodes: 0(120000.00, 120000.00) 509 0(115932.00, 115932.00)
route 194, node_num 8, cost 1492.554000, nodes: 0(120000.00, 120000.00) 1132(86549.00, 106549.00) 513 66 492 647 810 0(33389.00, 33389.00)
route 195, node_num 7, cost 1246.728000, nodes: 0(120000.00, 120000.00) 880 971 436 219 523 0(30948.00, 30948.00)
route 196, node_num 7, cost 923.034000, nodes: 0(120000.00, 120000.00) 359 453 946 805 275 0(54069.00, 54069.00)
route 197, node_num 7, cost 1553.846000, nodes: 0(120000.00, 120000.00) 886 966 316 947 1031(45901.00, 45901.00) 0(9011.00, 9011.00)
route 198, node_num 6, cost 1339.870000, nodes: 0(120000.00, 120000.00) 30 172 75 94 0(24295.00, 24295.00)
route 199, node_num 7, cost 869.204000, nodes: 0(120000.00, 120000.00) 36 824 240 472 531 0(57914.00, 57914.00)
route 200, node_num 6, cost 1113.126000, nodes: 0(120000.00, 120000.00) 887 854 779 787 0(40491.00, 40491.00)
route 201, node_num 6, cost 549.906000, nodes: 0(120000.00, 120000.00) 140 747 667 757 0(80721.00, 80721.00)
route 202, node_num 7, cost 1290.884000, nodes: 0(120000.00, 120000.00) 389 898 89 485 9 0(27794.00, 27794.00)
route 203, node_num 7, cost 1191.526000, nodes: 0(120000.00, 120000.00) 11 899 409 754 482 0(34891.00, 34891.00)
route 204, node_num 3, cost 97.888000, nodes: 0(120000.00, 120000.00) 628 0(113008.00, 113008.00)
route 205, node_num 3, cost 45.108000, nodes: 0(120000.00, 120000.00) 948 0(116778.00, 116778.00)
route 206, node_num 6, cost 859.012000, nodes: 0(120000.00, 120000.00) 585 328 234 3 0(58642.00, 58642.00)
route 207, node_num 5, cost 398.062000, nodes: 0(120000.00, 120000.00) 733 123 336 0(91567.00, 91567.00)
route 208, node_num 3, cost 112.504000, nodes: 0(120000.00, 120000.00) 995 0(111964.00, 111964.00)
route 209, node_num 6, cost 801.094000, nodes: 0(120000.00, 120000.00) 545 926 131 361 0(62779.00, 62779.00)
route 210, node_num 7, cost 1551.298000, nodes: 0(120000.00, 120000.00) 708 622 478 454 1012(13720.00, 13720.00) 0(9193.00, 9193.00)
route 211, node_num 5, cost 1075.032000, nodes: 0(120000.00, 120000.00) 190 304 184 0(43212.00, 43212.00)
route 212, node_num 8, cost 1589.686000, nodes: 0(120000.00, 120000.00) 1125(97482.00, 97482.00) 542 950 84 904 279 0(6451.00, 6451.00)
route 213, node_num 8, cost 1262.548000, nodes: 0(120000.00, 120000.00) 549 319 232 786 843 40 0(29818.00, 29818.00)
route 214, node_num 6, cost 1183.210000, nodes: 0(120000.00, 120000.00) 676 953 165 522 0(35485.00, 35485.00)
route 215, node_num 8, cost 1428.868000, nodes: 0(120000.00, 120000.00) 464 208 872 612 48 1115(60026.00, 60026.00) 0(17938.00, 17938.00)
route 216, node_num 8, cost 1611.750000, nodes: 0(120000.00, 120000.00) 960 309 833 799 158 1113(14611.00, 14611.00) 0(4875.00, 4875.00)
route 217, node_num 8, cost 1612.856000, nodes: 0(120000.00, 120000.00) 963 582 704 905 826 1091(11837.00, 11837.00) 0(4796.00, 4796.00)
route 218, node_num 7, cost 1256.024000, nodes: 0(120000.00, 120000.00) 964 793 256 86 207 0(30284.00, 30284.00)
route 219, node_num 8, cost 1561.252000, nodes: 0(120000.00, 120000.00) 1032(86549.00, 86549.00) 969 51 437 67 477 0(8482.00, 8482.00)
route 220, node_num 7, cost 661.738000, nodes: 0(120000.00, 120000.00) 987 812 115 515 7 0(72733.00, 72733.00)
route 221, node_num 6, cost 330.162000, nodes: 0(120000.00, 120000.00) 338 973 639 133 0(96417.00, 96417.00)
route 222, node_num 4, cost 564.732000, nodes: 0(120000.00, 120000.00) 266 65 0(79662.00, 79662.00)
route 223, node_num 5, cost 835.870000, nodes: 0(120000.00, 120000.00) 884 164 933 0(60295.00, 60295.00)
route 224, node_num 9, cost 1829.996000, nodes: 0(120000.00, 120000.00) 1025(97482.00, 113482.00) 536 876 588 996 869 1146(58217.00, 58217.00) 0(5286.00, 5286.00)
route 225, node_num 5, cost 970.592000, nodes: 0(120000.00, 120000.00) 102 578 379 0(50672.00, 50672.00)
route 226, node_num 5, cost 1208.592000, nodes: 0(120000.00, 120000.00) 832 593 539 0(33672.00, 33672.00)
route 227, node_num 7, cost 1563.030000, nodes: 0(120000.00, 120000.00) 1030(107271.00, 107271.00) 614 350 325 435 0(8355.00, 8355.00)
route 228, node_num 7, cost 1818.558000, nodes: 0(120000.00, 120000.00) 499 125 198 725 1143(6620.00, 16517.00) 0(0.00, 0.00)
route 229, node_num 7, cost 1583.456000, nodes: 0(120000.00, 120000.00) 623 181 992 822 592 0(6896.00, 6896.00)
route 230, node_num 8, cost 1526.840000, nodes: 0(120000.00, 120000.00) 1004(114583.00, 114583.00) 415 318 673 331 986 0(10940.00, 10940.00)
route 231, node_num 7, cost 1609.454000, nodes: 0(120000.00, 120000.00) 1130(107271.00, 107271.00) 718 330 365 402 0(5039.00, 5039.00)
route 232, node_num 8, cost 1869.686000, nodes: 0(120000.00, 120000.00) 79 770 26 672 769 1043(2968.00, 16517.00) 0(0.00, 0.00)
route 233, node_num 8, cost 1471.680000, nodes: 0(120000.00, 120000.00) 1097(109074.00, 109074.00) 785 663 968 305 411 0(14880.00, 14880.00)
route 234, node_num 7, cost 1562.484000, nodes: 0(120000.00, 120000.00) 756 202 555 288 1060(31113.00, 31113.00) 0(8394.00, 8394.00)
route 235, node_num 7, cost 688.380000, nodes: 0(120000.00, 120000.00) 662 629 246 434 500 0(70830.00, 70830.00)
route 236, node_num 8, cost 1511.272000, nodes: 0(120000.00, 120000.00) 498 284 183 571 194 1092(58351.00, 58351.00) 0(12052.00, 12052.00)
route 237, node_num 8, cost 1653.582000, nodes: 0(120000.00, 120000.00) 424 553 917 440 322 1191(8928.00, 8928.00) 0(1887.00, 1887.00)
route 238, node_num 3, cost 112.210000, nodes: 0(120000.00, 120000.00) 277 0(111985.00, 111985.00)
route 239, node_num 7, cost 1157.730000, nodes: 0(120000.00, 120000.00) 547 580 772 447 10 0(37305.00, 37305.00)
route 240, node_num 8, cost 1504.720000, nodes: 0(120000.00, 120000.00) 1128(112837.00, 120000.00) 137 351 323 889 645 0(19683.00, 19683.00)
route 241, node_num 6, cost 1649.886000, nodes: 0(120000.00, 120000.00) 1129(89163.00, 89163.00) 967 418 150 0(2151.00, 2151.00)
route 242, node_num 9, cost 1484.546000, nodes: 0(120000.00, 120000.00) 1135(84119.00, 84119.00) 709 842 742 653 114 576 0(13961.00, 13961.00)
route 243, node_num 7, cost 1225.644000, nodes: 0(120000.00, 120000.00) 152 489 848 267 161 0(32454.00, 32454.00)
route 244, node_num 8, cost 1033.830000, nodes: 0(120000.00, 120000.00) 153 563 912 287 446 122 0(46155.00, 46155.00)
route 245, node_num 8, cost 1448.426000, nodes: 0(120000.00, 120000.00) 1104(114583.00, 120000.00) 583 497 746 400 666 0(21958.00, 21958.00)
route 246, node_num 8, cost 1943.172000, nodes: 0(120000.00, 120000.00) 1173(97835.00, 97835.00) 537 162 29 1046(41579.00, 60377.00) 258 0(0.00, 0.00)
vehicle (route) number: 247
Total cost: 349809.78
417918.94, 16259.44
426772.75, 16201.61
421216.69, 16236.68
389496.57, 16230.43
398428.03, 16243.58
393209.86, 16248.16
378856.81, 16239.40
385871.65, 16222.10
354063.73, 16204.64
349809.78, 16206.92
