Details of the solution:
route 0, node_num 7, cost 1417.780000, nodes: 0(120000.00, 120000.00) 6 91 325 48 59 0(18730.00, 18730.00)
route 1, node_num 7, cost 1648.976000, nodes: 0(120000.00, 120000.00) 7 132 143 5 236 0(2216.00, 2216.00)
route 2, node_num 7, cost 1591.030000, nodes: 0(120000.00, 120000.00) 8 383 208 54 592(28546.00, 28546.00) 0(6355.00, 6355.00)
route 3, node_num 7, cost 1512.924000, nodes: 0(120000.00, 120000.00) 16 85 134 47 576(42067.00, 42067.00) 0(11934.00, 11934.00)
route 4, node_num 8, cost 1290.254000, nodes: 0(120000.00, 120000.00) 24 340 302 349 226 256 0(27839.00, 27839.00)
route 5, node_num 7, cost 1034.138000, nodes: 0(120000.00, 120000.00) 38 394 87 71 317 0(46133.00, 46133.00)
route 6, node_num 6, cost 941.290000, nodes: 0(120000.00, 120000.00) 44 27 272 379 0(52765.00, 52765.00)
route 7, node_num 6, cost 1211.098000, nodes: 0(120000.00, 120000.00) 52 252 112 191 0(33493.00, 33493.00)
route 8, node_num 5, cost 808.206000, nodes: 0(120000.00, 120000.00) 55 353 65 0(62271.00, 62271.00)
route 9, node_num 7, cost 421.848000, nodes: 0(120000.00, 120000.00) 57 398 201 216 12 0(89868.00, 89868.00)
route 10, node_num 8, cost 1280.818000, nodes: 0(120000.00, 120000.00) 64 137 283 370 159 574(57084.00, 57084.00) 0(28513.00, 28513.00)
route 11, node_num 6, cost 1260.658000, nodes: 0(120000.00, 120000.00) 68 40 103 312 0(29953.00, 29953.00)
route 12, node_num 8, cost 1619.338000, nodes: 0(120000.00, 120000.00) 90 235 242 172 269 515(35874.00, 35874.00) 0(4333.00, 4333.00)
route 13, node_num 6, cost 1338.750000, nodes: 0(120000.00, 120000.00) 94 318 260 170 0(24375.00, 24375.00)
route 14, node_num 6, cost 1388.058000, nodes: 0(120000.00, 120000.00) 100 238 148 75 0(20853.00, 20853.00)
route 15, node_num 7, cost 1647.520000, nodes: 0(120000.00, 120000.00) 101 330 41 118 365 0(2320.00, 2320.00)
route 16, node_num 8, cost 1031.646000, nodes: 0(120000.00, 120000.00) 102 31 304 397 399 278 0(46311.00, 46311.00)
route 17, node_num 6, cost 479.486000, nodes: 0(120000.00, 120000.00) 109 310 70 381 0(85751.00, 85751.00)
route 18, node_num 5, cost 608.622000, nodes: 0(120000.00, 120000.00) 119 130 140 0(76527.00, 76527.00)
route 19, node_num 7, cost 1096.872000, nodes: 0(120000.00, 120000.00) 123 321 243 60 390 0(41652.00, 41652.00)
route 20, node_num 3, cost 168.826000, nodes: 0(120000.00, 120000.00) 124 0(107941.00, 107941.00)
route 21, node_num 7, cost 1507.786000, nodes: 0(120000.00, 120000.00) 126 233 99 366 564(31635.00, 31635.00) 0(12301.00, 12301.00)
route 22, node_num 7, cost 1161.776000, nodes: 0(120000.00, 120000.00) 131 386 69 62 105 0(37016.00, 37016.00)
route 23, node_num 8, cost 1361.122000, nodes: 0(120000.00, 120000.00) 133 168 199 104 556(46444.00, 46444.00) 205 0(22777.00, 22777.00)
route 24, node_num 7, cost 1431.374000, nodes: 0(120000.00, 120000.00) 135 400 49 264 182 0(17759.00, 17759.00)
route 25, node_num 6, cost 1177.778000, nodes: 0(120000.00, 120000.00) 136 1 308 106 0(35873.00, 35873.00)
route 26, node_num 7, cost 1119.314000, nodes: 0(120000.00, 120000.00) 146 298 22 225 253 0(40049.00, 40049.00)
route 27, node_num 7, cost 882.350000, nodes: 0(120000.00, 120000.00) 147 351 17 117 111 0(56975.00, 56975.00)
route 28, node_num 6, cost 1479.786000, nodes: 0(120000.00, 120000.00) 154 352 11 157 0(14301.00, 14301.00)
route 29, node_num 8, cost 1913.422000, nodes: 0(120000.00, 120000.00) 158 92 292 209 83 467(4740.00, 21413.00) 0(0.00, 0.00)
route 30, node_num 7, cost 1131.620000, nodes: 0(120000.00, 120000.00) 161 331 273 129 113 0(39170.00, 39170.00)
route 31, node_num 6, cost 1202.754000, nodes: 0(120000.00, 120000.00) 166 220 376 122 0(34089.00, 34089.00)
route 32, node_num 7, cost 1758.064000, nodes: 0(120000.00, 120000.00) 171 350 392 28 595(8654.00, 14230.00) 0(0.00, 0.00)
route 33, node_num 8, cost 972.230000, nodes: 0(120000.00, 120000.00) 174 173 121 72 212 14 0(50555.00, 50555.00)
route 34, node_num 8, cost 1169.924000, nodes: 0(120000.00, 120000.00) 175 56 258 262 363 207 0(36434.00, 36434.00)
route 35, node_num 8, cost 1027.530000, nodes: 0(120000.00, 120000.00) 178 86 169 110 115 42 0(46605.00, 46605.00)
route 36, node_num 6, cost 1068.438000, nodes: 0(120000.00, 120000.00) 195 239 389 97 0(43683.00, 43683.00)
route 37, node_num 7, cost 1567.860000, nodes: 0(120000.00, 120000.00) 204 305 323 20 53 0(8010.00, 8010.00)
route 38, node_num 7, cost 1167.628000, nodes: 0(120000.00, 120000.00) 213 188 63 271 227 0(36598.00, 36598.00)
route 39, node_num 6, cost 1519.280000, nodes: 0(120000.00, 120000.00) 214 348 369 107 0(11480.00, 11480.00)
route 40, node_num 5, cost 837.214000, nodes: 0(120000.00, 120000.00) 217 196 203 0(60199.00, 60199.00)
route 41, node_num 5, cost 708.148000, nodes: 0(120000.00, 120000.00) 218 3 9 0(69418.00, 69418.00)
route 42, node_num 8, cost 1369.424000, nodes: 0(120000.00, 120000.00) 222 96 120 151 34 403(31299.00, 31299.00) 0(22184.00, 22184.00)
route 43, node_num 6, cost 856.562000, nodes: 0(120000.00, 120000.00) 228 391 25 301 0(58817.00, 58817.00)
route 44, node_num 6, cost 1276.898000, nodes: 0(120000.00, 120000.00) 231 179 211 263 0(28793.00, 28793.00)
route 45, node_num 6, cost 505.274000, nodes: 0(120000.00, 120000.00) 249 343 241 306 0(83909.00, 83909.00)
route 46, node_num 7, cost 969.542000, nodes: 0(120000.00, 120000.00) 255 388 184 74 98 0(50747.00, 50747.00)
route 47, node_num 6, cost 1132.096000, nodes: 0(120000.00, 120000.00) 257 372 165 346 0(39136.00, 39136.00)
route 48, node_num 6, cost 1418.788000, nodes: 0(120000.00, 120000.00) 259 339 251 95 0(18658.00, 18658.00)
route 49, node_num 8, cost 735.000000, nodes: 0(120000.00, 120000.00) 261 290 19 240 36 138 0(67500.00, 67500.00)
route 50, node_num 5, cost 1034.138000, nodes: 0(120000.00, 120000.00) 267 144 336 0(46133.00, 46133.00)
route 51, node_num 7, cost 873.530000, nodes: 0(120000.00, 120000.00) 268 266 313 380 234 0(57605.00, 57605.00)
route 52, node_num 8, cost 702.968000, nodes: 0(120000.00, 120000.00) 280 46 88 375 37 187 0(69788.00, 69788.00)
route 53, node_num 6, cost 1426.488000, nodes: 0(120000.00, 120000.00) 284 377 163 114 0(18108.00, 18108.00)
route 54, node_num 6, cost 853.692000, nodes: 0(120000.00, 120000.00) 288 335 108 360 0(59022.00, 59022.00)
route 55, node_num 6, cost 1406.202000, nodes: 0(120000.00, 120000.00) 289 293 167 358 0(19557.00, 19557.00)
route 56, node_num 6, cost 1532.524000, nodes: 0(120000.00, 120000.00) 294 224 219 307 0(10534.00, 10534.00)
route 57, node_num 5, cost 381.920000, nodes: 0(120000.00, 120000.00) 295 314 189 0(92720.00, 92720.00)
route 58, node_num 7, cost 709.506000, nodes: 0(120000.00, 120000.00) 296 142 311 327 286 0(69321.00, 69321.00)
route 59, node_num 5, cost 1245.720000, nodes: 0(120000.00, 120000.00) 303 89 76 0(31020.00, 31020.00)
route 60, node_num 7, cost 1503.936000, nodes: 0(120000.00, 120000.00) 322 78 309 244 503(21691.00, 21691.00) 0(12576.00, 12576.00)
route 61, node_num 6, cost 701.036000, nodes: 0(120000.00, 120000.00) 326 297 354 61 0(69926.00, 69926.00)
route 62, node_num 5, cost 929.446000, nodes: 0(120000.00, 120000.00) 328 4 81 0(53611.00, 53611.00)
route 63, node_num 6, cost 1291.458000, nodes: 0(120000.00, 120000.00) 332 250 150 274 0(27753.00, 27753.00)
route 64, node_num 6, cost 865.480000, nodes: 0(120000.00, 120000.00) 333 210 387 359 0(58180.00, 58180.00)
route 65, node_num 6, cost 450.240000, nodes: 0(120000.00, 120000.00) 338 221 206 342 0(87840.00, 87840.00)
route 66, node_num 6, cost 1044.064000, nodes: 0(120000.00, 120000.00) 341 246 39 364 0(45424.00, 45424.00)
route 67, node_num 7, cost 522.312000, nodes: 0(120000.00, 120000.00) 347 247 82 384 300 0(82692.00, 82692.00)
route 68, node_num 7, cost 619.878000, nodes: 0(120000.00, 120000.00) 357 23 270 156 324 0(75723.00, 75723.00)
route 69, node_num 7, cost 1317.246000, nodes: 0(120000.00, 120000.00) 362 193 315 248 30 0(25911.00, 25911.00)
route 70, node_num 7, cost 986.272000, nodes: 0(120000.00, 120000.00) 367 190 345 237 320 0(49552.00, 49552.00)
route 71, node_num 8, cost 1860.810000, nodes: 0(120000.00, 120000.00) 368 33 181 176 45 456(10463.00, 23378.00) 0(0.00, 0.00)
route 72, node_num 8, cost 1093.974000, nodes: 0(120000.00, 120000.00) 382 282 18 254 275 464(61193.00, 61193.00) 0(41859.00, 41859.00)
route 73, node_num 8, cost 1503.726000, nodes: 0(120000.00, 120000.00) 393 177 43 155 73 428(45595.00, 45595.00) 0(12591.00, 12591.00)
route 74, node_num 6, cost 943.278000, nodes: 0(120000.00, 120000.00) 417(97837.00, 120000.00) 344 116 374 0(74786.00, 74786.00)
route 75, node_num 8, cost 1559.656000, nodes: 0(120000.00, 120000.00) 419(75699.00, 75699.00) 356 145 200 10 528(41600.00, 41600.00) 0(8596.00, 8596.00)
route 76, node_num 9, cost 1636.796000, nodes: 0(120000.00, 120000.00) 421(81946.00, 113946.00) 230 67 194 51 66 523(39600.00, 39600.00) 0(35086.00, 35086.00)
route 77, node_num 7, cost 1645.938000, nodes: 0(120000.00, 120000.00) 424(78004.00, 78004.00) 198 13 276 265 0(2433.00, 2433.00)
route 78, node_num 7, cost 568.806000, nodes: 0(120000.00, 120000.00) 426(109219.00, 120000.00) 21 93 153 277 0(90152.00, 90152.00)
route 79, node_num 9, cost 1907.528000, nodes: 0(120000.00, 120000.00) 430(107152.00, 107152.00) 355 329 125 291 378 415(15289.00, 31541.00) 0(0.00, 0.00)
route 80, node_num 7, cost 895.804000, nodes: 0(120000.00, 120000.00) 445(99812.00, 99812.00) 139 2 299 35 0(56014.00, 56014.00)
route 81, node_num 9, cost 1246.028000, nodes: 0(120000.00, 120000.00) 450(76684.00, 76684.00) 183 232 287 396 152 461(35484.00, 35484.00) 0(30998.00, 30998.00)
route 82, node_num 8, cost 1845.018000, nodes: 0(120000.00, 120000.00) 477(102343.00, 102343.00) 149 452(60522.00, 72309.00) 316 79 192 0(0.00, 0.00)
route 83, node_num 7, cost 1293.390000, nodes: 0(120000.00, 120000.00) 492(100649.00, 120000.00) 84 337 127 361 0(46966.00, 46966.00)
route 84, node_num 9, cost 1388.324000, nodes: 0(120000.00, 120000.00) 507(76524.00, 76524.00) 141 334 319 371 50 561(25320.00, 25320.00) 0(20834.00, 20834.00)
route 85, node_num 7, cost 1495.634000, nodes: 0(120000.00, 120000.00) 517(97837.00, 120000.00) 160 373 279 385 0(35332.00, 35332.00)
route 86, node_num 6, cost 1359.456000, nodes: 0(120000.00, 120000.00) 521(81946.00, 120000.00) 245 180 164 0(60950.00, 60950.00)
route 87, node_num 6, cost 1611.246000, nodes: 0(120000.00, 120000.00) 524(78004.00, 78004.00) 229 15 58 0(4911.00, 4911.00)
route 88, node_num 9, cost 1935.850000, nodes: 0(120000.00, 120000.00) 530(107152.00, 107152.00) 186 223 29 215 32 438(22244.00, 40519.00) 0(0.00, 0.00)
route 89, node_num 9, cost 1834.140000, nodes: 0(120000.00, 120000.00) 545(99812.00, 99812.00) 26 162 128 281 411(36488.00, 36488.00) 495(3220.00, 14230.00) 0(0.00, 0.00)
route 90, node_num 6, cost 1411.046000, nodes: 0(120000.00, 120000.00) 567(101080.00, 120000.00) 395 197 185 0(38131.00, 38131.00)
route 91, node_num 8, cost 1580.558000, nodes: 0(120000.00, 120000.00) 577(102343.00, 114343.00) 80 285 202 77 423(23617.00, 23617.00) 0(19103.00, 19103.00)
vehicle (route) number: 92
Total cost: 136842.18
138740.49, 5407.17
137699.50, 5400.17
140141.04, 5400.42
136842.18, 5403.01
143179.01, 5409.73
138534.87, 5401.13
137949.32, 5405.91
139100.18, 5402.15
139520.93, 5406.13
138362.99, 5578.64
