Details of the solution:
route 0, node_num 7, cost 1576.176000, nodes: 0(120000.00, 120000.00) 10 493 387 439 60 0(7416.00, 7416.00)
route 1, node_num 8, cost 1668.604000, nodes: 0(120000.00, 120000.00) 14 159 436 144 560 775(18339.00, 18339.00) 0(814.00, 814.00)
route 2, node_num 7, cost 1454.054000, nodes: 0(120000.00, 120000.00) 45 441 440 499 202 0(16139.00, 16139.00)
route 3, node_num 5, cost 494.032000, nodes: 0(120000.00, 120000.00) 46 40 559 0(84712.00, 84712.00)
route 4, node_num 7, cost 1277.836000, nodes: 0(120000.00, 120000.00) 51 63 92 456 338 0(28726.00, 28726.00)
route 5, node_num 8, cost 904.232000, nodes: 0(120000.00, 120000.00) 57 588 574 459 106 428 0(55412.00, 55412.00)
route 6, node_num 7, cost 1092.644000, nodes: 0(120000.00, 120000.00) 70 162 68 20 494 0(41954.00, 41954.00)
route 7, node_num 7, cost 921.424000, nodes: 0(120000.00, 120000.00) 75 41 196 119 448 0(54184.00, 54184.00)
route 8, node_num 7, cost 577.500000, nodes: 0(120000.00, 120000.00) 76 566 427 488 336 0(78750.00, 78750.00)
route 9, node_num 6, cost 1104.656000, nodes: 0(120000.00, 120000.00) 77 407 445 248 0(41096.00, 41096.00)
route 10, node_num 7, cost 1544.186000, nodes: 0(120000.00, 120000.00) 79 117 358 505 423 0(9701.00, 9701.00)
route 11, node_num 7, cost 948.598000, nodes: 0(120000.00, 120000.00) 81 531 33 553 329 0(52243.00, 52243.00)
route 12, node_num 7, cost 710.178000, nodes: 0(120000.00, 120000.00) 83 546 254 458 544 0(69273.00, 69273.00)
route 13, node_num 7, cost 805.728000, nodes: 0(120000.00, 120000.00) 89 434 447 317 195 0(62448.00, 62448.00)
route 14, node_num 7, cost 1368.892000, nodes: 0(120000.00, 120000.00) 98 515 42 295 371 0(22222.00, 22222.00)
route 15, node_num 6, cost 1378.622000, nodes: 0(120000.00, 120000.00) 108 530 476 114 0(21527.00, 21527.00)
route 16, node_num 7, cost 657.874000, nodes: 0(120000.00, 120000.00) 132 314 557 415 331 0(73009.00, 73009.00)
route 17, node_num 9, cost 1481.200000, nodes: 0(120000.00, 120000.00) 135 365 19 73 564 177 796(39685.00, 39685.00) 0(14200.00, 14200.00)
route 18, node_num 7, cost 1168.636000, nodes: 0(120000.00, 120000.00) 138 384 301 343 215 0(36526.00, 36526.00)
route 19, node_num 8, cost 1678.502000, nodes: 0(120000.00, 120000.00) 142 392 583 354 569 696(25592.00, 25592.00) 0(107.00, 107.00)
route 20, node_num 5, cost 691.908000, nodes: 0(120000.00, 120000.00) 146 182 449 0(70578.00, 70578.00)
route 21, node_num 8, cost 1269.842000, nodes: 0(120000.00, 120000.00) 150 278 581 332 228 469 0(29297.00, 29297.00)
route 22, node_num 6, cost 1334.340000, nodes: 0(120000.00, 120000.00) 153 307 48 534 0(24690.00, 24690.00)
route 23, node_num 6, cost 938.896000, nodes: 0(120000.00, 120000.00) 157 170 17 454 0(52936.00, 52936.00)
route 24, node_num 6, cost 532.504000, nodes: 0(120000.00, 120000.00) 158 532 220 403 0(81964.00, 81964.00)
route 25, node_num 7, cost 1580.656000, nodes: 0(120000.00, 120000.00) 166 58 339 495 452 0(7096.00, 7096.00)
route 26, node_num 5, cost 493.696000, nodes: 0(120000.00, 120000.00) 167 418 464 0(84736.00, 84736.00)
route 27, node_num 6, cost 805.812000, nodes: 0(120000.00, 120000.00) 173 90 69 382 0(62442.00, 62442.00)
route 28, node_num 6, cost 1526.378000, nodes: 0(120000.00, 120000.00) 185 104 61 308 0(10973.00, 10973.00)
route 29, node_num 7, cost 1495.606000, nodes: 0(120000.00, 120000.00) 187 9 151 28 517 0(13171.00, 13171.00)
route 30, node_num 8, cost 1464.638000, nodes: 0(120000.00, 120000.00) 189 8 82 126 477 205 0(15383.00, 15383.00)
route 31, node_num 7, cost 923.678000, nodes: 0(120000.00, 120000.00) 190 416 148 299 122 0(54023.00, 54023.00)
route 32, node_num 7, cost 1559.810000, nodes: 0(120000.00, 120000.00) 192 236 194 573 519 0(8585.00, 8585.00)
route 33, node_num 6, cost 719.530000, nodes: 0(120000.00, 120000.00) 201 71 258 426 0(68605.00, 68605.00)
route 34, node_num 7, cost 1274.000000, nodes: 0(120000.00, 120000.00) 210 127 506 16 234 0(29000.00, 29000.00)
route 35, node_num 7, cost 680.302000, nodes: 0(120000.00, 120000.00) 222 86 21 256 417 0(71407.00, 71407.00)
route 36, node_num 7, cost 1011.906000, nodes: 0(120000.00, 120000.00) 225 538 297 137 168 0(47721.00, 47721.00)
route 37, node_num 5, cost 491.848000, nodes: 0(120000.00, 120000.00) 229 94 11 0(84868.00, 84868.00)
route 38, node_num 6, cost 892.192000, nodes: 0(120000.00, 120000.00) 230 394 335 374 0(56272.00, 56272.00)
route 39, node_num 7, cost 1010.366000, nodes: 0(120000.00, 120000.00) 231 25 180 511 714(66067.00, 66067.00) 0(47831.00, 47831.00)
route 40, node_num 7, cost 1495.522000, nodes: 0(120000.00, 120000.00) 233 262 498 537 348 0(13177.00, 13177.00)
route 41, node_num 8, cost 700.714000, nodes: 0(120000.00, 120000.00) 235 389 120 62 425 164 0(69949.00, 69949.00)
route 42, node_num 6, cost 164.962000, nodes: 0(120000.00, 120000.00) 242 265 124 226 0(108217.00, 108217.00)
route 43, node_num 7, cost 1648.024000, nodes: 0(120000.00, 120000.00) 243 472 156 112 23 0(2284.00, 2284.00)
route 44, node_num 8, cost 1234.856000, nodes: 0(120000.00, 120000.00) 244 110 66 323 590 290 0(31796.00, 31796.00)
route 45, node_num 8, cost 892.178000, nodes: 0(120000.00, 120000.00) 250 513 342 216 232 80 0(56273.00, 56273.00)
route 46, node_num 7, cost 996.352000, nodes: 0(120000.00, 120000.00) 255 176 600 7 462 0(48832.00, 48832.00)
route 47, node_num 8, cost 1430.100000, nodes: 0(120000.00, 120000.00) 257 149 405 253 457 719(41564.00, 41564.00) 0(17850.00, 17850.00)
route 48, node_num 5, cost 992.432000, nodes: 0(120000.00, 120000.00) 259 84 577 0(49112.00, 49112.00)
route 49, node_num 9, cost 1708.700000, nodes: 0(120000.00, 120000.00) 261 128 679(59881.00, 61931.00) 99 414 598 72 0(0.00, 0.00)
route 50, node_num 7, cost 1265.908000, nodes: 0(120000.00, 120000.00) 277 300 266 334 370 0(29578.00, 29578.00)
route 51, node_num 9, cost 1562.470000, nodes: 0(120000.00, 120000.00) 285 251 377 319 595 398 647(49132.00, 49132.00) 0(8395.00, 8395.00)
route 52, node_num 5, cost 794.094000, nodes: 0(120000.00, 120000.00) 289 465 443 0(63279.00, 63279.00)
route 53, node_num 7, cost 1240.414000, nodes: 0(120000.00, 120000.00) 304 461 49 143 219 0(31399.00, 31399.00)
route 54, node_num 7, cost 1331.806000, nodes: 0(120000.00, 120000.00) 306 446 31 78 241 0(24871.00, 24871.00)
route 55, node_num 8, cost 1076.670000, nodes: 0(120000.00, 120000.00) 310 453 433 587 22 154 0(43095.00, 43095.00)
route 56, node_num 9, cost 907.704000, nodes: 0(120000.00, 120000.00) 311 400 541 101 324 491 50 0(55164.00, 55164.00)
route 57, node_num 7, cost 571.858000, nodes: 0(120000.00, 120000.00) 315 272 386 508 395 0(79153.00, 79153.00)
route 58, node_num 7, cost 526.106000, nodes: 0(120000.00, 120000.00) 321 34 136 470 589 0(82421.00, 82421.00)
route 59, node_num 8, cost 1047.368000, nodes: 0(120000.00, 120000.00) 326 163 221 206 576 288 0(45188.00, 45188.00)
route 60, node_num 8, cost 1138.928000, nodes: 0(120000.00, 120000.00) 327 175 450 227 437 54 0(38648.00, 38648.00)
route 61, node_num 5, cost 1093.036000, nodes: 0(120000.00, 120000.00) 330 174 572 0(41926.00, 41926.00)
route 62, node_num 8, cost 1604.820000, nodes: 0(120000.00, 120000.00) 346 316 29 207 509 640(27985.00, 27985.00) 0(5370.00, 5370.00)
route 63, node_num 8, cost 1815.478000, nodes: 0(120000.00, 120000.00) 351 1 141 85 660(42339.00, 52016.00) 413 0(0.00, 0.00)
route 64, node_num 8, cost 995.400000, nodes: 0(120000.00, 120000.00) 356 524 209 121 246 651(62379.00, 62379.00) 0(48900.00, 48900.00)
route 65, node_num 7, cost 1319.696000, nodes: 0(120000.00, 120000.00) 357 593 548 471 237 0(25736.00, 25736.00)
route 66, node_num 7, cost 1402.828000, nodes: 0(120000.00, 120000.00) 361 140 567 18 161 0(19798.00, 19798.00)
route 67, node_num 7, cost 1541.694000, nodes: 0(120000.00, 120000.00) 363 247 518 97 186 0(9879.00, 9879.00)
route 68, node_num 5, cost 1423.142000, nodes: 0(120000.00, 120000.00) 368 303 103 0(18347.00, 18347.00)
route 69, node_num 7, cost 581.000000, nodes: 0(120000.00, 120000.00) 373 270 249 556 111 0(78500.00, 78500.00)
route 70, node_num 9, cost 736.120000, nodes: 0(120000.00, 120000.00) 376 214 482 47 32 239 550 0(67420.00, 67420.00)
route 71, node_num 8, cost 1756.146000, nodes: 0(120000.00, 120000.00) 378 240 642(56861.00, 62300.00) 213 302 281 0(0.00, 0.00)
route 72, node_num 7, cost 1559.488000, nodes: 0(120000.00, 120000.00) 379 582 463 172 536 0(8608.00, 8608.00)
route 73, node_num 8, cost 1173.354000, nodes: 0(120000.00, 120000.00) 383 360 55 393 13 435 0(36189.00, 36189.00)
route 74, node_num 5, cost 705.180000, nodes: 0(120000.00, 120000.00) 388 563 490 0(69630.00, 69630.00)
route 75, node_num 7, cost 671.118000, nodes: 0(120000.00, 120000.00) 390 199 74 134 2 0(72063.00, 72063.00)
route 76, node_num 9, cost 827.288000, nodes: 0(120000.00, 120000.00) 391 283 286 178 198 579 352 0(60908.00, 60908.00)
route 77, node_num 9, cost 1772.904000, nodes: 0(120000.00, 120000.00) 408 466 455 6 107 125 625(17491.00, 24127.00) 0(0.00, 0.00)
route 78, node_num 7, cost 1153.544000, nodes: 0(120000.00, 120000.00) 409 483 105 24 294 0(37604.00, 37604.00)
route 79, node_num 7, cost 922.516000, nodes: 0(120000.00, 120000.00) 411 280 287 552 646(79384.00, 79384.00) 0(54106.00, 54106.00)
route 80, node_num 7, cost 798.210000, nodes: 0(120000.00, 120000.00) 412 366 35 276 118 0(62985.00, 62985.00)
route 81, node_num 7, cost 1103.494000, nodes: 0(120000.00, 120000.00) 430 273 15 523 193 0(41179.00, 41179.00)
route 82, node_num 6, cost 419.328000, nodes: 0(120000.00, 120000.00) 431 558 485 500 0(90048.00, 90048.00)
route 83, node_num 6, cost 1426.572000, nodes: 0(120000.00, 120000.00) 432 245 402 318 0(18102.00, 18102.00)
route 84, node_num 7, cost 1070.034000, nodes: 0(120000.00, 120000.00) 442 353 275 155 539 0(43569.00, 43569.00)
route 85, node_num 7, cost 775.264000, nodes: 0(120000.00, 120000.00) 460 401 578 36 510 0(64624.00, 64624.00)
route 86, node_num 7, cost 1408.568000, nodes: 0(120000.00, 120000.00) 468 521 543 367 527 0(19388.00, 19388.00)
route 87, node_num 8, cost 1191.568000, nodes: 0(120000.00, 120000.00) 475 565 56 585 274 419 0(34888.00, 34888.00)
route 88, node_num 6, cost 232.302000, nodes: 0(120000.00, 120000.00) 479 179 344 396 0(103407.00, 103407.00)
route 89, node_num 7, cost 876.820000, nodes: 0(120000.00, 120000.00) 480 208 184 217 169 0(57370.00, 57370.00)
route 90, node_num 5, cost 378.280000, nodes: 0(120000.00, 120000.00) 481 362 204 0(92980.00, 92980.00)
route 91, node_num 6, cost 462.476000, nodes: 0(120000.00, 120000.00) 484 355 325 584 0(86966.00, 86966.00)
route 92, node_num 6, cost 733.796000, nodes: 0(120000.00, 120000.00) 486 131 503 93 0(67586.00, 67586.00)
route 93, node_num 7, cost 1106.588000, nodes: 0(120000.00, 120000.00) 487 345 444 12 30 0(40958.00, 40958.00)
route 94, node_num 7, cost 686.896000, nodes: 0(120000.00, 120000.00) 489 320 291 223 474 0(70936.00, 70936.00)
route 95, node_num 6, cost 817.852000, nodes: 0(120000.00, 120000.00) 492 350 298 575 0(61582.00, 61582.00)
route 96, node_num 7, cost 1132.880000, nodes: 0(120000.00, 120000.00) 496 522 296 364 4 0(39080.00, 39080.00)
route 97, node_num 7, cost 753.802000, nodes: 0(120000.00, 120000.00) 497 305 139 133 369 0(66157.00, 66157.00)
route 98, node_num 8, cost 1067.626000, nodes: 0(120000.00, 120000.00) 501 191 27 218 65 340 0(43741.00, 43741.00)
route 99, node_num 8, cost 979.188000, nodes: 0(120000.00, 120000.00) 502 26 96 422 95 91 0(50058.00, 50058.00)
route 100, node_num 6, cost 1274.784000, nodes: 0(120000.00, 120000.00) 504 102 271 404 0(28944.00, 28944.00)
route 101, node_num 7, cost 966.322000, nodes: 0(120000.00, 120000.00) 512 328 38 545 268 0(50977.00, 50977.00)
route 102, node_num 5, cost 526.428000, nodes: 0(120000.00, 120000.00) 514 44 52 0(82398.00, 82398.00)
route 103, node_num 8, cost 1386.952000, nodes: 0(120000.00, 120000.00) 516 165 478 467 123 725(45059.00, 45059.00) 0(20932.00, 20932.00)
route 104, node_num 6, cost 316.484000, nodes: 0(120000.00, 120000.00) 525 279 372 333 0(97394.00, 97394.00)
route 105, node_num 6, cost 995.694000, nodes: 0(120000.00, 120000.00) 526 347 547 349 0(48879.00, 48879.00)
route 106, node_num 6, cost 904.372000, nodes: 0(120000.00, 120000.00) 528 406 451 341 0(55402.00, 55402.00)
route 107, node_num 6, cost 571.886000, nodes: 0(120000.00, 120000.00) 529 540 568 282 0(79151.00, 79151.00)
route 108, node_num 8, cost 1855.252000, nodes: 0(120000.00, 120000.00) 533 200 3 410 109 734(15797.00, 28315.00) 0(0.00, 0.00)
route 109, node_num 8, cost 1599.850000, nodes: 0(120000.00, 120000.00) 535 88 113 385 264 252 0(5725.00, 5725.00)
route 110, node_num 6, cost 779.828000, nodes: 0(120000.00, 120000.00) 542 551 39 147 0(64298.00, 64298.00)
route 111, node_num 8, cost 1430.394000, nodes: 0(120000.00, 120000.00) 549 309 421 424 67 203 0(17829.00, 17829.00)
route 112, node_num 4, cost 287.812000, nodes: 0(120000.00, 120000.00) 554 263 0(99442.00, 99442.00)
route 113, node_num 7, cost 642.054000, nodes: 0(120000.00, 120000.00) 555 397 312 211 37 0(74139.00, 74139.00)
route 114, node_num 6, cost 823.368000, nodes: 0(120000.00, 120000.00) 570 87 197 293 0(61188.00, 61188.00)
route 115, node_num 8, cost 1438.178000, nodes: 0(120000.00, 120000.00) 580 562 359 5 571 267 0(17273.00, 17273.00)
route 116, node_num 7, cost 1265.124000, nodes: 0(120000.00, 120000.00) 591 380 115 561 520 0(29634.00, 29634.00)
route 117, node_num 8, cost 1224.608000, nodes: 0(120000.00, 120000.00) 592 429 224 100 64 381 0(32528.00, 32528.00)
route 118, node_num 7, cost 1372.210000, nodes: 0(120000.00, 120000.00) 594 399 507 43 145 0(21985.00, 21985.00)
route 119, node_num 6, cost 1285.158000, nodes: 0(120000.00, 120000.00) 596 152 313 171 0(28203.00, 28203.00)
route 120, node_num 6, cost 813.218000, nodes: 0(120000.00, 120000.00) 599 160 284 238 0(61913.00, 61913.00)
route 121, node_num 6, cost 1750.336000, nodes: 0(120000.00, 120000.00) 612(72845.00, 77869.00) 586 183 116 0(0.00, 0.00)
route 122, node_num 8, cost 979.272000, nodes: 0(120000.00, 120000.00) 668(95394.00, 95394.00) 212 375 292 59 420 0(50052.00, 50052.00)
route 123, node_num 8, cost 1748.152000, nodes: 0(120000.00, 120000.00) 753(82481.00, 82481.00) 473 260 269 129 712(41420.00, 46288.00) 0(0.00, 0.00)
route 124, node_num 6, cost 1734.866000, nodes: 0(120000.00, 120000.00) 760(66386.00, 106386.00) 597 53 188 0(36081.00, 36081.00)
route 125, node_num 8, cost 925.442000, nodes: 0(120000.00, 120000.00) 768(95394.00, 95394.00) 322 438 337 130 181 0(53897.00, 53897.00)
vehicle (route) number: 126
Total cost: 173412.99
174380.28, 9027.10
177743.62, 9013.05
175109.86, 9007.67
173412.99, 9008.00
177361.56, 9011.84
174448.41, 9066.60
176662.76, 9846.40
175684.07, 9311.11
179872.84, 9388.67
177190.95, 9756.34
