Details of the solution:
route 0, node_num 6, cost 510.174000, nodes: 0(120000.00, 120000.00) 55 542 298 164 0(83559.00, 83559.00)
route 1, node_num 6, cost 890.414000, nodes: 0(120000.00, 120000.00) 17 284 385 106 0(56399.00, 56399.00)
route 2, node_num 6, cost 867.118000, nodes: 0(120000.00, 120000.00) 18 8 59 587 0(58063.00, 58063.00)
route 3, node_num 7, cost 1617.672000, nodes: 0(120000.00, 120000.00) 20 14 286 34 656(24330.00, 24330.00) 0(4452.00, 4452.00)
route 4, node_num 7, cost 1291.304000, nodes: 0(120000.00, 120000.00) 21 253 590 163 257 0(27764.00, 27764.00)
route 5, node_num 7, cost 1426.110000, nodes: 0(120000.00, 120000.00) 27 176 380 433 682(31051.00, 31051.00) 0(18135.00, 18135.00)
route 6, node_num 5, cost 370.426000, nodes: 0(120000.00, 120000.00) 31 472 293 0(93541.00, 93541.00)
route 7, node_num 6, cost 1127.028000, nodes: 0(120000.00, 120000.00) 35 123 224 29 0(39498.00, 39498.00)
route 8, node_num 8, cost 1508.822000, nodes: 0(120000.00, 120000.00) 36 46 411 292 482 775(50044.00, 50044.00) 0(12227.00, 12227.00)
route 9, node_num 9, cost 952.462000, nodes: 0(120000.00, 120000.00) 38 436 236 492 171 598 793(66057.00, 66057.00) 0(51967.00, 51967.00)
route 10, node_num 5, cost 579.572000, nodes: 0(120000.00, 120000.00) 44 140 130 0(78602.00, 78602.00)
route 11, node_num 7, cost 1526.700000, nodes: 0(120000.00, 120000.00) 558 415 596 441 725(53040.00, 53040.00) 0(10950.00, 10950.00)
route 12, node_num 7, cost 1052.898000, nodes: 0(120000.00, 120000.00) 64 356 313 553 110 0(44793.00, 44793.00)
route 13, node_num 6, cost 779.604000, nodes: 0(120000.00, 120000.00) 58 237 273 153 0(64314.00, 64314.00)
route 14, node_num 7, cost 1542.030000, nodes: 0(120000.00, 120000.00) 62 143 61 56 327 0(9855.00, 9855.00)
route 15, node_num 7, cost 1185.100000, nodes: 0(120000.00, 120000.00) 478 574 594 251 170 0(35350.00, 35350.00)
route 16, node_num 7, cost 359.562000, nodes: 0(120000.00, 120000.00) 220 477 573 570 47 0(94317.00, 94317.00)
route 17, node_num 6, cost 1575.084000, nodes: 0(120000.00, 120000.00) 70 155 125 457 0(7494.00, 7494.00)
route 18, node_num 8, cost 1625.162000, nodes: 0(120000.00, 120000.00) 77 132 390 475 410 635(49689.00, 49689.00) 0(3917.00, 3917.00)
route 19, node_num 7, cost 1613.430000, nodes: 0(120000.00, 120000.00) 78 69 549 245 710(47952.00, 47952.00) 0(4755.00, 4755.00)
route 20, node_num 6, cost 1261.190000, nodes: 0(120000.00, 120000.00) 80 86 554 161 0(29915.00, 29915.00)
route 21, node_num 3, cost 15.596000, nodes: 0(120000.00, 120000.00) 461 0(118886.00, 118886.00)
route 22, node_num 8, cost 816.046000, nodes: 0(120000.00, 120000.00) 97 556 68 347 403 243 0(61711.00, 61711.00)
route 23, node_num 5, cost 1017.142000, nodes: 0(120000.00, 120000.00) 98 412 10 0(47347.00, 47347.00)
route 24, node_num 7, cost 1044.302000, nodes: 0(120000.00, 120000.00) 102 234 198 91 375 0(45407.00, 45407.00)
route 25, node_num 7, cost 1373.638000, nodes: 0(120000.00, 120000.00) 104 265 530 462 180 0(21883.00, 21883.00)
route 26, node_num 8, cost 2117.626000, nodes: 0(120000.00, 120000.00) 105 427 160 308 11 736(1992.00, 33251.00) 0(0.00, 0.00)
route 27, node_num 7, cost 1337.070000, nodes: 0(120000.00, 120000.00) 122 19 331 221 648(49192.00, 49192.00) 0(24495.00, 24495.00)
route 28, node_num 6, cost 972.034000, nodes: 0(120000.00, 120000.00) 124 571 528 651(64624.00, 64624.00) 0(50569.00, 50569.00)
route 29, node_num 7, cost 1106.560000, nodes: 0(120000.00, 120000.00) 133 151 41 512 431 0(40960.00, 40960.00)
route 30, node_num 6, cost 1073.366000, nodes: 0(120000.00, 120000.00) 138 559 278 508 0(43331.00, 43331.00)
route 31, node_num 6, cost 952.532000, nodes: 0(120000.00, 120000.00) 269 210 319 209 0(51962.00, 51962.00)
route 32, node_num 7, cost 890.344000, nodes: 0(120000.00, 120000.00) 147 360 424 107 543 0(56404.00, 56404.00)
route 33, node_num 8, cost 1048.082000, nodes: 0(120000.00, 120000.00) 149 25 370 513 474 617(66866.00, 66866.00) 0(45137.00, 45137.00)
route 34, node_num 7, cost 1513.036000, nodes: 0(120000.00, 120000.00) 800(113397.00, 113397.00) 502 376 75 135 0(11926.00, 11926.00)
route 35, node_num 7, cost 616.630000, nodes: 0(120000.00, 120000.00) 181 443 334 74 393 0(75955.00, 75955.00)
route 36, node_num 6, cost 519.834000, nodes: 0(120000.00, 120000.00) 185 288 593 240 0(82869.00, 82869.00)
route 37, node_num 8, cost 1847.356000, nodes: 0(120000.00, 120000.00) 186 647(50980.00, 98980.00) 196 483 233 735(81818.00, 81818.00) 0(36046.00, 36046.00)
route 38, node_num 6, cost 1106.574000, nodes: 0(120000.00, 120000.00) 189 400 24 546 0(40959.00, 40959.00)
route 39, node_num 6, cost 1171.506000, nodes: 0(120000.00, 120000.00) 190 139 5 182 0(36321.00, 36321.00)
route 40, node_num 6, cost 1353.688000, nodes: 0(120000.00, 120000.00) 192 76 296 229 0(23308.00, 23308.00)
route 41, node_num 6, cost 1281.812000, nodes: 0(120000.00, 120000.00) 193 577 156 541 0(28442.00, 28442.00)
route 42, node_num 4, cost 1221.430000, nodes: 0(120000.00, 120000.00) 197 127 0(32755.00, 32755.00)
route 43, node_num 7, cost 844.914000, nodes: 0(120000.00, 120000.00) 199 268 348 479 200 0(59649.00, 59649.00)
route 44, node_num 8, cost 410.200000, nodes: 0(120000.00, 120000.00) 317 204 96 522 501 48 0(90700.00, 90700.00)
route 45, node_num 6, cost 499.828000, nodes: 0(120000.00, 120000.00) 205 591 450 134 0(84298.00, 84298.00)
route 46, node_num 7, cost 1512.854000, nodes: 0(120000.00, 120000.00) 219 578 575 342 632(45906.00, 45906.00) 0(11939.00, 11939.00)
route 47, node_num 3, cost 61.586000, nodes: 0(120000.00, 120000.00) 442 0(115601.00, 115601.00)
route 48, node_num 6, cost 1560.860000, nodes: 0(120000.00, 120000.00) 223 588 521 624(53093.00, 53093.00) 0(8510.00, 8510.00)
route 49, node_num 6, cost 1075.774000, nodes: 0(120000.00, 120000.00) 225 550 335 120 0(43159.00, 43159.00)
route 50, node_num 9, cost 568.064000, nodes: 0(120000.00, 120000.00) 226 585 364 72 323 384 126 0(79424.00, 79424.00)
route 51, node_num 7, cost 928.732000, nodes: 0(120000.00, 120000.00) 227 368 166 379 235 0(53662.00, 53662.00)
route 52, node_num 7, cost 610.638000, nodes: 0(120000.00, 120000.00) 228 283 515 191 121 0(76383.00, 76383.00)
route 53, node_num 7, cost 1823.220000, nodes: 0(120000.00, 120000.00) 230 423 307 346 672(32687.00, 42917.00) 0(0.00, 0.00)
route 54, node_num 7, cost 1643.040000, nodes: 0(120000.00, 120000.00) 246 157 94 416 664(9001.00, 9001.00) 0(2640.00, 2640.00)
route 55, node_num 7, cost 1042.902000, nodes: 0(120000.00, 120000.00) 247 274 345 258 782(58423.00, 58423.00) 0(45507.00, 45507.00)
route 56, node_num 5, cost 526.316000, nodes: 0(120000.00, 120000.00) 256 129 100 0(82406.00, 82406.00)
route 57, node_num 7, cost 1389.374000, nodes: 0(120000.00, 120000.00) 259 103 53 470 663(43038.00, 43038.00) 0(20759.00, 20759.00)
route 58, node_num 6, cost 1761.970000, nodes: 0(120000.00, 120000.00) 260 455 281 620(38755.00, 44610.00) 0(0.00, 0.00)
route 59, node_num 7, cost 525.574000, nodes: 0(120000.00, 120000.00) 262 215 451 396 337 0(82459.00, 82459.00)
route 60, node_num 4, cost 502.362000, nodes: 0(120000.00, 120000.00) 158 4 0(84117.00, 84117.00)
route 61, node_num 7, cost 1582.266000, nodes: 0(120000.00, 120000.00) 270 389 318 476 625(49071.00, 49071.00) 0(6981.00, 6981.00)
route 62, node_num 9, cost 1773.590000, nodes: 0(120000.00, 120000.00) 290 675(76165.00, 76165.00) 404 3 128 249 702(17442.00, 24127.00) 0(0.00, 0.00)
route 63, node_num 6, cost 410.634000, nodes: 0(120000.00, 120000.00) 294 88 367 39 0(90669.00, 90669.00)
route 64, node_num 6, cost 978.726000, nodes: 0(120000.00, 120000.00) 303 567 387 569 0(50091.00, 50091.00)
route 65, node_num 6, cost 1166.704000, nodes: 0(120000.00, 120000.00) 305 37 355 175 0(36664.00, 36664.00)
route 66, node_num 8, cost 1184.204000, nodes: 0(120000.00, 120000.00) 312 263 42 534 63 748(60111.00, 60111.00) 0(35414.00, 35414.00)
route 67, node_num 6, cost 1595.342000, nodes: 0(120000.00, 120000.00) 315 330 211 780(40975.00, 40975.00) 0(6047.00, 6047.00)
route 68, node_num 7, cost 444.388000, nodes: 0(120000.00, 120000.00) 89 23 311 361 425 0(88258.00, 88258.00)
route 69, node_num 7, cost 1261.134000, nodes: 0(120000.00, 120000.00) 321 6 137 564 529 0(29919.00, 29919.00)
route 70, node_num 6, cost 907.284000, nodes: 0(120000.00, 120000.00) 322 300 544 417 0(55194.00, 55194.00)
route 71, node_num 7, cost 1658.916000, nodes: 0(120000.00, 120000.00) 328 148 422 378 602(25633.00, 25633.00) 0(1506.00, 1506.00)
route 72, node_num 8, cost 1968.764000, nodes: 0(120000.00, 120000.00) 332 538 453 49 519 676(5825.00, 26451.00) 0(0.00, 0.00)
route 73, node_num 7, cost 448.448000, nodes: 0(120000.00, 120000.00) 333 165 144 566 487 0(87968.00, 87968.00)
route 74, node_num 7, cost 1676.836000, nodes: 0(120000.00, 120000.00) 338 481 264 111 611(23398.00, 23398.00) 0(226.00, 226.00)
route 75, node_num 6, cost 1405.838000, nodes: 0(120000.00, 120000.00) 339 113 517 603(41782.00, 41782.00) 0(19583.00, 19583.00)
route 76, node_num 7, cost 1076.544000, nodes: 0(120000.00, 120000.00) 340 159 329 536 738(60223.00, 60223.00) 0(43104.00, 43104.00)
route 77, node_num 7, cost 1042.300000, nodes: 0(120000.00, 120000.00) 341 552 297 597 13 0(45550.00, 45550.00)
route 78, node_num 6, cost 1007.174000, nodes: 0(120000.00, 120000.00) 349 114 244 178 0(48059.00, 48059.00)
route 79, node_num 5, cost 1255.128000, nodes: 0(120000.00, 120000.00) 354 402 145 0(30348.00, 30348.00)
route 80, node_num 6, cost 1377.908000, nodes: 0(120000.00, 120000.00) 362 218 458 99 0(21578.00, 21578.00)
route 81, node_num 6, cost 1178.422000, nodes: 0(120000.00, 120000.00) 363 174 154 239 0(35827.00, 35827.00)
route 82, node_num 6, cost 1922.298000, nodes: 0(120000.00, 120000.00) 371 547 527 777(25169.00, 42476.00) 0(0.00, 0.00)
route 83, node_num 6, cost 990.038000, nodes: 0(120000.00, 120000.00) 372 454 306 67 0(49283.00, 49283.00)
route 84, node_num 7, cost 1638.056000, nodes: 0(120000.00, 120000.00) 373 16 444 500 609(38077.00, 38077.00) 0(2996.00, 2996.00)
route 85, node_num 6, cost 975.394000, nodes: 0(120000.00, 120000.00) 374 394 324 7 0(50329.00, 50329.00)
route 86, node_num 8, cost 932.736000, nodes: 0(120000.00, 120000.00) 386 216 490 15 254 758(71415.00, 71415.00) 0(53376.00, 53376.00)
route 87, node_num 5, cost 1752.702000, nodes: 0(120000.00, 120000.00) 395 407 720(39417.00, 44610.00) 0(0.00, 0.00)
route 88, node_num 6, cost 1516.144000, nodes: 0(120000.00, 120000.00) 399 277 463 12 0(11704.00, 11704.00)
route 89, node_num 8, cost 1715.924000, nodes: 0(120000.00, 120000.00) 405 561 358 583 60 654(40392.00, 42958.00) 0(0.00, 0.00)
route 90, node_num 8, cost 1741.236000, nodes: 0(120000.00, 120000.00) 413 421 302 248 118 772(38543.00, 42917.00) 0(0.00, 0.00)
route 91, node_num 6, cost 1282.064000, nodes: 0(120000.00, 120000.00) 146 169 101 184 0(28424.00, 28424.00)
route 92, node_num 6, cost 1032.276000, nodes: 0(120000.00, 120000.00) 428 162 383 507 0(46266.00, 46266.00)
route 93, node_num 7, cost 1645.322000, nodes: 0(120000.00, 120000.00) 429 141 250 505 650(52108.00, 52108.00) 0(2477.00, 2477.00)
route 94, node_num 6, cost 612.542000, nodes: 0(120000.00, 120000.00) 430 488 434 57 0(76247.00, 76247.00)
route 95, node_num 8, cost 610.960000, nodes: 0(120000.00, 120000.00) 439 459 309 142 51 398 0(76360.00, 76360.00)
route 96, node_num 7, cost 990.290000, nodes: 0(120000.00, 120000.00) 445 576 301 310 299 0(49265.00, 49265.00)
route 97, node_num 7, cost 1544.802000, nodes: 0(120000.00, 120000.00) 449 282 112 435 779(48090.00, 48090.00) 0(9657.00, 9657.00)
route 98, node_num 6, cost 468.482000, nodes: 0(120000.00, 120000.00) 468 150 119 32 0(86537.00, 86537.00)
route 99, node_num 6, cost 1519.868000, nodes: 0(120000.00, 120000.00) 464 314 437 271 0(11438.00, 11438.00)
route 100, node_num 7, cost 378.434000, nodes: 0(120000.00, 120000.00) 65 92 95 203 495 0(92969.00, 92969.00)
route 101, node_num 6, cost 1066.506000, nodes: 0(120000.00, 120000.00) 469 285 572 242 0(43821.00, 43821.00)
route 102, node_num 7, cost 749.322000, nodes: 0(120000.00, 120000.00) 471 418 208 26 289 0(66477.00, 66477.00)
route 103, node_num 7, cost 430.458000, nodes: 0(120000.00, 120000.00) 473 460 291 465 489 0(89253.00, 89253.00)
route 104, node_num 6, cost 1548.596000, nodes: 0(120000.00, 120000.00) 485 50 438 661(52404.00, 52404.00) 0(9386.00, 9386.00)
route 105, node_num 7, cost 1602.972000, nodes: 0(120000.00, 120000.00) 494 446 382 503 680(40430.00, 40430.00) 0(5502.00, 5502.00)
route 106, node_num 6, cost 492.016000, nodes: 0(120000.00, 120000.00) 498 551 491 532 0(84856.00, 84856.00)
route 107, node_num 7, cost 860.342000, nodes: 0(120000.00, 120000.00) 499 377 79 365 351 0(58547.00, 58547.00)
route 108, node_num 5, cost 1060.346000, nodes: 0(120000.00, 120000.00) 510 131 560 0(44261.00, 44261.00)
route 109, node_num 6, cost 1128.330000, nodes: 0(120000.00, 120000.00) 511 267 85 353 0(39405.00, 39405.00)
route 110, node_num 10, cost 514.262000, nodes: 0(120000.00, 120000.00) 516 183 93 231 408 195 81 666(91876.00, 91876.00) 0(83267.00, 83267.00)
route 111, node_num 6, cost 1173.130000, nodes: 0(120000.00, 120000.00) 520 486 43 136 0(36205.00, 36205.00)
route 112, node_num 6, cost 1407.546000, nodes: 0(120000.00, 120000.00) 531 202 381 545 0(19461.00, 19461.00)
route 113, node_num 8, cost 1931.272000, nodes: 0(120000.00, 120000.00) 533 406 22 45 734(18748.00, 18748.00) 652(15891.00, 33839.00) 0(0.00, 0.00)
route 114, node_num 6, cost 1128.820000, nodes: 0(120000.00, 120000.00) 535 320 366 295 0(39370.00, 39370.00)
route 115, node_num 5, cost 731.178000, nodes: 0(120000.00, 120000.00) 540 83 388 0(67773.00, 67773.00)
route 116, node_num 8, cost 1063.566000, nodes: 0(120000.00, 120000.00) 206 397 108 152 266 30 0(44031.00, 44031.00)
route 117, node_num 9, cost 1744.596000, nodes: 0(120000.00, 120000.00) 557 595 261 54 688(34056.00, 34056.00) 252 717(17115.00, 21729.00) 0(0.00, 0.00)
route 118, node_num 7, cost 1483.020000, nodes: 0(120000.00, 120000.00) 565 523 539 217 784(53435.00, 53435.00) 0(14070.00, 14070.00)
route 119, node_num 6, cost 1516.928000, nodes: 0(120000.00, 120000.00) 52 579 497 213 0(11648.00, 11648.00)
route 120, node_num 5, cost 187.236000, nodes: 0(120000.00, 120000.00) 580 279 359 0(106626.00, 106626.00)
route 121, node_num 8, cost 1634.654000, nodes: 0(120000.00, 120000.00) 584 447 392 90 275 788(39470.00, 39470.00) 0(3239.00, 3239.00)
route 122, node_num 7, cost 1702.862000, nodes: 0(120000.00, 120000.00) 586 568 241 222 745(24269.00, 25902.00) 0(0.00, 0.00)
route 123, node_num 8, cost 1988.756000, nodes: 0(120000.00, 120000.00) 589 187 563 504 496 776(4397.00, 26451.00) 0(0.00, 0.00)
route 124, node_num 6, cost 1421.028000, nodes: 0(120000.00, 120000.00) 599 40 71 562 0(18498.00, 18498.00)
route 125, node_num 8, cost 1646.904000, nodes: 0(120000.00, 120000.00) 600 357 467 280 526 761(45382.00, 45382.00) 0(2364.00, 2364.00)
route 126, node_num 7, cost 1778.980000, nodes: 0(120000.00, 120000.00) 616(95738.00, 102808.00) 506 525 272 514 0(0.00, 0.00)
route 127, node_num 10, cost 1305.626000, nodes: 0(120000.00, 120000.00) 623(109240.00, 109240.00) 419 9 440 73 214 194 714(64357.00, 64357.00) 0(26741.00, 26741.00)
route 128, node_num 7, cost 1615.670000, nodes: 0(120000.00, 120000.00) 627(85424.00, 89424.00) 336 287 276 391 0(8595.00, 8595.00)
route 129, node_num 7, cost 1411.354000, nodes: 0(120000.00, 120000.00) 643(90980.00, 120000.00) 168 524 466 232 0(48209.00, 48209.00)
route 130, node_num 6, cost 1453.214000, nodes: 0(120000.00, 120000.00) 653(84325.00, 84325.00) 484 188 409 0(16199.00, 16199.00)
route 131, node_num 9, cost 1427.440000, nodes: 0(120000.00, 120000.00) 657(94699.00, 94699.00) 518 66 179 109 316 733(30978.00, 30978.00) 0(18040.00, 18040.00)
route 132, node_num 7, cost 1731.324000, nodes: 0(120000.00, 120000.00) 685(97648.00, 101314.00) 420 426 304 414 0(0.00, 0.00)
route 133, node_num 9, cost 1483.874000, nodes: 0(120000.00, 120000.00) 692(87550.00, 87550.00) 480 452 172 344 84 681(37121.00, 37121.00) 0(14009.00, 14009.00)
route 134, node_num 7, cost 1785.378000, nodes: 0(120000.00, 120000.00) 709(82478.00, 90005.00) 326 117 207 548 0(0.00, 0.00)
route 135, node_num 8, cost 1964.984000, nodes: 0(120000.00, 120000.00) 711(93324.00, 113324.00) 592 456 432 325 684(39009.00, 39365.00) 0(0.00, 0.00)
route 136, node_num 7, cost 1224.356000, nodes: 0(120000.00, 120000.00) 716(95738.00, 95738.00) 350 1 82 2 0(32546.00, 32546.00)
route 137, node_num 7, cost 1616.482000, nodes: 0(120000.00, 120000.00) 743(90980.00, 90980.00) 238 352 33 401 0(4537.00, 4537.00)
route 138, node_num 7, cost 1533.098000, nodes: 0(120000.00, 120000.00) 744(106638.00, 120000.00) 509 201 581 677(66331.00, 66331.00) 0(23855.00, 23855.00)
route 139, node_num 7, cost 1583.736000, nodes: 0(120000.00, 120000.00) 753(84325.00, 116325.00) 582 116 343 28 0(38876.00, 38876.00)
route 140, node_num 6, cost 1615.964000, nodes: 0(120000.00, 120000.00) 769(79763.00, 79763.00) 255 173 87 0(4574.00, 4574.00)
route 141, node_num 7, cost 1673.448000, nodes: 0(120000.00, 120000.00) 785(97648.00, 97648.00) 537 115 555 212 0(468.00, 468.00)
route 142, node_num 9, cost 1488.900000, nodes: 0(120000.00, 120000.00) 792(87550.00, 87550.00) 448 177 369 167 493 732(47617.00, 47617.00) 0(13650.00, 13650.00)
vehicle (route) number: 143
Total cost: 213824.87
223516.20, 9008.53
221262.47, 9001.75
221622.08, 9009.21
234198.87, 9005.77
216848.90, 9049.80
234878.61, 9001.72
218031.14, 9818.10
217554.71, 9022.73
214423.03, 9029.27
213824.87, 9025.28
