Details of the solution:
route 0, node_num 7, cost 1404.396000, nodes: 0(120000.00, 120000.00) 6 89 308 264 265 0(19686.00, 19686.00)
route 1, node_num 7, cost 544.096000, nodes: 0(120000.00, 120000.00) 7 403 441 82 336 0(81136.00, 81136.00)
route 2, node_num 7, cost 1597.484000, nodes: 0(120000.00, 120000.00) 24 245 67 78 531 0(5894.00, 5894.00)
route 3, node_num 6, cost 1536.878000, nodes: 0(120000.00, 120000.00) 27 272 426 197 0(10223.00, 10223.00)
route 4, node_num 6, cost 1408.204000, nodes: 0(120000.00, 120000.00) 31 318 527 491 0(19414.00, 19414.00)
route 5, node_num 7, cost 1512.378000, nodes: 0(120000.00, 120000.00) 38 132 186 526 466 0(11973.00, 11973.00)
route 6, node_num 6, cost 1582.672000, nodes: 0(120000.00, 120000.00) 44 418 316 248 0(6952.00, 6952.00)
route 7, node_num 6, cost 1498.532000, nodes: 0(120000.00, 120000.00) 55 402 238 365 0(12962.00, 12962.00)
route 8, node_num 5, cost 445.466000, nodes: 0(120000.00, 120000.00) 57 142 124 0(88181.00, 88181.00)
route 9, node_num 6, cost 1183.644000, nodes: 0(120000.00, 120000.00) 62 101 30 379 0(35454.00, 35454.00)
route 10, node_num 7, cost 1202.824000, nodes: 0(120000.00, 120000.00) 64 500 537 159 227 0(34084.00, 34084.00)
route 11, node_num 6, cost 1347.780000, nodes: 0(120000.00, 120000.00) 68 232 444 114 0(23730.00, 23730.00)
route 12, node_num 6, cost 1561.532000, nodes: 0(120000.00, 120000.00) 80 476 369 107 0(8462.00, 8462.00)
route 13, node_num 6, cost 1110.382000, nodes: 0(120000.00, 120000.00) 86 168 459 324 0(40687.00, 40687.00)
route 14, node_num 5, cost 1360.296000, nodes: 0(120000.00, 120000.00) 94 285 525 0(22836.00, 22836.00)
route 15, node_num 5, cost 1445.948000, nodes: 0(120000.00, 120000.00) 100 555 242 0(16718.00, 16718.00)
route 16, node_num 8, cost 1766.898000, nodes: 0(120000.00, 120000.00) 102 13 616(67050.00, 73257.00) 5 460 429 0(0.00, 0.00)
route 17, node_num 6, cost 1218.854000, nodes: 0(120000.00, 120000.00) 119 305 251 271 0(32939.00, 32939.00)
route 18, node_num 7, cost 1491.840000, nodes: 0(120000.00, 120000.00) 120 350 325 48 745(36243.00, 36243.00) 0(13440.00, 13440.00)
route 19, node_num 7, cost 972.356000, nodes: 0(120000.00, 120000.00) 123 576 137 20 130 0(50546.00, 50546.00)
route 20, node_num 7, cost 1569.918000, nodes: 0(120000.00, 120000.00) 126 546 435 370 256 0(7863.00, 7863.00)
route 21, node_num 7, cost 1000.426000, nodes: 0(120000.00, 120000.00) 131 52 127 47 599 0(48541.00, 48541.00)
route 22, node_num 8, cost 1201.200000, nodes: 0(120000.00, 120000.00) 133 596 349 302 575 59 0(34200.00, 34200.00)
route 23, node_num 7, cost 1459.808000, nodes: 0(120000.00, 120000.00) 135 449 483 214 488 0(15728.00, 15728.00)
route 24, node_num 6, cost 1088.990000, nodes: 0(120000.00, 120000.00) 136 331 337 97 0(42215.00, 42215.00)
route 25, node_num 8, cost 1225.742000, nodes: 0(120000.00, 120000.00) 139 372 243 60 390 795(46677.00, 46677.00) 0(32447.00, 32447.00)
route 26, node_num 8, cost 1149.036000, nodes: 0(120000.00, 120000.00) 146 422 298 262 363 207 0(37926.00, 37926.00)
route 27, node_num 7, cost 1535.828000, nodes: 0(120000.00, 120000.00) 147 400 549 392 28 0(10298.00, 10298.00)
route 28, node_num 7, cost 1496.390000, nodes: 0(120000.00, 120000.00) 158 377 523 73 664(32449.00, 32449.00) 0(13115.00, 13115.00)
route 29, node_num 6, cost 1277.150000, nodes: 0(120000.00, 120000.00) 166 352 592 312 0(28775.00, 28775.00)
route 30, node_num 8, cost 1801.240000, nodes: 0(120000.00, 120000.00) 171 106 151 128 378 615(22881.00, 31541.00) 0(0.00, 0.00)
route 31, node_num 8, cost 806.470000, nodes: 0(120000.00, 120000.00) 174 297 270 156 72 61 0(62395.00, 62395.00)
route 32, node_num 6, cost 994.546000, nodes: 0(120000.00, 120000.00) 175 8 188 364 0(48961.00, 48961.00)
route 33, node_num 6, cost 1288.126000, nodes: 0(120000.00, 120000.00) 178 517 507 76 0(27991.00, 27991.00)
route 34, node_num 7, cost 1540.336000, nodes: 0(120000.00, 120000.00) 204 339 283 323 53 0(9976.00, 9976.00)
route 35, node_num 6, cost 1037.358000, nodes: 0(120000.00, 120000.00) 213 22 416 253 0(45903.00, 45903.00)
route 36, node_num 7, cost 905.814000, nodes: 0(120000.00, 120000.00) 217 196 490 110 111 0(55299.00, 55299.00)
route 37, node_num 5, cost 711.340000, nodes: 0(120000.00, 120000.00) 218 353 65 0(69190.00, 69190.00)
route 38, node_num 6, cost 1374.100000, nodes: 0(120000.00, 120000.00) 222 91 165 346 0(21850.00, 21850.00)
route 39, node_num 6, cost 825.888000, nodes: 0(120000.00, 120000.00) 228 391 417 374 0(61008.00, 61008.00)
route 40, node_num 6, cost 1233.582000, nodes: 0(120000.00, 120000.00) 231 252 112 191 0(31887.00, 31887.00)
route 41, node_num 8, cost 1486.184000, nodes: 0(120000.00, 120000.00) 235 163 542 508 50 657(16201.00, 16201.00) 0(13844.00, 13844.00)
route 42, node_num 7, cost 1161.720000, nodes: 0(120000.00, 120000.00) 566 239 389 548 414 0(37020.00, 37020.00)
route 43, node_num 7, cost 943.684000, nodes: 0(120000.00, 120000.00) 246 351 505 479 590 0(52594.00, 52594.00)
route 44, node_num 8, cost 665.294000, nodes: 0(120000.00, 120000.00) 247 502 469 12 70 381 0(72479.00, 72479.00)
route 45, node_num 7, cost 932.106000, nodes: 0(120000.00, 120000.00) 249 472 486 240 254 0(53421.00, 53421.00)
route 46, node_num 6, cost 1510.880000, nodes: 0(120000.00, 120000.00) 250 534 560 315 0(12080.00, 12080.00)
route 47, node_num 7, cost 888.930000, nodes: 0(120000.00, 120000.00) 255 536 108 413 361 0(56505.00, 56505.00)
route 48, node_num 7, cost 1114.232000, nodes: 0(120000.00, 120000.00) 261 90 421 11 371 0(40412.00, 40412.00)
route 49, node_num 7, cost 856.478000, nodes: 0(120000.00, 120000.00) 266 387 195 115 138 0(58823.00, 58823.00)
route 50, node_num 7, cost 1111.614000, nodes: 0(120000.00, 120000.00) 267 518 489 580 77 0(40599.00, 40599.00)
route 51, node_num 5, cost 404.754000, nodes: 0(120000.00, 120000.00) 268 360 578 0(91089.00, 91089.00)
route 52, node_num 6, cost 470.288000, nodes: 0(120000.00, 120000.00) 280 206 295 314 0(86408.00, 86408.00)
route 53, node_num 6, cost 1517.096000, nodes: 0(120000.00, 120000.00) 284 461 200 274 0(11636.00, 11636.00)
route 54, node_num 6, cost 967.848000, nodes: 0(120000.00, 120000.00) 288 335 345 320 0(50868.00, 50868.00)
route 55, node_num 6, cost 1566.922000, nodes: 0(120000.00, 120000.00) 289 470 103 192 0(8077.00, 8077.00)
route 56, node_num 8, cost 1560.062000, nodes: 0(120000.00, 120000.00) 294 358 167 584 51 757(10924.00, 10924.00) 0(8567.00, 8567.00)
route 57, node_num 6, cost 751.198000, nodes: 0(120000.00, 120000.00) 296 423 36 277 0(66343.00, 66343.00)
route 58, node_num 7, cost 1078.700000, nodes: 0(120000.00, 120000.00) 299 394 579 516 98 0(42950.00, 42950.00)
route 59, node_num 6, cost 1408.918000, nodes: 0(120000.00, 120000.00) 303 1 530 600 0(19363.00, 19363.00)
route 60, node_num 7, cost 1479.814000, nodes: 0(120000.00, 120000.00) 321 259 226 506 95 0(14299.00, 14299.00)
route 61, node_num 6, cost 554.960000, nodes: 0(120000.00, 120000.00) 326 46 221 189 0(80360.00, 80360.00)
route 62, node_num 6, cost 881.734000, nodes: 0(120000.00, 120000.00) 328 2 538 35 0(57019.00, 57019.00)
route 63, node_num 7, cost 858.690000, nodes: 0(120000.00, 120000.00) 341 581 471 257 573 0(58665.00, 58665.00)
route 64, node_num 4, cost 213.878000, nodes: 0(120000.00, 120000.00) 347 109 0(104723.00, 104723.00)
route 65, node_num 6, cost 1411.774000, nodes: 0(120000.00, 120000.00) 348 432 373 211 0(19159.00, 19159.00)
route 66, node_num 7, cost 2009.056000, nodes: 0(120000.00, 120000.00) 355 512 291 83 715(8037.00, 31541.00) 0(0.00, 0.00)
route 67, node_num 7, cost 467.810000, nodes: 0(120000.00, 120000.00) 357 23 212 458 14 0(86585.00, 86585.00)
route 68, node_num 7, cost 1518.398000, nodes: 0(120000.00, 120000.00) 362 427 43 244 703(20658.00, 20658.00) 0(11543.00, 11543.00)
route 69, node_num 7, cost 1242.290000, nodes: 0(120000.00, 120000.00) 367 161 172 273 503 0(31265.00, 31265.00)
route 70, node_num 8, cost 1868.062000, nodes: 0(120000.00, 120000.00) 368 223 29 176 125 728(19571.00, 33004.00) 0(0.00, 0.00)
route 71, node_num 5, cost 993.328000, nodes: 0(120000.00, 120000.00) 382 588 237 0(49048.00, 49048.00)
route 72, node_num 6, cost 1396.626000, nodes: 0(120000.00, 120000.00) 383 199 49 42 0(20241.00, 20241.00)
route 73, node_num 7, cost 1051.540000, nodes: 0(120000.00, 120000.00) 388 468 447 10 105 0(44890.00, 44890.00)
route 74, node_num 5, cost 1129.198000, nodes: 0(120000.00, 120000.00) 393 515 150 0(39343.00, 39343.00)
route 75, node_num 6, cost 1236.200000, nodes: 0(120000.00, 120000.00) 398 220 554 201 0(31700.00, 31700.00)
route 76, node_num 6, cost 1047.214000, nodes: 0(120000.00, 120000.00) 409 510 547 559 0(45199.00, 45199.00)
route 77, node_num 7, cost 1318.366000, nodes: 0(120000.00, 120000.00) 411 438 121 37 187 0(25831.00, 25831.00)
route 78, node_num 7, cost 885.262000, nodes: 0(120000.00, 120000.00) 415 144 366 597 164 0(56767.00, 56767.00)
route 79, node_num 7, cost 1582.014000, nodes: 0(120000.00, 120000.00) 424 309 433 529 628(40003.00, 40003.00) 0(6999.00, 6999.00)
route 80, node_num 8, cost 1371.286000, nodes: 0(120000.00, 120000.00) 442 492 96 385 540 776(52184.00, 52184.00) 0(22051.00, 22051.00)
route 81, node_num 5, cost 962.710000, nodes: 0(120000.00, 120000.00) 443 39 169 0(51235.00, 51235.00)
route 82, node_num 8, cost 887.488000, nodes: 0(120000.00, 120000.00) 450 290 19 18 493 275 0(56608.00, 56608.00)
route 83, node_num 6, cost 841.792000, nodes: 0(120000.00, 120000.00) 453 535 313 317 0(59872.00, 59872.00)
route 84, node_num 6, cost 1170.148000, nodes: 0(120000.00, 120000.00) 454 481 319 122 0(36418.00, 36418.00)
route 85, node_num 3, cost 78.400000, nodes: 0(120000.00, 120000.00) 455 0(114400.00, 114400.00)
route 86, node_num 7, cost 1211.014000, nodes: 0(120000.00, 120000.00) 465 591 179 380 205 0(33499.00, 33499.00)
route 87, node_num 6, cost 954.534000, nodes: 0(120000.00, 120000.00) 473 282 495 499 0(51819.00, 51819.00)
route 88, node_num 8, cost 1686.230000, nodes: 0(120000.00, 120000.00) 475 474 329 33 32 638(40074.00, 40519.00) 0(0.00, 0.00)
route 89, node_num 6, cost 1569.568000, nodes: 0(120000.00, 120000.00) 478 420 180 623(12402.00, 12402.00) 0(7888.00, 7888.00)
route 90, node_num 8, cost 1747.578000, nodes: 0(120000.00, 120000.00) 480 330 292 41 209 647(44371.00, 49198.00) 0(0.00, 0.00)
route 91, node_num 6, cost 1515.150000, nodes: 0(120000.00, 120000.00) 482 293 224 572 0(11775.00, 11775.00)
route 92, node_num 7, cost 1861.300000, nodes: 0(120000.00, 120000.00) 485 322 440 155 756(10428.00, 23378.00) 0(0.00, 0.00)
route 93, node_num 7, cost 1084.622000, nodes: 0(120000.00, 120000.00) 496 116 410 552 263 0(42527.00, 42527.00)
route 94, node_num 7, cost 1007.356000, nodes: 0(120000.00, 120000.00) 497 522 528 58 464 0(48046.00, 48046.00)
route 95, node_num 5, cost 1512.980000, nodes: 0(120000.00, 120000.00) 511 408 182 0(11930.00, 11930.00)
route 96, node_num 7, cost 1504.300000, nodes: 0(120000.00, 120000.00) 513 177 92 118 75 0(12550.00, 12550.00)
route 97, node_num 6, cost 1053.542000, nodes: 0(120000.00, 120000.00) 524 190 304 74 0(44747.00, 44747.00)
route 98, node_num 7, cost 495.208000, nodes: 0(120000.00, 120000.00) 532 451 343 241 306 0(84628.00, 84628.00)
route 99, node_num 9, cost 1172.752000, nodes: 0(120000.00, 120000.00) 539 141 436 484 550 152 661(40718.00, 40718.00) 0(36232.00, 36232.00)
route 100, node_num 5, cost 1047.942000, nodes: 0(120000.00, 120000.00) 541 386 87 0(45147.00, 45147.00)
route 101, node_num 7, cost 844.676000, nodes: 0(120000.00, 120000.00) 543 56 301 384 300 0(59666.00, 59666.00)
route 102, node_num 7, cost 665.056000, nodes: 0(120000.00, 120000.00) 544 514 342 140 354 0(72496.00, 72496.00)
route 103, node_num 6, cost 1178.184000, nodes: 0(120000.00, 120000.00) 545 225 258 401 0(35844.00, 35844.00)
route 104, node_num 6, cost 741.650000, nodes: 0(120000.00, 120000.00) 551 419 3 359 0(67025.00, 67025.00)
route 105, node_num 5, cost 1357.160000, nodes: 0(120000.00, 120000.00) 553 519 157 0(23060.00, 23060.00)
route 106, node_num 4, cost 299.824000, nodes: 0(120000.00, 120000.00) 556 467 0(98584.00, 98584.00)
route 107, node_num 7, cost 835.044000, nodes: 0(120000.00, 120000.00) 557 63 375 88 405 0(60354.00, 60354.00)
route 108, node_num 6, cost 728.504000, nodes: 0(120000.00, 120000.00) 558 25 117 216 0(67964.00, 67964.00)
route 109, node_num 7, cost 978.852000, nodes: 0(120000.00, 120000.00) 563 430 81 509 234 0(50082.00, 50082.00)
route 110, node_num 5, cost 1508.752000, nodes: 0(120000.00, 120000.00) 564 452 185 0(12232.00, 12232.00)
route 111, node_num 7, cost 1068.760000, nodes: 0(120000.00, 120000.00) 565 17 434 203 577 0(43660.00, 43660.00)
route 112, node_num 7, cost 341.138000, nodes: 0(120000.00, 120000.00) 338 445 561 310 501 0(95633.00, 95633.00)
route 113, node_num 4, cost 276.724000, nodes: 0(120000.00, 120000.00) 568 498 0(100234.00, 100234.00)
route 114, node_num 8, cost 1306.256000, nodes: 0(120000.00, 120000.00) 569 40 287 396 376 307 0(26696.00, 26696.00)
route 115, node_num 7, cost 1167.838000, nodes: 0(120000.00, 120000.00) 571 332 397 448 487 0(36583.00, 36583.00)
route 116, node_num 6, cost 1000.328000, nodes: 0(120000.00, 120000.00) 582 4 399 278 0(48548.00, 48548.00)
route 117, node_num 5, cost 256.970000, nodes: 0(120000.00, 120000.00) 583 311 462 0(101645.00, 101645.00)
route 118, node_num 7, cost 1586.956000, nodes: 0(120000.00, 120000.00) 585 208 104 54 792(28837.00, 28837.00) 0(6646.00, 6646.00)
route 119, node_num 7, cost 1305.318000, nodes: 0(120000.00, 120000.00) 587 193 586 129 184 0(26763.00, 26763.00)
route 120, node_num 7, cost 1462.510000, nodes: 0(120000.00, 120000.00) 594 574 570 463 603(24650.00, 24650.00) 0(15535.00, 15535.00)
route 121, node_num 8, cost 1653.260000, nodes: 0(120000.00, 120000.00) 595 356 145 260 148 761(6396.00, 6396.00) 0(1910.00, 1910.00)
route 122, node_num 5, cost 926.996000, nodes: 0(120000.00, 120000.00) 598 344 520 0(53786.00, 53786.00)
route 123, node_num 9, cost 1515.724000, nodes: 0(120000.00, 120000.00) 607(76524.00, 108524.00) 183 334 407 428 66 723(48248.00, 48248.00) 0(43734.00, 43734.00)
route 124, node_num 7, cost 1766.576000, nodes: 0(120000.00, 120000.00) 617(97837.00, 120000.00) 395 99 494 562 0(15979.00, 15979.00)
route 125, node_num 8, cost 1572.746000, nodes: 0(120000.00, 120000.00) 621(81946.00, 81946.00) 593 533 412 219 764(26995.00, 26995.00) 0(7661.00, 7661.00)
route 126, node_num 8, cost 1656.914000, nodes: 0(120000.00, 120000.00) 624(78004.00, 120000.00) 198 143 504 134 521 0(43645.00, 43645.00)
route 127, node_num 8, cost 1164.884000, nodes: 0(120000.00, 120000.00) 626(109219.00, 113219.00) 154 446 406 457 404 0(40794.00, 40794.00)
route 128, node_num 8, cost 1667.652000, nodes: 0(120000.00, 120000.00) 630(107152.00, 120000.00) 16 85 439 276 425 0(13730.00, 13730.00)
route 129, node_num 6, cost 821.380000, nodes: 0(120000.00, 120000.00) 645(99812.00, 99812.00) 333 210 9 0(61330.00, 61330.00)
route 130, node_num 7, cost 1742.748000, nodes: 0(120000.00, 120000.00) 677(102343.00, 120000.00) 149 281 181 233 0(13175.00, 13175.00)
route 131, node_num 8, cost 1309.700000, nodes: 0(120000.00, 120000.00) 717(97837.00, 97837.00) 84 69 567 456 113 0(26450.00, 26450.00)
route 132, node_num 8, cost 1739.010000, nodes: 0(120000.00, 120000.00) 721(81946.00, 113946.00) 230 437 194 477 589 0(27785.00, 27785.00)
route 133, node_num 7, cost 1604.666000, nodes: 0(120000.00, 120000.00) 724(78004.00, 120000.00) 229 15 279 34 0(47377.00, 47377.00)
route 134, node_num 8, cost 626.500000, nodes: 0(120000.00, 120000.00) 726(109219.00, 120000.00) 21 93 153 327 286 0(86031.00, 86031.00)
route 135, node_num 7, cost 1775.592000, nodes: 0(120000.00, 120000.00) 730(107152.00, 120000.00) 431 215 45 236 0(6020.00, 6020.00)
route 136, node_num 6, cost 1455.272000, nodes: 0(120000.00, 120000.00) 767(101080.00, 120000.00) 160 202 170 0(34972.00, 34972.00)
route 137, node_num 6, cost 1721.664000, nodes: 0(120000.00, 120000.00) 777(102343.00, 105319.00) 26 162 79 0(0.00, 0.00)
route 138, node_num 7, cost 1522.850000, nodes: 0(120000.00, 120000.00) 798(102863.00, 102863.00) 173 340 71 269 0(11225.00, 11225.00)
vehicle (route) number: 139
Total cost: 206849.40
215394.21, 9002.14
223878.06, 9010.72
218078.74, 9021.37
222528.73, 9006.70
210768.94, 9943.64
224104.42, 9016.81
208855.66, 9012.44
214641.40, 9005.17
206849.40, 9002.81
209880.08, 9011.00
