Details of the solution:
route 0, node_num 7, cost 1293.474000, nodes: 0(120000.00, 120000.00) 566 222 120 34 346 0(27609.00, 27609.00)
route 1, node_num 6, cost 988.932000, nodes: 0(120000.00, 120000.00) 745 394 579 35 0(49362.00, 49362.00)
route 2, node_num 7, cost 1305.150000, nodes: 0(120000.00, 120000.00) 7 715 799 530 265 0(26775.00, 26775.00)
route 3, node_num 6, cost 551.488000, nodes: 0(120000.00, 120000.00) 778 675 459 514 0(80608.00, 80608.00)
route 4, node_num 7, cost 1689.086000, nodes: 0(120000.00, 120000.00) 635 85 439 276 913(49467.00, 50116.00) 0(0.00, 0.00)
route 5, node_num 8, cost 1743.322000, nodes: 0(120000.00, 120000.00) 564 233 33 701 176 856(18855.00, 23378.00) 0(0.00, 0.00)
route 6, node_num 6, cost 1498.210000, nodes: 0(120000.00, 120000.00) 38 791 99 75 0(12985.00, 12985.00)
route 7, node_num 6, cost 774.410000, nodes: 0(120000.00, 120000.00) 174 173 187 324 0(64685.00, 64685.00)
route 8, node_num 6, cost 1013.684000, nodes: 0(120000.00, 120000.00) 536 689 711 399 0(47594.00, 47594.00)
route 9, node_num 7, cost 1171.856000, nodes: 0(120000.00, 120000.00) 738 30 764 766 105 0(36296.00, 36296.00)
route 10, node_num 6, cost 1538.824000, nodes: 0(120000.00, 120000.00) 158 420 677 157 0(10084.00, 10084.00)
route 11, node_num 7, cost 1064.070000, nodes: 0(120000.00, 120000.00) 471 767 528 552 721 0(43995.00, 43995.00)
route 12, node_num 6, cost 923.650000, nodes: 0(120000.00, 120000.00) 692 4 520 658 0(54025.00, 54025.00)
route 13, node_num 6, cost 981.918000, nodes: 0(120000.00, 120000.00) 776 759 538 599 0(49863.00, 49863.00)
route 14, node_num 5, cost 268.562000, nodes: 0(120000.00, 120000.00) 57 201 462 0(100817.00, 100817.00)
route 15, node_num 6, cost 647.206000, nodes: 0(120000.00, 120000.00) 326 707 140 354 0(73771.00, 73771.00)
route 16, node_num 7, cost 1059.758000, nodes: 0(120000.00, 120000.00) 450 532 90 580 687 0(44303.00, 44303.00)
route 17, node_num 7, cost 1411.172000, nodes: 0(120000.00, 120000.00) 587 193 148 616 315 0(19202.00, 19202.00)
route 18, node_num 7, cost 1549.674000, nodes: 0(120000.00, 120000.00) 80 285 526 369 107 0(9309.00, 9309.00)
route 19, node_num 4, cost 1304.772000, nodes: 0(120000.00, 120000.00) 84 185 0(26802.00, 26802.00)
route 20, node_num 7, cost 1623.244000, nodes: 0(120000.00, 120000.00) 198 720 504 13 861(8540.00, 8540.00) 0(4054.00, 4054.00)
route 21, node_num 6, cost 1412.236000, nodes: 0(120000.00, 120000.00) 303 91 581 702 0(19126.00, 19126.00)
route 22, node_num 7, cost 1292.214000, nodes: 0(120000.00, 120000.00) 765 331 337 695 718 0(27699.00, 27699.00)
route 23, node_num 6, cost 760.270000, nodes: 0(120000.00, 120000.00) 218 524 108 359 0(65695.00, 65695.00)
route 24, node_num 8, cost 1905.232000, nodes: 0(120000.00, 120000.00) 230 437 67 477 194 864(3246.00, 19334.00) 0(0.00, 0.00)
route 25, node_num 8, cost 1080.366000, nodes: 0(120000.00, 120000.00) 123 351 505 611 630 227 0(42831.00, 42831.00)
route 26, node_num 7, cost 896.560000, nodes: 0(120000.00, 120000.00) 558 25 685 257 573 0(55960.00, 55960.00)
route 27, node_num 8, cost 912.800000, nodes: 0(120000.00, 120000.00) 328 708 344 380 417 361 0(54800.00, 54800.00)
route 28, node_num 7, cost 1575.812000, nodes: 0(120000.00, 120000.00) 16 132 186 134 503 0(7442.00, 7442.00)
route 29, node_num 7, cost 758.604000, nodes: 0(120000.00, 120000.00) 133 653 168 88 501 0(65814.00, 65814.00)
route 30, node_num 7, cost 1297.072000, nodes: 0(120000.00, 120000.00) 135 793 606 225 263 0(27352.00, 27352.00)
route 31, node_num 7, cost 918.806000, nodes: 0(120000.00, 120000.00) 268 139 618 301 42 0(54371.00, 54371.00)
route 32, node_num 7, cost 1386.924000, nodes: 0(120000.00, 120000.00) 726 352 592 632 275 0(20934.00, 20934.00)
route 33, node_num 7, cost 665.322000, nodes: 0(120000.00, 120000.00) 659 703 375 37 758 0(72477.00, 72477.00)
route 34, node_num 4, cost 652.946000, nodes: 0(120000.00, 120000.00) 296 312 0(73361.00, 73361.00)
route 35, node_num 7, cost 1508.626000, nodes: 0(120000.00, 120000.00) 921(81946.00, 113946.00) 245 319 407 550 0(44241.00, 44241.00)
route 36, node_num 8, cost 1121.904000, nodes: 0(120000.00, 120000.00) 541 386 690 699 647 487 0(39864.00, 39864.00)
route 37, node_num 7, cost 1388.730000, nodes: 0(120000.00, 120000.00) 55 754 94 751 607 0(20805.00, 20805.00)
route 38, node_num 7, cost 774.130000, nodes: 0(120000.00, 120000.00) 347 499 419 654 559 0(64705.00, 64705.00)
route 39, node_num 5, cost 321.734000, nodes: 0(120000.00, 120000.00) 716 221 189 0(97019.00, 97019.00)
route 40, node_num 6, cost 856.646000, nodes: 0(120000.00, 120000.00) 24 196 434 203 0(58811.00, 58811.00)
route 41, node_num 7, cost 1484.168000, nodes: 0(120000.00, 120000.00) 411 339 795 20 53 0(13988.00, 13988.00)
route 42, node_num 6, cost 921.732000, nodes: 0(120000.00, 120000.00) 769 17 169 360 0(54162.00, 54162.00)
route 43, node_num 8, cost 1647.282000, nodes: 0(120000.00, 120000.00) 22 744 181 172 269 815(33878.00, 33878.00) 0(2337.00, 2337.00)
route 44, node_num 7, cost 1180.732000, nodes: 0(120000.00, 120000.00) 178 86 372 600 770 0(35662.00, 35662.00)
route 45, node_num 7, cost 1886.430000, nodes: 0(120000.00, 120000.00) 945(99812.00, 114557.00) 368 223 429 128 0(0.00, 0.00)
route 46, node_num 7, cost 1583.680000, nodes: 0(120000.00, 120000.00) 321 28 104 54 892(29071.00, 29071.00) 0(6880.00, 6880.00)
route 47, node_num 6, cost 1284.920000, nodes: 0(120000.00, 120000.00) 231 729 179 385 0(28220.00, 28220.00)
route 48, node_num 7, cost 1502.956000, nodes: 0(120000.00, 120000.00) 824(78004.00, 120000.00) 691 637 650 577 0(54642.00, 54642.00)
route 49, node_num 7, cost 1025.528000, nodes: 0(120000.00, 120000.00) 290 792 406 457 643 0(46748.00, 46748.00)
route 50, node_num 5, cost 1648.990000, nodes: 0(120000.00, 120000.00) 402 292 92 0(2215.00, 2215.00)
route 51, node_num 5, cost 222.642000, nodes: 0(120000.00, 120000.00) 261 249 124 0(104097.00, 104097.00)
route 52, node_num 6, cost 1614.774000, nodes: 0(120000.00, 120000.00) 694 610 426 667 0(4659.00, 4659.00)
route 53, node_num 6, cost 810.698000, nodes: 0(120000.00, 120000.00) 453 496 598 509 0(62093.00, 62093.00)
route 54, node_num 7, cost 1366.792000, nodes: 0(120000.00, 120000.00) 790 383 676 639 363 0(22372.00, 22372.00)
route 55, node_num 5, cost 1110.270000, nodes: 0(120000.00, 120000.00) 136 1 106 0(40695.00, 40695.00)
route 56, node_num 7, cost 1312.514000, nodes: 0(120000.00, 120000.00) 713 446 287 396 376 0(26249.00, 26249.00)
route 57, node_num 8, cost 1477.196000, nodes: 0(120000.00, 120000.00) 266 588 570 698 463 803(23601.00, 23601.00) 0(14486.00, 14486.00)
route 58, node_num 5, cost 1145.788000, nodes: 0(120000.00, 120000.00) 553 489 518 0(38158.00, 38158.00)
route 59, node_num 6, cost 1032.920000, nodes: 0(120000.00, 120000.00) 31 62 304 660 0(46220.00, 46220.00)
route 60, node_num 5, cost 479.262000, nodes: 0(120000.00, 120000.00) 206 342 467 0(85767.00, 85767.00)
route 61, node_num 8, cost 1652.854000, nodes: 0(120000.00, 120000.00) 615 682 629 748 589 822(41683.00, 41683.00) 0(1939.00, 1939.00)
route 62, node_num 8, cost 1622.334000, nodes: 0(120000.00, 120000.00) 362 427 43 244 679 923(8633.00, 8633.00) 0(4119.00, 4119.00)
route 63, node_num 6, cost 1587.488000, nodes: 0(120000.00, 120000.00) 546 800 96 488 0(6608.00, 6608.00)
route 64, node_num 7, cost 1482.488000, nodes: 0(120000.00, 120000.00) 289 293 167 436 307 0(14108.00, 14108.00)
route 65, node_num 6, cost 1413.664000, nodes: 0(120000.00, 120000.00) 294 482 533 783 0(19024.00, 19024.00)
route 66, node_num 5, cost 612.318000, nodes: 0(120000.00, 120000.00) 154 142 455 0(76263.00, 76263.00)
route 67, node_num 8, cost 704.970000, nodes: 0(120000.00, 120000.00) 612 297 796 156 70 634 0(69645.00, 69645.00)
route 68, node_num 6, cost 1248.254000, nodes: 0(120000.00, 120000.00) 213 258 243 401 0(30839.00, 30839.00)
route 69, node_num 6, cost 1291.122000, nodes: 0(120000.00, 120000.00) 779 719 622 76 0(27777.00, 27777.00)
route 70, node_num 7, cost 997.080000, nodes: 0(120000.00, 120000.00) 465 246 781 479 405 0(48780.00, 48780.00)
route 71, node_num 7, cost 1650.096000, nodes: 0(120000.00, 120000.00) 322 756 683 787 922(41880.00, 41880.00) 0(2136.00, 2136.00)
route 72, node_num 6, cost 481.040000, nodes: 0(120000.00, 120000.00) 280 46 295 314 0(85640.00, 85640.00)
route 73, node_num 7, cost 1088.864000, nodes: 0(120000.00, 120000.00) 475 522 516 112 724 0(42224.00, 42224.00)
route 74, node_num 7, cost 1635.536000, nodes: 0(120000.00, 120000.00) 513 177 428 668 964(22510.00, 22510.00) 0(3176.00, 3176.00)
route 75, node_num 6, cost 883.624000, nodes: 0(120000.00, 120000.00) 333 56 642 628 0(56884.00, 56884.00)
route 76, node_num 6, cost 1312.276000, nodes: 0(120000.00, 120000.00) 119 323 283 506 0(26266.00, 26266.00)
route 77, node_num 8, cost 473.410000, nodes: 0(120000.00, 120000.00) 671 784 14 212 458 381 0(86185.00, 86185.00)
route 78, node_num 7, cost 1628.746000, nodes: 0(120000.00, 120000.00) 100 238 742 118 365 0(3661.00, 3661.00)
route 79, node_num 7, cost 1086.428000, nodes: 0(120000.00, 120000.00) 367 409 645 11 164 0(42398.00, 42398.00)
route 80, node_num 7, cost 1121.918000, nodes: 0(120000.00, 120000.00) 571 332 447 10 798 0(39863.00, 39863.00)
route 81, node_num 5, cost 565.432000, nodes: 0(120000.00, 120000.00) 21 93 153 0(79612.00, 79612.00)
route 82, node_num 8, cost 1815.982000, nodes: 0(120000.00, 120000.00) 431 652 215 460 45 956(13665.00, 23378.00) 0(0.00, 0.00)
route 83, node_num 8, cost 1401.400000, nodes: 0(120000.00, 120000.00) 68 232 334 444 597 77 0(19900.00, 19900.00)
route 84, node_num 7, cost 921.102000, nodes: 0(120000.00, 120000.00) 740 190 161 237 320 0(54207.00, 54207.00)
route 85, node_num 7, cost 980.546000, nodes: 0(120000.00, 120000.00) 131 52 87 127 205 0(49961.00, 49961.00)
route 86, node_num 7, cost 1291.206000, nodes: 0(120000.00, 120000.00) 737 377 542 155 752 0(27771.00, 27771.00)
route 87, node_num 7, cost 1638.714000, nodes: 0(120000.00, 120000.00) 845(99812.00, 120000.00) 395 710 560 624 0(23137.00, 23137.00)
route 88, node_num 7, cost 1207.220000, nodes: 0(120000.00, 120000.00) 147 400 780 665 370 0(33770.00, 33770.00)
route 89, node_num 8, cost 751.870000, nodes: 0(120000.00, 120000.00) 357 23 270 72 670 61 0(66295.00, 66295.00)
route 90, node_num 8, cost 1561.406000, nodes: 0(120000.00, 120000.00) 510 461 574 723 782 881(45720.00, 45720.00) 0(8471.00, 8471.00)
route 91, node_num 6, cost 849.324000, nodes: 0(120000.00, 120000.00) 762 340 63 271 0(59334.00, 59334.00)
route 92, node_num 7, cost 1185.310000, nodes: 0(120000.00, 120000.00) 166 103 423 18 763 0(35335.00, 35335.00)
route 93, node_num 7, cost 973.560000, nodes: 0(120000.00, 120000.00) 146 422 627 58 98 0(50460.00, 50460.00)
route 94, node_num 5, cost 1431.276000, nodes: 0(120000.00, 120000.00) 424 309 440 0(17766.00, 17766.00)
route 95, node_num 5, cost 297.094000, nodes: 0(120000.00, 120000.00) 109 336 733 0(98779.00, 98779.00)
route 96, node_num 7, cost 1231.580000, nodes: 0(120000.00, 120000.00) 633 273 567 688 278 0(32030.00, 32030.00)
route 97, node_num 8, cost 1062.824000, nodes: 0(120000.00, 120000.00) 175 8 298 262 714 416 0(44084.00, 44084.00)
route 98, node_num 6, cost 1643.460000, nodes: 0(120000.00, 120000.00) 442 648 5 236 0(2610.00, 2610.00)
route 99, node_num 6, cost 641.186000, nodes: 0(120000.00, 120000.00) 640 605 775 578 0(74201.00, 74201.00)
route 100, node_num 8, cost 1671.236000, nodes: 0(120000.00, 120000.00) 830(107152.00, 107152.00) 585 507 575 697 638 0(626.00, 626.00)
route 101, node_num 6, cost 730.632000, nodes: 0(120000.00, 120000.00) 772 786 3 9 0(67812.00, 67812.00)
route 102, node_num 6, cost 1250.004000, nodes: 0(120000.00, 120000.00) 454 481 484 631 0(30714.00, 30714.00)
route 103, node_num 7, cost 1014.552000, nodes: 0(120000.00, 120000.00) 739 430 540 414 71 0(47532.00, 47532.00)
route 104, node_num 7, cost 822.458000, nodes: 0(120000.00, 120000.00) 621 387 490 110 111 0(61253.00, 61253.00)
route 105, node_num 5, cost 932.358000, nodes: 0(120000.00, 120000.00) 288 335 345 0(53403.00, 53403.00)
route 106, node_num 7, cost 1644.986000, nodes: 0(120000.00, 120000.00) 924(78004.00, 120000.00) 229 435 48 741 0(44497.00, 44497.00)
route 107, node_num 6, cost 1623.006000, nodes: 0(120000.00, 120000.00) 348 476 743 466 0(4071.00, 4071.00)
route 108, node_num 6, cost 1575.098000, nodes: 0(120000.00, 120000.00) 478 620 358 572 0(7493.00, 7493.00)
route 109, node_num 6, cost 1432.676000, nodes: 0(120000.00, 120000.00) 788 15 525 211 0(17666.00, 17666.00)
route 110, node_num 6, cost 1520.316000, nodes: 0(120000.00, 120000.00) 797 470 584 224 0(11406.00, 11406.00)
route 111, node_num 7, cost 1403.878000, nodes: 0(120000.00, 120000.00) 492 214 373 279 165 0(19723.00, 19723.00)
route 112, node_num 6, cost 1531.670000, nodes: 0(120000.00, 120000.00) 171 350 483 425 0(10595.00, 10595.00)
route 113, node_num 6, cost 1047.200000, nodes: 0(120000.00, 120000.00) 565 732 188 364 0(45200.00, 45200.00)
route 114, node_num 5, cost 1512.980000, nodes: 0(120000.00, 120000.00) 511 408 182 0(11930.00, 11930.00)
route 115, node_num 5, cost 547.078000, nodes: 0(120000.00, 120000.00) 545 374 117 0(80923.00, 80923.00)
route 116, node_num 6, cost 992.880000, nodes: 0(120000.00, 120000.00) 415 144 366 413 0(49080.00, 49080.00)
route 117, node_num 7, cost 1554.798000, nodes: 0(120000.00, 120000.00) 517 199 549 251 840(42089.00, 42089.00) 0(8943.00, 8943.00)
route 118, node_num 8, cost 1792.420000, nodes: 0(120000.00, 120000.00) 497 601 512 613 83 928(24974.00, 33004.00) 0(0.00, 0.00)
route 119, node_num 8, cost 1517.656000, nodes: 0(120000.00, 120000.00) 821(81946.00, 81946.00) 485 700 750 412 219 0(11596.00, 11596.00)
route 120, node_num 8, cost 1296.652000, nodes: 0(120000.00, 120000.00) 731 220 554 722 785 608 0(27382.00, 27382.00)
route 121, node_num 6, cost 1549.254000, nodes: 0(120000.00, 120000.00) 662 534 433 274 0(9339.00, 9339.00)
route 122, node_num 9, cost 1787.016000, nodes: 0(120000.00, 120000.00) 543 418 329 291 709 378 915(23897.00, 31541.00) 0(0.00, 0.00)
route 123, node_num 7, cost 1149.736000, nodes: 0(120000.00, 120000.00) 382 371 678 486 192 0(37876.00, 37876.00)
route 124, node_num 5, cost 955.626000, nodes: 0(120000.00, 120000.00) 537 693 95 0(51741.00, 51741.00)
route 125, node_num 7, cost 1480.150000, nodes: 0(120000.00, 120000.00) 539 183 163 529 248 0(14275.00, 14275.00)
route 126, node_num 8, cost 1792.490000, nodes: 0(120000.00, 120000.00) 755 26 162 29 32 838(32484.00, 40519.00) 0(0.00, 0.00)
route 127, node_num 8, cost 1686.328000, nodes: 0(120000.00, 120000.00) 582 149 686 260 761 895(13778.00, 14230.00) 0(0.00, 0.00)
route 128, node_num 7, cost 699.496000, nodes: 0(120000.00, 120000.00) 544 557 384 115 464 0(70036.00, 70036.00)
route 129, node_num 7, cost 1031.898000, nodes: 0(120000.00, 120000.00) 774 736 493 254 674 0(46293.00, 46293.00)
route 130, node_num 6, cost 746.438000, nodes: 0(120000.00, 120000.00) 473 655 353 65 0(66683.00, 66683.00)
route 131, node_num 7, cost 1132.810000, nodes: 0(120000.00, 120000.00) 267 421 617 508 404 0(39085.00, 39085.00)
route 132, node_num 6, cost 894.082000, nodes: 0(120000.00, 120000.00) 443 664 39 216 0(56137.00, 56137.00)
route 133, node_num 7, cost 1221.878000, nodes: 0(120000.00, 120000.00) 44 69 623 586 170 0(32723.00, 32723.00)
route 134, node_num 7, cost 490.574000, nodes: 0(120000.00, 120000.00) 247 502 82 602 300 0(84959.00, 84959.00)
route 135, node_num 7, cost 346.920000, nodes: 0(120000.00, 120000.00) 338 445 561 310 12 0(95220.00, 95220.00)
route 136, node_num 4, cost 276.724000, nodes: 0(120000.00, 120000.00) 568 498 0(100234.00, 100234.00)
route 137, node_num 7, cost 1020.894000, nodes: 0(120000.00, 120000.00) 569 40 777 152 122 0(47079.00, 47079.00)
route 138, node_num 5, cost 1129.198000, nodes: 0(120000.00, 120000.00) 393 515 150 0(39343.00, 39343.00)
route 139, node_num 7, cost 1429.274000, nodes: 0(120000.00, 120000.00) 6 89 308 264 771 0(17909.00, 17909.00)
route 140, node_num 5, cost 257.138000, nodes: 0(120000.00, 120000.00) 583 398 311 0(101633.00, 101633.00)
route 141, node_num 8, cost 1695.764000, nodes: 0(120000.00, 120000.00) 830(107152.00, 120000.00) 449 746 325 794 521 0(11722.00, 11722.00)
route 142, node_num 6, cost 974.974000, nodes: 0(120000.00, 120000.00) 210 2 299 410 0(50359.00, 50359.00)
route 143, node_num 6, cost 987.742000, nodes: 0(120000.00, 120000.00) 64 438 121 130 0(49447.00, 49447.00)
route 144, node_num 7, cost 1588.552000, nodes: 0(120000.00, 120000.00) 593 706 51 66 923(11046.00, 11046.00) 0(6532.00, 6532.00)
route 145, node_num 6, cost 1533.742000, nodes: 0(120000.00, 120000.00) 594 519 78 531 0(10447.00, 10447.00)
route 146, node_num 6, cost 1203.482000, nodes: 0(120000.00, 120000.00) 646 432 252 97 0(34037.00, 34037.00)
route 147, node_num 7, cost 1395.646000, nodes: 0(120000.00, 120000.00) 596 259 302 349 661 0(20311.00, 20311.00)
route 148, node_num 5, cost 1118.656000, nodes: 0(120000.00, 120000.00) 604 651 649 0(40096.00, 40096.00)
route 149, node_num 8, cost 1201.326000, nodes: 0(120000.00, 120000.00) 195 239 389 548 129 113 0(34191.00, 34191.00)
route 150, node_num 7, cost 874.790000, nodes: 0(120000.00, 120000.00) 614 535 313 641 663 0(57515.00, 57515.00)
route 151, node_num 8, cost 1507.982000, nodes: 0(120000.00, 120000.00) 284 753 523 180 73 828(45291.00, 45291.00) 0(12287.00, 12287.00)
route 152, node_num 6, cost 1567.860000, nodes: 0(120000.00, 120000.00) 619 666 60 253 0(8010.00, 8010.00)
route 153, node_num 7, cost 1115.534000, nodes: 0(120000.00, 120000.00) 595 547 242 773 712 0(40319.00, 40319.00)
route 154, node_num 7, cost 1660.064000, nodes: 0(120000.00, 120000.00) 930(107152.00, 107152.00) 563 356 474 281 0(1424.00, 1424.00)
route 155, node_num 6, cost 1077.384000, nodes: 0(120000.00, 120000.00) 626 468 727 379 0(43044.00, 43044.00)
route 156, node_num 6, cost 550.158000, nodes: 0(120000.00, 120000.00) 403 441 469 277 0(80703.00, 80703.00)
route 157, node_num 7, cost 957.166000, nodes: 0(120000.00, 120000.00) 255 116 81 47 749 0(51631.00, 51631.00)
route 158, node_num 7, cost 957.810000, nodes: 0(120000.00, 120000.00) 673 472 19 495 705 0(51585.00, 51585.00)
route 159, node_num 7, cost 923.720000, nodes: 0(120000.00, 120000.00) 228 391 636 734 317 0(54020.00, 54020.00)
route 160, node_num 7, cost 1015.112000, nodes: 0(120000.00, 120000.00) 760 576 137 500 590 0(47492.00, 47492.00)
route 161, node_num 8, cost 1848.868000, nodes: 0(120000.00, 120000.00) 591 355 125 684 656 911(35482.00, 47544.00) 0(0.00, 0.00)
route 162, node_num 6, cost 1479.702000, nodes: 0(120000.00, 120000.00) 669 747 208 59 0(14307.00, 14307.00)
route 163, node_num 8, cost 1705.620000, nodes: 0(120000.00, 120000.00) 126 644 143 494 562 995(12400.00, 14230.00) 0(0.00, 0.00)
route 164, node_num 5, cost 1129.842000, nodes: 0(120000.00, 120000.00) 672 235 114 0(39297.00, 39297.00)
route 165, node_num 7, cost 1608.446000, nodes: 0(120000.00, 120000.00) 977(102343.00, 120000.00) 160 452 202 197 0(22768.00, 22768.00)
route 166, node_num 7, cost 1415.764000, nodes: 0(120000.00, 120000.00) 681 704 151 191 390 0(18874.00, 18874.00)
route 167, node_num 7, cost 994.966000, nodes: 0(120000.00, 120000.00) 102 27 272 397 448 0(48931.00, 48931.00)
route 168, node_num 6, cost 1589.042000, nodes: 0(120000.00, 120000.00) 735 696 392 256 0(6497.00, 6497.00)
route 169, node_num 7, cost 881.468000, nodes: 0(120000.00, 120000.00) 551 282 240 36 138 0(57038.00, 57038.00)
route 170, node_num 5, cost 1501.024000, nodes: 0(120000.00, 120000.00) 480 145 200 0(12784.00, 12784.00)
route 171, node_num 8, cost 1692.320000, nodes: 0(120000.00, 120000.00) 101 330 41 209 730 877(19143.00, 20023.00) 0(0.00, 0.00)
route 172, node_num 3, cost 146.622000, nodes: 0(120000.00, 120000.00) 556 0(109527.00, 109527.00)
route 173, node_num 7, cost 1596.028000, nodes: 0(120000.00, 120000.00) 141 680 609 50 857(8355.00, 8355.00) 0(5998.00, 5998.00)
route 174, node_num 7, cost 570.486000, nodes: 0(120000.00, 120000.00) 728 451 241 343 306 0(79251.00, 79251.00)
route 175, node_num 5, cost 150.878000, nodes: 0(120000.00, 120000.00) 603 327 286 0(109223.00, 109223.00)
route 176, node_num 6, cost 1517.908000, nodes: 0(120000.00, 120000.00) 250 318 527 491 0(11578.00, 11578.00)
route 177, node_num 8, cost 1600.214000, nodes: 0(120000.00, 120000.00) 204 305 49 226 159 823(10213.00, 10213.00) 0(5699.00, 5699.00)
route 178, node_num 7, cost 1043.168000, nodes: 0(120000.00, 120000.00) 388 657 184 74 234 0(45488.00, 45488.00)
route 179, node_num 6, cost 1006.670000, nodes: 0(120000.00, 120000.00) 341 217 725 207 0(48095.00, 48095.00)
route 180, node_num 6, cost 1496.376000, nodes: 0(120000.00, 120000.00) 757 625 316 79 0(13116.00, 13116.00)
route 181, node_num 7, cost 1416.240000, nodes: 0(120000.00, 120000.00) 789 555 768 717 456 0(18840.00, 18840.00)
vehicle (route) number: 182
Total cost: 269445.25
332748.04, 12652.31
329152.79, 12633.84
326312.38, 12655.34
327907.53, 12651.79
331496.00, 12615.28
320383.81, 12608.78
307113.88, 12610.77
302872.24, 12627.22
269445.25, 13019.57
282038.77, 12600.36
