Details of the solution:
route 0, node_num 7, cost 1265.978000, nodes: 0(120000.00, 120000.00) 321 6 137 564 664 0(29573.00, 29573.00)
route 1, node_num 7, cost 1565.284000, nodes: 0(120000.00, 120000.00) 699 523 475 292 714 0(8194.00, 8194.00)
route 2, node_num 7, cost 870.394000, nodes: 0(120000.00, 120000.00) 97 83 659 385 242 0(57829.00, 57829.00)
route 3, node_num 7, cost 1650.670000, nodes: 0(120000.00, 120000.00) 372 326 391 217 911(25267.00, 25267.00) 0(2095.00, 2095.00)
route 4, node_num 7, cost 893.298000, nodes: 0(120000.00, 120000.00) 471 216 658 708 403 0(56193.00, 56193.00)
route 5, node_num 6, cost 851.886000, nodes: 0(120000.00, 120000.00) 363 8 544 587 0(59151.00, 59151.00)
route 6, node_num 7, cost 1517.782000, nodes: 0(120000.00, 120000.00) 864(110411.00, 110411.00) 123 173 555 785 0(11587.00, 11587.00)
route 7, node_num 6, cost 399.896000, nodes: 0(120000.00, 120000.00) 31 662 472 240 0(91436.00, 91436.00)
route 8, node_num 8, cost 1581.426000, nodes: 0(120000.00, 120000.00) 600 42 778 85 212 864(13402.00, 13402.00) 0(7041.00, 7041.00)
route 9, node_num 8, cost 583.744000, nodes: 0(120000.00, 120000.00) 631 288 593 74 334 398 0(78304.00, 78304.00)
route 10, node_num 6, cost 1270.990000, nodes: 0(120000.00, 120000.00) 712 599 402 221 0(29215.00, 29215.00)
route 11, node_num 9, cost 1477.546000, nodes: 0(120000.00, 120000.00) 419 693 66 698 214 435 979(52894.00, 52894.00) 0(14461.00, 14461.00)
route 12, node_num 8, cost 714.196000, nodes: 0(120000.00, 120000.00) 205 130 273 384 323 126 0(68986.00, 68986.00)
route 13, node_num 7, cost 1094.562000, nodes: 0(120000.00, 120000.00) 58 738 159 759 258 0(41817.00, 41817.00)
route 14, node_num 6, cost 347.340000, nodes: 0(120000.00, 120000.00) 220 150 161 795 0(95190.00, 95190.00)
route 15, node_num 7, cost 1056.356000, nodes: 0(120000.00, 120000.00) 64 356 335 409 32 0(44546.00, 44546.00)
route 16, node_num 6, cost 1025.962000, nodes: 0(120000.00, 120000.00) 498 265 735 243 0(46717.00, 46717.00)
route 17, node_num 6, cost 1623.104000, nodes: 0(120000.00, 120000.00) 168 16 201 921(43291.00, 43291.00) 0(4064.00, 4064.00)
route 18, node_num 7, cost 1620.234000, nodes: 0(120000.00, 120000.00) 680 623 50 779 893(18359.00, 18359.00) 0(4269.00, 4269.00)
route 19, node_num 8, cost 1807.610000, nodes: 0(120000.00, 120000.00) 78 502 932(47654.00, 47654.00) 618 10 838(8004.00, 17119.00) 0(0.00, 0.00)
route 20, node_num 6, cost 735.196000, nodes: 0(120000.00, 120000.00) 586 351 72 719 0(67486.00, 67486.00)
route 21, node_num 6, cost 433.902000, nodes: 0(120000.00, 120000.00) 89 93 183 442 0(89007.00, 89007.00)
route 22, node_num 6, cost 625.198000, nodes: 0(120000.00, 120000.00) 17 540 491 609 0(75343.00, 75343.00)
route 23, node_num 8, cost 1717.758000, nodes: 0(120000.00, 120000.00) 98 716 3 308 755 835(43075.00, 45772.00) 0(0.00, 0.00)
route 24, node_num 7, cost 1295.504000, nodes: 0(120000.00, 120000.00) 340 788 163 378 474 0(27464.00, 27464.00)
route 25, node_num 7, cost 1405.670000, nodes: 0(120000.00, 120000.00) 122 485 310 67 748 0(19595.00, 19595.00)
route 26, node_num 5, cost 1053.360000, nodes: 0(120000.00, 120000.00) 138 278 753 0(44760.00, 44760.00)
route 27, node_num 8, cost 1811.026000, nodes: 0(120000.00, 120000.00) 445 520 531 754 249 976(17092.00, 26451.00) 0(0.00, 0.00)
route 28, node_num 6, cost 1311.786000, nodes: 0(120000.00, 120000.00) 798 9 747 614 0(26301.00, 26301.00)
route 29, node_num 7, cost 1628.774000, nodes: 0(120000.00, 120000.00) 132 330 141 539 884(43024.00, 43024.00) 0(3659.00, 3659.00)
route 30, node_num 7, cost 1640.618000, nodes: 0(120000.00, 120000.00) 36 280 358 94 993(16903.00, 16903.00) 0(2813.00, 2813.00)
route 31, node_num 6, cost 1017.254000, nodes: 0(120000.00, 120000.00) 535 341 552 528 0(47339.00, 47339.00)
route 32, node_num 7, cost 940.716000, nodes: 0(120000.00, 120000.00) 227 368 198 379 235 0(52806.00, 52806.00)
route 33, node_num 7, cost 1473.836000, nodes: 0(120000.00, 120000.00) 420 447 176 296 743 0(14726.00, 14726.00)
route 34, node_num 6, cost 1262.254000, nodes: 0(120000.00, 120000.00) 143 75 776 770 0(29839.00, 29839.00)
route 35, node_num 7, cost 1173.256000, nodes: 0(120000.00, 120000.00) 146 768 490 15 254 0(36196.00, 36196.00)
route 36, node_num 6, cost 1096.032000, nodes: 0(120000.00, 120000.00) 149 25 741 345 0(41712.00, 41712.00)
route 37, node_num 5, cost 984.984000, nodes: 0(120000.00, 120000.00) 574 131 764 0(49644.00, 49644.00)
route 38, node_num 7, cost 1634.668000, nodes: 0(120000.00, 120000.00) 133 655 207 11 845(29140.00, 29140.00) 0(3238.00, 3238.00)
route 39, node_num 8, cost 1615.264000, nodes: 0(120000.00, 120000.00) 449 282 750 440 194 914(42240.00, 42240.00) 0(4624.00, 4624.00)
route 40, node_num 8, cost 1614.802000, nodes: 0(120000.00, 120000.00) 70 286 676 771 746 998(45901.00, 45901.00) 0(4657.00, 4657.00)
route 41, node_num 7, cost 1060.094000, nodes: 0(120000.00, 120000.00) 510 151 41 370 431 0(44279.00, 44279.00)
route 42, node_num 7, cost 546.826000, nodes: 0(120000.00, 120000.00) 439 459 142 51 293 0(80941.00, 80941.00)
route 43, node_num 7, cost 1758.554000, nodes: 0(120000.00, 120000.00) 702 881(90187.00, 95798.00) 568 422 514 0(0.00, 0.00)
route 44, node_num 6, cost 1920.198000, nodes: 0(120000.00, 120000.00) 186 847(50980.00, 120000.00) 196 346 0(51863.00, 51863.00)
route 45, node_num 6, cost 973.812000, nodes: 0(120000.00, 120000.00) 269 210 387 569 0(50442.00, 50442.00)
route 46, node_num 7, cost 1186.136000, nodes: 0(120000.00, 120000.00) 190 5 642 800 545 0(35276.00, 35276.00)
route 47, node_num 7, cost 917.574000, nodes: 0(120000.00, 120000.00) 687 206 24 782 121 0(54459.00, 54459.00)
route 48, node_num 7, cost 1120.126000, nodes: 0(120000.00, 120000.00) 386 189 400 633 84 0(39991.00, 39991.00)
route 49, node_num 6, cost 1394.050000, nodes: 0(120000.00, 120000.00) 651 454 632 416 0(20425.00, 20425.00)
route 50, node_num 7, cost 1144.304000, nodes: 0(120000.00, 120000.00) 35 793 224 29 450 0(38264.00, 38264.00)
route 51, node_num 8, cost 1559.698000, nodes: 0(120000.00, 120000.00) 992(87550.00, 87550.00) 637 679 61 344 135 0(8593.00, 8593.00)
route 52, node_num 7, cost 588.210000, nodes: 0(120000.00, 120000.00) 461 763 119 191 546 0(77985.00, 77985.00)
route 53, node_num 6, cost 669.326000, nodes: 0(120000.00, 120000.00) 158 635 365 646 0(72191.00, 72191.00)
route 54, node_num 7, cost 1638.686000, nodes: 0(120000.00, 120000.00) 724 76 538 444 821(42178.00, 42178.00) 0(2951.00, 2951.00)
route 55, node_num 6, cost 1189.440000, nodes: 0(120000.00, 120000.00) 174 253 154 229 0(35040.00, 35040.00)
route 56, node_num 7, cost 1467.690000, nodes: 0(120000.00, 120000.00) 362 218 103 53 470 0(15165.00, 15165.00)
route 57, node_num 5, cost 498.162000, nodes: 0(120000.00, 120000.00) 262 792 388 0(84417.00, 84417.00)
route 58, node_num 5, cost 1564.822000, nodes: 0(120000.00, 120000.00) 733 281 920(52837.00, 52837.00) 0(8227.00, 8227.00)
route 59, node_num 7, cost 1114.302000, nodes: 0(120000.00, 120000.00) 225 605 594 424 271 0(40407.00, 40407.00)
route 60, node_num 8, cost 1664.586000, nodes: 0(120000.00, 120000.00) 332 1 261 54 678 933(14039.00, 14039.00) 0(1101.00, 1101.00)
route 61, node_num 6, cost 950.684000, nodes: 0(120000.00, 120000.00) 59 300 536 653 0(52094.00, 52094.00)
route 62, node_num 8, cost 1754.662000, nodes: 0(120000.00, 120000.00) 230 423 561 583 60 872(37584.00, 42917.00) 0(0.00, 0.00)
route 63, node_num 7, cost 1589.406000, nodes: 0(120000.00, 120000.00) 985(97648.00, 97648.00) 537 411 175 63 0(6471.00, 6471.00)
route 64, node_num 7, cost 1611.932000, nodes: 0(120000.00, 120000.00) 314 650 497 389 906(41100.00, 41100.00) 0(4862.00, 4862.00)
route 65, node_num 5, cost 1315.160000, nodes: 0(120000.00, 120000.00) 259 99 136 0(26060.00, 26060.00)
route 66, node_num 7, cost 654.654000, nodes: 0(120000.00, 120000.00) 256 129 100 515 289 0(73239.00, 73239.00)
route 67, node_num 7, cost 1855.742000, nodes: 0(120000.00, 120000.00) 781 426 519 453 988(23678.00, 36231.00) 0(0.00, 0.00)
route 68, node_num 7, cost 1486.814000, nodes: 0(120000.00, 120000.00) 312 71 701 762 774 0(13799.00, 13799.00)
route 69, node_num 7, cost 1370.642000, nodes: 0(120000.00, 120000.00) 62 339 530 462 572 0(22097.00, 22097.00)
route 70, node_num 6, cost 676.256000, nodes: 0(120000.00, 120000.00) 20 749 670 164 0(71696.00, 71696.00)
route 71, node_num 6, cost 743.386000, nodes: 0(120000.00, 120000.00) 79 237 695 629 0(66901.00, 66901.00)
route 72, node_num 8, cost 478.366000, nodes: 0(120000.00, 120000.00) 294 88 367 718 751 39 0(85831.00, 85831.00)
route 73, node_num 6, cost 400.148000, nodes: 0(120000.00, 120000.00) 468 558 570 47 0(91418.00, 91418.00)
route 74, node_num 6, cost 1553.650000, nodes: 0(120000.00, 120000.00) 853(84325.00, 84325.00) 582 287 276 0(9025.00, 9025.00)
route 75, node_num 6, cost 295.596000, nodes: 0(120000.00, 120000.00) 226 580 279 359 0(98886.00, 98886.00)
route 76, node_num 7, cost 1062.936000, nodes: 0(120000.00, 120000.00) 576 114 682 598 641 0(44076.00, 44076.00)
route 77, node_num 8, cost 913.920000, nodes: 0(120000.00, 120000.00) 199 268 147 639 543 668 0(54720.00, 54720.00)
route 78, node_num 7, cost 1507.884000, nodes: 0(120000.00, 120000.00) 913(103233.00, 103233.00) 448 376 630 347 0(12294.00, 12294.00)
route 79, node_num 7, cost 1609.552000, nodes: 0(120000.00, 120000.00) 772 595 392 45 500 0(5032.00, 5032.00)
route 80, node_num 7, cost 1179.178000, nodes: 0(120000.00, 120000.00) 511 797 267 597 353 0(35773.00, 35773.00)
route 81, node_num 7, cost 1101.786000, nodes: 0(120000.00, 120000.00) 303 634 550 517 433 0(41301.00, 41301.00)
route 82, node_num 7, cost 1496.166000, nodes: 0(120000.00, 120000.00) 727 315 783 87 652 0(13131.00, 13131.00)
route 83, node_num 7, cost 1439.578000, nodes: 0(120000.00, 120000.00) 765 336 590 512 647 0(17173.00, 17173.00)
route 84, node_num 7, cost 1129.576000, nodes: 0(120000.00, 120000.00) 622 320 366 295 784 0(39316.00, 39316.00)
route 85, node_num 6, cost 866.096000, nodes: 0(120000.00, 120000.00) 613 284 556 7 0(58136.00, 58136.00)
route 86, node_num 5, cost 987.770000, nodes: 0(120000.00, 120000.00) 197 234 601 0(49445.00, 49445.00)
route 87, node_num 7, cost 435.596000, nodes: 0(120000.00, 120000.00) 333 144 165 337 721 0(88886.00, 88886.00)
route 88, node_num 7, cost 1587.264000, nodes: 0(120000.00, 120000.00) 238 250 33 401 325 0(6624.00, 6624.00)
route 89, node_num 7, cost 1927.058000, nodes: 0(120000.00, 120000.00) 608 117 456 563 845(8255.00, 25902.00) 0(0.00, 0.00)
route 90, node_num 7, cost 1660.428000, nodes: 0(120000.00, 120000.00) 567 211 505 410 880(36326.00, 36326.00) 0(1398.00, 1398.00)
route 91, node_num 8, cost 1655.934000, nodes: 0(120000.00, 120000.00) 728 654 706 90 275 936(34970.00, 34970.00) 0(1719.00, 1719.00)
route 92, node_num 6, cost 1381.618000, nodes: 0(120000.00, 120000.00) 761 607 458 299 0(21313.00, 21313.00)
route 93, node_num 8, cost 1876.140000, nodes: 0(120000.00, 120000.00) 506 661 307 118 248 972(28907.00, 42917.00) 0(0.00, 0.00)
route 94, node_num 7, cost 1518.888000, nodes: 0(120000.00, 120000.00) 494 446 382 855(61844.00, 61844.00) 252 0(11508.00, 11508.00)
route 95, node_num 7, cost 928.536000, nodes: 0(120000.00, 120000.00) 18 397 108 383 507 0(53676.00, 53676.00)
route 96, node_num 8, cost 1039.864000, nodes: 0(120000.00, 120000.00) 338 322 301 329 244 178 0(45724.00, 45724.00)
route 97, node_num 6, cost 561.176000, nodes: 0(120000.00, 120000.00) 181 309 790 393 0(79916.00, 79916.00)
route 98, node_num 6, cost 1612.492000, nodes: 0(120000.00, 120000.00) 371 155 125 457 0(4822.00, 4822.00)
route 99, node_num 7, cost 1533.980000, nodes: 0(120000.00, 120000.00) 355 40 331 526 961(53448.00, 53448.00) 0(10430.00, 10430.00)
route 100, node_num 7, cost 1042.118000, nodes: 0(120000.00, 120000.00) 374 557 700 251 541 0(45563.00, 45563.00)
route 101, node_num 8, cost 2028.348000, nodes: 0(120000.00, 120000.00) 740 22 406 794 624 876(1569.00, 26451.00) 0(0.00, 0.00)
route 102, node_num 7, cost 1049.818000, nodes: 0(120000.00, 120000.00) 260 394 704 324 34 0(45013.00, 45013.00)
route 103, node_num 8, cost 1654.282000, nodes: 0(120000.00, 120000.00) 578 395 69 549 575 898(43081.00, 43081.00) 0(1837.00, 1837.00)
route 104, node_num 7, cost 1106.336000, nodes: 0(120000.00, 120000.00) 350 2 715 257 705 0(40976.00, 40976.00)
route 105, node_num 7, cost 1846.936000, nodes: 0(120000.00, 120000.00) 399 525 160 128 945(13978.00, 25902.00) 0(0.00, 0.00)
route 106, node_num 8, cost 779.016000, nodes: 0(120000.00, 120000.00) 124 713 745 619 674 153 0(64356.00, 64356.00)
route 107, node_num 6, cost 1545.502000, nodes: 0(120000.00, 120000.00) 429 277 685 694 0(9607.00, 9607.00)
route 108, node_num 6, cost 1058.652000, nodes: 0(120000.00, 120000.00) 787 412 513 697 0(44382.00, 44382.00)
route 109, node_num 8, cost 1644.566000, nodes: 0(120000.00, 120000.00) 413 352 669 696 482 875(40348.00, 40348.00) 0(2531.00, 2531.00)
route 110, node_num 5, cost 678.720000, nodes: 0(120000.00, 120000.00) 418 106 57 0(71520.00, 71520.00)
route 111, node_num 7, cost 1796.578000, nodes: 0(120000.00, 120000.00) 405 621 302 503 854(34631.00, 42958.00) 0(0.00, 0.00)
route 112, node_num 7, cost 1314.320000, nodes: 0(120000.00, 120000.00) 742 80 553 266 30 0(26120.00, 26120.00)
route 113, node_num 8, cost 737.800000, nodes: 0(120000.00, 120000.00) 443 744 636 489 195 81 0(67300.00, 67300.00)
route 114, node_num 7, cost 1653.568000, nodes: 0(120000.00, 120000.00) 223 588 521 245 910(45085.00, 45085.00) 0(1888.00, 1888.00)
route 115, node_num 6, cost 1366.890000, nodes: 0(120000.00, 120000.00) 791 452 554 170 0(22365.00, 22365.00)
route 116, node_num 8, cost 1591.898000, nodes: 0(120000.00, 120000.00) 193 577 665 167 493 832(40260.00, 40260.00) 0(6293.00, 6293.00)
route 117, node_num 8, cost 394.520000, nodes: 0(120000.00, 120000.00) 65 92 95 203 495 487 0(91820.00, 91820.00)
route 118, node_num 5, cost 1286.068000, nodes: 0(120000.00, 120000.00) 415 113 156 0(28138.00, 28138.00)
route 119, node_num 7, cost 1672.034000, nodes: 0(120000.00, 120000.00) 328 148 304 414 945(26471.00, 26471.00) 0(569.00, 569.00)
route 120, node_num 7, cost 1460.312000, nodes: 0(120000.00, 120000.00) 469 285 965(78547.00, 78547.00) 239 184 0(15692.00, 15692.00)
route 121, node_num 5, cost 474.180000, nodes: 0(120000.00, 120000.00) 228 729 283 0(86130.00, 86130.00)
route 122, node_num 6, cost 1604.386000, nodes: 0(120000.00, 120000.00) 757 509 524 686 0(5401.00, 5401.00)
route 123, node_num 7, cost 1552.880000, nodes: 0(120000.00, 120000.00) 957(94699.00, 94699.00) 518 369 213 673 0(9080.00, 9080.00)
route 124, node_num 6, cost 1465.142000, nodes: 0(120000.00, 120000.00) 486 43 565 463 0(15347.00, 15347.00)
route 125, node_num 7, cost 1575.966000, nodes: 0(120000.00, 120000.00) 105 732 438 681 948(32128.00, 32128.00) 0(7431.00, 7431.00)
route 126, node_num 6, cost 1221.290000, nodes: 0(120000.00, 120000.00) 723 625 169 604 0(32765.00, 32765.00)
route 127, node_num 6, cost 1673.070000, nodes: 0(120000.00, 120000.00) 499 885(97091.00, 97091.00) 547 101 0(495.00, 495.00)
route 128, node_num 7, cost 1608.460000, nodes: 0(120000.00, 120000.00) 756 663 441 760 879(43543.00, 43543.00) 0(5110.00, 5110.00)
route 129, node_num 7, cost 972.230000, nodes: 0(120000.00, 120000.00) 38 436 297 171 13 0(50555.00, 50555.00)
route 130, node_num 5, cost 345.254000, nodes: 0(120000.00, 120000.00) 516 477 573 0(95339.00, 95339.00)
route 131, node_num 7, cost 967.288000, nodes: 0(120000.00, 120000.00) 290 571 562 591 134 0(50908.00, 50908.00)
route 132, node_num 7, cost 1149.582000, nodes: 0(120000.00, 120000.00) 102 691 559 508 529 0(37887.00, 37887.00)
route 133, node_num 9, cost 1512.378000, nodes: 0(120000.00, 120000.00) 551 660 645 684 73 342 831(44638.00, 44638.00) 0(11973.00, 11973.00)
route 134, node_num 9, cost 570.640000, nodes: 0(120000.00, 120000.00) 219 451 215 690 606 396 566 0(79240.00, 79240.00)
route 135, node_num 7, cost 935.368000, nodes: 0(120000.00, 120000.00) 789 236 166 736 145 0(53188.00, 53188.00)
route 136, node_num 8, cost 380.044000, nodes: 0(120000.00, 120000.00) 473 291 460 522 501 627 0(92854.00, 92854.00)
route 137, node_num 7, cost 1606.640000, nodes: 0(120000.00, 120000.00) 305 726 390 12 980(40168.00, 40168.00) 0(5240.00, 5240.00)
route 138, node_num 6, cost 1394.120000, nodes: 0(120000.00, 120000.00) 464 14 437 675 0(20420.00, 20420.00)
route 139, node_num 6, cost 1089.046000, nodes: 0(120000.00, 120000.00) 247 274 688 21 0(42211.00, 42211.00)
route 140, node_num 7, cost 880.110000, nodes: 0(120000.00, 120000.00) 55 360 107 319 209 0(57135.00, 57135.00)
route 141, node_num 7, cost 1761.746000, nodes: 0(120000.00, 120000.00) 752 818(84034.00, 120000.00) 404 711 548 0(30127.00, 30127.00)
route 142, node_num 8, cost 600.600000, nodes: 0(120000.00, 120000.00) 589 542 298 348 479 200 0(77100.00, 77100.00)
route 143, node_num 7, cost 1397.564000, nodes: 0(120000.00, 120000.00) 104 86 179 109 316 0(20174.00, 20174.00)
route 144, node_num 7, cost 1382.052000, nodes: 0(120000.00, 120000.00) 612 786 188 466 232 0(21282.00, 21282.00)
route 145, node_num 7, cost 816.648000, nodes: 0(120000.00, 120000.00) 611 68 208 434 692 0(61668.00, 61668.00)
route 146, node_num 7, cost 1934.072000, nodes: 0(120000.00, 120000.00) 991(100789.00, 120000.00) 720 643 666 581 0(1063.00, 1063.00)
route 147, node_num 7, cost 1670.928000, nodes: 0(120000.00, 120000.00) 816(95738.00, 95738.00) 796 264 481 222 0(648.00, 648.00)
route 148, node_num 7, cost 498.064000, nodes: 0(120000.00, 120000.00) 615 656 725 96 48 0(84424.00, 84424.00)
route 149, node_num 6, cost 1313.046000, nodes: 0(120000.00, 120000.00) 77 354 689 37 0(26211.00, 26211.00)
route 150, node_num 8, cost 876.386000, nodes: 0(120000.00, 120000.00) 617 140 649 91 375 182 0(57401.00, 57401.00)
route 151, node_num 7, cost 1333.990000, nodes: 0(120000.00, 120000.00) 192 640 82 313 110 0(24715.00, 24715.00)
route 152, node_num 9, cost 438.144000, nodes: 0(120000.00, 120000.00) 777 23 767 465 361 311 425 0(88704.00, 88704.00)
route 153, node_num 6, cost 1077.888000, nodes: 0(120000.00, 120000.00) 428 162 152 610 0(43008.00, 43008.00)
route 154, node_num 7, cost 1315.706000, nodes: 0(120000.00, 120000.00) 628 263 534 492 769 0(26021.00, 26021.00)
route 155, node_num 7, cost 868.112000, nodes: 0(120000.00, 120000.00) 4 377 349 417 626 0(57992.00, 57992.00)
route 156, node_num 6, cost 984.060000, nodes: 0(120000.00, 120000.00) 185 478 560 120 0(49710.00, 49710.00)
route 157, node_num 8, cost 1658.020000, nodes: 0(120000.00, 120000.00) 710 671 116 343 780 811(24742.00, 24742.00) 0(1570.00, 1570.00)
route 158, node_num 6, cost 1888.194000, nodes: 0(120000.00, 120000.00) 644 427 380 888(21360.00, 36231.00) 0(0.00, 0.00)
route 159, node_num 7, cost 1366.960000, nodes: 0(120000.00, 120000.00) 177 648 722 703 180 0(22360.00, 22360.00)
route 160, node_num 7, cost 1804.502000, nodes: 0(120000.00, 120000.00) 373 667 730 527 977(33583.00, 42476.00) 0(0.00, 0.00)
route 161, node_num 8, cost 1638.294000, nodes: 0(120000.00, 120000.00) 255 357 467 46 799 848(27676.00, 27676.00) 0(2979.00, 2979.00)
route 162, node_num 7, cost 1451.184000, nodes: 0(120000.00, 120000.00) 683 172 56 112 979(54777.00, 54777.00) 0(16344.00, 16344.00)
route 163, node_num 8, cost 1865.668000, nodes: 0(120000.00, 120000.00) 533 672 187 49 739 936(19989.00, 33251.00) 0(0.00, 0.00)
route 164, node_num 6, cost 1543.556000, nodes: 0(120000.00, 120000.00) 27 638 202 381 0(9746.00, 9746.00)
route 165, node_num 8, cost 1702.470000, nodes: 0(120000.00, 120000.00) 246 157 421 483 233 935(44167.00, 45772.00) 0(0.00, 0.00)
route 166, node_num 6, cost 1942.752000, nodes: 0(120000.00, 120000.00) 44 975(77855.00, 96623.00) 592 272 0(0.00, 0.00)
route 167, node_num 8, cost 2131.948000, nodes: 0(120000.00, 120000.00) 857(94699.00, 94699.00) 480 455 111 737 836(969.00, 33251.00) 0(0.00, 0.00)
route 168, node_num 7, cost 512.666000, nodes: 0(120000.00, 120000.00) 707 317 204 408 231 0(83381.00, 83381.00)
route 169, node_num 9, cost 2012.416000, nodes: 0(120000.00, 120000.00) 709 953(79839.00, 81854.00) 484 241 496 602 917(0.00, 21729.00) 0(0.00, 0.00)
route 170, node_num 8, cost 1881.068000, nodes: 0(120000.00, 120000.00) 892(87550.00, 101912.00) 620 407 596 327 766 0(0.00, 0.00)
route 171, node_num 7, cost 1968.204000, nodes: 0(120000.00, 120000.00) 584 731 504 432 836(12665.00, 33251.00) 0(0.00, 0.00)
route 172, node_num 7, cost 681.898000, nodes: 0(120000.00, 120000.00) 430 488 26 677 532 0(71293.00, 71293.00)
route 173, node_num 8, cost 1608.418000, nodes: 0(120000.00, 120000.00) 52 579 318 657 476 825(47203.00, 47203.00) 0(5113.00, 5113.00)
route 174, node_num 7, cost 1513.582000, nodes: 0(120000.00, 120000.00) 616 115 734 19 603 0(11887.00, 11887.00)
route 175, node_num 5, cost 342.454000, nodes: 0(120000.00, 120000.00) 585 717 364 0(95539.00, 95539.00)
route 176, node_num 5, cost 1457.358000, nodes: 0(120000.00, 120000.00) 775 270 28 0(15903.00, 15903.00)
route 177, node_num 7, cost 1180.676000, nodes: 0(120000.00, 120000.00) 773 139 127 758 306 0(35666.00, 35666.00)
vehicle (route) number: 178
Total cost: 275924.88
346251.54, 12623.28
328263.70, 12613.96
333219.45, 12600.15
315500.99, 12683.06
310013.31, 12601.44
319255.05, 12645.24
315220.60, 12604.93
301459.98, 12602.78
275924.88, 12600.94
287880.22, 12603.48
