Details of the solution:
route 0, node_num 14, cost 99.587855, nodes: 0(79.69, 79.69) 20 24 34 36 39 38 37 35 175(17.19, 37.09) 51 50 49 0(0.00, 0.00)
route 1, node_num 9, cost 78.184754, nodes: 0(79.69, 79.69) 21 22 29 32 33 31 52 0(1.51, 1.51)
route 2, node_num 12, cost 69.624398, nodes: 0(79.69, 79.69) 23 25 27 30 28 26 10 11 9 8 0(10.07, 10.07)
route 3, node_num 11, cost 55.127409, nodes: 0(79.69, 79.69) 41 40 42 44 45 48 46 47 43 0(24.56, 24.56)
route 4, node_num 12, cost 127.169584, nodes: 0(79.69, 79.69) 63 74 162(38.50, 55.27) 73 70 71 76 78 81 120(7.76, 38.47) 0(0.00, 0.00)
route 5, node_num 8, cost 47.788274, nodes: 0(79.69, 79.69) 67 65 62 64 68 69 0(31.90, 31.90)
route 6, node_num 13, cost 97.881519, nodes: 0(79.69, 79.69) 75 1 96 95 94 92 93 97 100 99 146(14.46, 32.65) 0(0.00, 0.00)
route 7, node_num 12, cost 76.844165, nodes: 0(79.69, 79.69) 90 87 86 82 83 84 85 88 89 91 0(2.85, 2.85)
route 8, node_num 9, cost 71.708597, nodes: 0(79.69, 79.69) 98 2 4 6 7 3 5 0(7.98, 7.98)
route 9, node_num 11, cost 101.297916, nodes: 0(79.69, 79.69) 169(48.64, 79.69) 12 14 16 19 18 17 15 13 0(9.44, 9.44)
route 10, node_num 12, cost 101.940506, nodes: 0(79.69, 79.69) 179(60.66, 79.69) 59 60 58 56 53 54 55 57 200(15.80, 19.03) 0(0.00, 0.00)
route 11, node_num 9, cost 116.226833, nodes: 0(79.69, 79.69) 183(41.22, 79.69) 79 77 80 72 61 66 0(1.93, 1.93)
vehicle (route) number: 12
Total cost: 13043.38
13043.53, 122.24
13043.38, 173.36
13043.38, 125.59
13043.45, 191.23
13043.38, 301.51
13043.53, 97.09
13043.38, 141.97
13043.38, 205.01
13043.38, 225.18
13043.45, 103.73
