Details of the solution:
route 0, node_num 11, cost 99.317589, nodes: 0(79.69, 79.69) 15 150(40.63, 68.23) 12 14 16 19 18 17 13 0(7.97, 7.97)
route 1, node_num 10, cost 77.984833, nodes: 0(79.69, 79.69) 20 24 29 33 32 52 47 43 0(1.71, 1.71)
route 2, node_num 12, cost 63.337156, nodes: 0(79.69, 79.69) 21 22 25 27 28 26 10 11 9 8 0(16.35, 16.35)
route 3, node_num 12, cost 97.680940, nodes: 0(79.69, 79.69) 23 30 34 36 39 38 37 35 31 198(1.11, 19.10) 0(0.00, 0.00)
route 4, node_num 12, cost 60.625456, nodes: 0(79.69, 79.69) 41 40 42 44 45 46 48 51 50 49 0(19.06, 19.06)
route 5, node_num 10, cost 118.931545, nodes: 0(79.69, 79.69) 63 74 141(38.50, 79.69) 77 80 72 61 66 0(1.94, 1.94)
route 6, node_num 8, cost 47.788274, nodes: 0(79.69, 79.69) 67 65 62 64 68 69 0(31.90, 31.90)
route 7, node_num 10, cost 47.785754, nodes: 0(79.69, 79.69) 75 1 2 4 6 7 3 5 0(31.90, 31.90)
route 8, node_num 12, cost 76.844165, nodes: 0(79.69, 79.69) 90 87 86 82 83 84 85 88 89 91 0(2.85, 2.85)
route 9, node_num 12, cost 96.051766, nodes: 0(79.69, 79.69) 98 96 95 94 92 93 97 100 99 167(16.29, 32.65) 0(0.00, 0.00)
route 10, node_num 11, cost 124.496237, nodes: 0(79.69, 79.69) 183(41.22, 79.69) 79 73 70 71 76 78 81 162(32.14, 38.47) 0(0.00, 0.00)
route 11, node_num 12, cost 101.940506, nodes: 0(79.69, 79.69) 200(60.66, 79.69) 59 60 58 56 53 54 55 57 116(15.80, 19.03) 0(0.00, 0.00)
vehicle (route) number: 12
Total cost: 13012.78
13015.18, 550.21
13017.35, 553.08
13016.38, 546.16
13017.16, 472.51
13015.90, 630.01
13014.42, 630.24
13019.73, 296.87
13014.66, 630.14
13012.82, 356.14
13012.78, 257.26
