Details of the solution:
route 0, node_num 13, cost 64.107897, nodes: 0(79.69, 79.69) 7 3 75 1 2 4 6 10 11 9 8 0(15.58, 15.58)
route 1, node_num 11, cost 99.317589, nodes: 0(79.69, 79.69) 15 150(40.63, 68.23) 12 14 16 19 18 17 13 0(7.97, 7.97)
route 2, node_num 11, cost 48.514272, nodes: 0(79.69, 79.69) 23 24 25 27 30 28 26 22 21 0(31.18, 31.18)
route 3, node_num 14, cost 117.569885, nodes: 0(79.69, 79.69) 29 34 36 39 33 38 37 35 196(4.48, 42.36) 31 32 20 0(0.00, 0.00)
route 4, node_num 10, cost 58.223246, nodes: 0(79.69, 79.69) 40 44 45 48 51 50 52 49 0(21.47, 21.47)
route 5, node_num 12, cost 113.331927, nodes: 0(79.69, 79.69) 59 60 58 56 53 180(17.98, 79.69) 54 55 57 64 0(28.07, 28.07)
route 6, node_num 11, cost 119.997025, nodes: 0(79.69, 79.69) 62 74 204(37.45, 79.69) 79 77 80 72 61 66 0(1.93, 1.93)
route 7, node_num 11, cost 61.788492, nodes: 0(79.69, 79.69) 67 65 69 68 41 42 46 47 43 0(17.90, 17.90)
route 8, node_num 12, cost 76.069565, nodes: 0(79.69, 79.69) 90 87 86 83 82 84 85 88 89 91 0(3.62, 3.62)
route 9, node_num 13, cost 97.639830, nodes: 0(79.69, 79.69) 98 96 95 94 92 93 97 100 99 188(16.29, 34.24) 5 0(0.00, 0.00)
route 10, node_num 11, cost 125.423650, nodes: 0(79.69, 79.69) 120(41.22, 79.69) 73 70 71 76 78 81 141(32.18, 39.44) 63 0(0.00, 0.00)
vehicle (route) number: 11
Total cost: 11981.98
12024.43, 630.02
12004.74, 630.94
11983.38, 630.20
13042.46, 434.64
12012.34, 630.89
12013.01, 624.17
12000.57, 630.00
13038.69, 630.01
11981.98, 630.05
11997.75, 630.47
