Details of the solution:
route 0, node_num 14, cost 101.335166, nodes: 0(79.69, 79.69) 11 190(48.64, 70.29) 12 14 16 15 19 18 17 13 23 21 0(-0.00, -0.00)
route 1, node_num 12, cost 87.142620, nodes: 0(79.69, 79.69) 20 22 25 27 33 35 31 52 177(14.59, 32.56) 49 0(10.52, 10.52)
route 2, node_num 14, cost 97.960295, nodes: 0(79.69, 79.69) 24 29 32 37 38 39 36 34 131(6.15, 24.42) 30 28 26 0(0.00, 0.00)
route 3, node_num 13, cost 65.566599, nodes: 0(79.69, 79.69) 47 46 50 51 48 45 44 42 43 40 41 0(14.12, 14.12)
route 4, node_num 13, cost 113.232954, nodes: 0(79.69, 79.69) 59 57 60 58 56 53 180(15.24, 64.95) 54 55 68 67 0(16.17, 16.17)
route 5, node_num 11, cost 64.808327, nodes: 0(79.69, 79.69) 63 74 62 66 69 64 72 61 65 0(14.88, 14.88)
route 6, node_num 11, cost 57.222722, nodes: 0(79.69, 79.69) 75 5 3 4 7 10 9 6 8 0(22.47, 22.47)
route 7, node_num 12, cost 76.069565, nodes: 0(79.69, 79.69) 90 87 86 83 82 84 85 88 89 91 0(3.62, 3.62)
route 8, node_num 14, cost 97.537277, nodes: 0(79.69, 79.69) 98 96 95 94 92 93 97 100 99 188(16.29, 34.14) 2 1 0(0.00, 0.00)
route 9, node_num 13, cost 136.132887, nodes: 0(79.69, 79.69) 183(41.22, 59.19) 79 77 73 70 71 76 78 81 80 204(-0.00, 38.47) 0(0.00, 0.00)
vehicle (route) number: 10
Total cost: 10897.01
11912.53, 630.09
11911.41, 630.19
11934.62, 630.06
11912.89, 631.58
11990.83, 630.01
11982.95, 630.51
12048.48, 631.62
12003.55, 518.52
10945.02, 630.06
10897.01, 631.67
