Details of the solution:
route 0, node_num 8, cost 76.626125, nodes: 0(79.69, 79.69) 20 24 32 33 31 52 0(3.06, 3.06)
route 1, node_num 13, cost 70.427988, nodes: 0(79.69, 79.69) 21 23 25 27 30 28 26 10 11 9 8 0(9.26, 9.26)
route 2, node_num 14, cost 100.279547, nodes: 0(79.69, 79.69) 22 29 34 36 39 38 37 35 175(16.50, 37.09) 51 50 49 0(0.00, 0.00)
route 3, node_num 11, cost 55.127409, nodes: 0(79.69, 79.69) 41 40 42 44 45 48 46 47 43 0(24.56, 24.56)
route 4, node_num 11, cost 118.942356, nodes: 0(79.69, 79.69) 63 74 141(38.50, 79.69) 79 77 80 72 61 66 0(1.93, 1.93)
route 5, node_num 13, cost 128.761786, nodes: 0(79.69, 79.69) 67 65 62 183(36.91, 47.51) 73 70 71 76 78 81 204(0.00, 38.47) 0(0.00, 0.00)
route 6, node_num 13, cost 109.421294, nodes: 0(79.69, 79.69) 75 1 12 14 16 19 18 17 15 192(6.17, 35.90) 13 0(0.00, 0.00)
route 7, node_num 12, cost 76.844165, nodes: 0(79.69, 79.69) 90 87 86 82 83 84 85 88 89 91 0(2.85, 2.85)
route 8, node_num 12, cost 96.051766, nodes: 0(79.69, 79.69) 98 96 95 94 92 93 97 100 99 146(16.29, 32.65) 0(0.00, 0.00)
route 9, node_num 12, cost 101.940506, nodes: 0(79.69, 79.69) 158(60.66, 79.69) 59 60 58 56 53 54 55 57 137(15.80, 19.03) 0(0.00, 0.00)
route 10, node_num 12, cost 98.056048, nodes: 0(79.69, 79.69) 179(60.66, 79.69) 64 68 69 2 4 6 7 3 5 0(0.66, 0.66)
vehicle (route) number: 11
Total cost: 12032.48
12061.66, 267.30
12044.09, 111.03
12034.78, 630.05
12039.97, 386.53
12032.48, 485.45
12053.38, 188.18
12060.14, 123.09
12040.84, 422.32
12036.33, 629.14
12054.61, 115.15
