Details of the solution:
route 0, node_num 7, cost 84.832293, nodes: 0(62.14, 62.14) 1 66 20 51 167(2.37, 25.06) 0(0.00, 0.00)
route 1, node_num 10, cost 110.233986, nodes: 0(62.14, 62.14) 3 68 55 4 204(0.62, 41.80) 25 24 144(19.16, 26.08) 0(0.00, 0.00)
route 2, node_num 10, cost 119.245721, nodes: 0(62.14, 62.14) 21 39 56 181(15.87, 62.14) 23 67 118(26.27, 37.11) 41 0(0.00, 0.00)
route 3, node_num 9, cost 83.017024, nodes: 0(62.14, 62.14) 31 190(37.40, 59.45) 32 90 63 10 88 0(1.18, 1.18)
route 4, node_num 8, cost 74.113373, nodes: 0(62.14, 62.14) 40 2 15 42 57 179(3.06, 15.03) 0(0.00, 0.00)
route 5, node_num 5, cost 52.190322, nodes: 0(62.14, 62.14) 54 80 12 0(9.95, 9.95)
route 6, node_num 9, cost 113.789904, nodes: 0(62.14, 62.14) 60 19 130(9.97, 10.20) 36 193(0.00, 62.14) 48 47 0(10.71, 10.71)
route 7, node_num 8, cost 105.784144, nodes: 0(62.14, 62.14) 62 150(34.64, 56.98) 11 64 49 151(16.90, 38.21) 0(0.00, 0.00)
route 8, node_num 8, cost 88.906127, nodes: 0(62.14, 62.14) 70 7 52 18 194(3.27, 47.93) 82 0(17.90, 17.90)
route 9, node_num 10, cost 88.789005, nodes: 0(62.14, 62.14) 81 34 78 29 102(3.23, 38.08) 77 76 28 0(8.20, 8.20)
route 10, node_num 7, cost 55.348639, nodes: 0(62.14, 62.14) 89 6 58 95 53 0(6.79, 6.79)
route 11, node_num 8, cost 55.774183, nodes: 0(62.14, 62.14) 96 100 59 93 99 94 0(6.37, 6.37)
route 12, node_num 8, cost 121.800434, nodes: 0(62.14, 62.14) 104(37.08, 62.14) 65 147(24.14, 62.14) 71 35 30 0(3.40, 3.40)
route 13, node_num 9, cost 85.611900, nodes: 0(62.14, 62.14) 125(37.08, 62.14) 33 9 79 50 69 27 0(1.59, 1.59)
route 14, node_num 9, cost 68.977311, nodes: 0(62.14, 62.14) 137(47.11, 62.14) 74 22 75 72 73 26 0(8.20, 8.20)
route 15, node_num 11, cost 107.202066, nodes: 0(62.14, 62.14) 173(44.11, 56.53) 8 46 17 84 153(4.52, 37.16) 45 83 5 0(-0.00, -0.00)
route 16, node_num 12, cost 71.831020, nodes: 0(62.14, 62.14) 198(47.27, 62.14) 61 16 91 85 98 92 97 87 13 0(5.18, 5.18)
route 17, node_num 10, cost 123.690895, nodes: 0(62.14, 62.14) 199(31.78, 53.20) 43 38 86 175(7.61, 62.14) 14 44 37 0(14.40, 14.40)
vehicle (route) number: 18
Total cost: 19611.14
19680.99, 223.29
22684.04, 31.14
19613.22, 304.52
19626.56, 356.58
20635.19, 353.48
19620.54, 445.01
19654.01, 368.77
19611.14, 303.02
19648.46, 250.07
19618.71, 225.73
