Details of the solution:
route 0, node_num 6, cost 82.780179, nodes: 0(62.14, 62.14) 1 66 20 167(4.42, 25.06) 0(0.00, 0.00)
route 1, node_num 8, cost 88.458390, nodes: 0(62.14, 62.14) 3 33 79 50 146(6.79, 43.01) 30 0(9.90, 9.90)
route 2, node_num 10, cost 93.408605, nodes: 0(62.14, 62.14) 5 61 154(30.34, 62.14) 16 86 14 44 37 0(0.53, 0.53)
route 3, node_num 4, cost 31.940425, nodes: 0(62.14, 62.14) 6 58 0(30.20, 30.20)
route 4, node_num 6, cost 54.163138, nodes: 0(62.14, 62.14) 7 52 69 27 0(7.98, 7.98)
route 5, node_num 10, cost 121.177476, nodes: 0(62.14, 62.14) 9 147(24.74, 61.40) 65 71 35 34 51 125(2.69, 25.06) 0(0.00, 0.00)
route 6, node_num 10, cost 92.995812, nodes: 0(62.14, 62.14) 18 8 46 36 172(9.36, 62.14) 47 48 82 0(21.93, 21.93)
route 7, node_num 12, cost 110.053893, nodes: 0(62.14, 62.14) 21 74 39 161(20.77, 51.63) 67 23 160(22.41, 53.65) 75 22 41 0(14.19, 14.19)
route 8, node_num 7, cost 49.941087, nodes: 0(62.14, 62.14) 28 68 80 77 76 0(12.20, 12.20)
route 9, node_num 9, cost 81.815605, nodes: 0(62.14, 62.14) 31 10 32 90 63 169(7.18, 26.85) 88 0(0.00, 0.00)
route 10, node_num 10, cost 81.416760, nodes: 0(62.14, 62.14) 53 40 56 118(28.33, 62.14) 72 73 57 2 0(14.53, 14.53)
route 11, node_num 8, cost 76.355498, nodes: 0(62.14, 62.14) 54 4 204(23.05, 37.26) 25 55 26 0(0.00, 0.00)
route 12, node_num 9, cost 112.855211, nodes: 0(62.14, 62.14) 62 150(34.64, 53.72) 19 11 64 49 151(6.56, 38.21) 0(0.00, 0.00)
route 13, node_num 10, cost 94.177308, nodes: 0(62.14, 62.14) 70 104(31.00, 36.85) 81 78 29 24 102(-0.00, 35.64) 12 0(9.46, 9.46)
route 14, node_num 9, cost 78.176276, nodes: 0(62.14, 62.14) 89 17 84 45 153(15.45, 31.49) 83 60 0(0.00, 0.00)
route 15, node_num 7, cost 39.472107, nodes: 0(62.14, 62.14) 96 59 92 95 94 0(22.67, 22.67)
route 16, node_num 9, cost 55.841193, nodes: 0(62.14, 62.14) 97 98 100 91 85 93 99 0(6.30, 6.30)
route 17, node_num 10, cost 112.755862, nodes: 0(62.14, 62.14) 199(31.78, 49.26) 43 38 178(5.88, 42.85) 15 42 87 13 0(3.83, 3.83)
vehicle (route) number: 18
Total cost: 19457.78
19472.37, 360.92
19498.64, 630.11
19458.70, 630.34
19461.04, 630.31
19474.44, 630.00
19528.64, 458.47
19467.42, 381.32
19473.24, 632.03
19457.78, 630.01
19458.37, 630.03
