Details of the solution:
route 0, node_num 9, cost 101.750443, nodes: 0(62.14, 62.14) 146(37.08, 62.14) 9 78 34 35 51 167(10.51, 25.06) 0(0.00, 0.00)
route 1, node_num 10, cost 78.513929, nodes: 0(62.14, 62.14) 3 68 80 102(26.70, 62.14) 29 77 76 12 0(19.07, 19.07)
route 2, node_num 10, cost 114.998269, nodes: 0(62.14, 62.14) 21 56 161(24.55, 48.55) 39 23 67 160(8.24, 37.11) 41 0(0.00, 0.00)
route 3, node_num 11, cost 113.878293, nodes: 0(62.14, 62.14) 31 62 11 19 36 172(2.22, 53.96) 49 47 82 0(0.00, 0.00)
route 4, node_num 12, cost 95.773228, nodes: 0(62.14, 62.14) 40 74 22 75 159(20.26, 62.14) 15 42 57 87 13 0(8.25, 8.25)
route 5, node_num 9, cost 95.473884, nodes: 0(62.14, 62.14) 54 55 4 204(15.24, 48.57) 25 24 28 0(-0.00, -0.00)
route 6, node_num 13, cost 74.559775, nodes: 0(62.14, 62.14) 60 61 16 91 85 100 98 93 99 114(2.45, 14.87) 94 0(0.00, 0.00)
route 7, node_num 10, cost 110.319935, nodes: 0(62.14, 62.14) 70 90 32 170(21.81, 45.25) 64 63 10 127(-0.00, 24.74) 0(0.00, 0.00)
route 8, node_num 9, cost 78.250281, nodes: 0(62.14, 62.14) 89 7 52 18 173(17.23, 33.34) 83 5 0(0.00, 0.00)
route 9, node_num 8, cost 49.982495, nodes: 0(62.14, 62.14) 96 6 59 92 97 95 0(12.16, 12.16)
route 10, node_num 10, cost 112.819328, nodes: 0(62.14, 62.14) 1 104(36.91, 43.02) 66 65 71 147(0.00, 44.57) 20 30 0(0.00, 0.00)
route 11, node_num 9, cost 70.852104, nodes: 0(62.14, 62.14) 137(47.11, 62.14) 2 58 72 73 26 53 0(6.32, 6.32)
route 12, node_num 10, cost 120.712909, nodes: 0(62.14, 62.14) 157(31.78, 49.26) 43 38 86 196(3.67, 62.14) 44 14 37 0(17.38, 17.38)
route 13, node_num 9, cost 74.353146, nodes: 0(62.14, 62.14) 188(37.08, 62.14) 33 81 79 50 69 27 0(12.85, 12.85)
route 14, node_num 11, cost 117.555259, nodes: 0(62.14, 62.14) 194(44.11, 57.36) 8 46 17 84 45 132(5.33, 47.50) 48 88 0(0.00, 0.00)
vehicle (route) number: 15
Total cost: 16409.79
16409.79, 630.04
17412.11, 630.26
17381.68, 630.22
17392.53, 630.28
18424.70, 130.35
17429.22, 389.99
16424.64, 527.78
17383.63, 630.00
17440.32, 170.39
17443.07, 630.20
