Details of the solution:
route 0, node_num 9, cost 105.809132, nodes: 0(62.60, 62.60) 1 167(37.37, 52.52) 66 65 71 147(9.50, 37.56) 51 0(0.00, 0.00)
route 1, node_num 9, cost 90.221910, nodes: 0(62.60, 62.60) 3 79 78 34 35 105(9.78, 37.40) 9 0(0.00, 0.00)
route 2, node_num 8, cost 71.053852, nodes: 0(62.60, 62.60) 7 48 47 82 194(9.59, 18.05) 18 0(-0.00, -0.00)
route 3, node_num 11, cost 80.722028, nodes: 0(62.60, 62.60) 28 68 102(35.76, 62.60) 24 29 80 77 76 12 0(8.72, 8.72)
route 4, node_num 10, cost 111.835088, nodes: 0(62.60, 62.60) 31 62 11 19 36 172(2.68, 53.68) 49 88 0(1.76, 1.76)
route 5, node_num 8, cost 89.029786, nodes: 0(62.60, 62.60) 33 81 50 188(14.38, 40.95) 20 30 0(0.14, 0.14)
route 6, node_num 12, cost 85.675908, nodes: 0(62.60, 62.60) 53 40 2 43 136(19.30, 62.60) 15 42 87 97 13 0(20.22, 20.22)
route 7, node_num 3, cost 18.110770, nodes: 0(62.60, 62.60) 58 0(44.49, 44.49)
route 8, node_num 10, cost 110.319935, nodes: 0(62.60, 62.60) 70 90 32 170(22.27, 45.25) 64 63 10 127(-0.00, 24.74) 0(0.00, 0.00)
route 9, node_num 13, cost 113.700454, nodes: 0(62.60, 62.60) 74 75 139(32.16, 39.55) 56 39 67 23 118(-0.00, 43.72) 22 41 57 0(-0.00, -0.00)
route 10, node_num 7, cost 50.302405, nodes: 0(62.60, 62.60) 89 6 52 69 27 0(12.30, 12.30)
route 11, node_num 12, cost 113.580500, nodes: 0(62.60, 62.60) 94 177(47.73, 54.87) 98 38 86 175(3.97, 61.79) 14 44 100 37 0(13.98, 13.98)
route 12, node_num 13, cost 69.877953, nodes: 0(62.60, 62.60) 96 93 61 16 196(27.86, 45.22) 91 85 59 99 92 95 0(10.08, 10.08)
route 13, node_num 12, cost 108.605387, nodes: 0(62.60, 62.60) 173(44.57, 57.82) 8 46 17 84 45 153(5.79, 38.55) 83 60 5 0(0.00, 0.00)
route 14, node_num 11, cost 91.335635, nodes: 0(62.60, 62.60) 204(32.19, 61.03) 25 55 54 4 72 73 21 26 0(0.11, 0.11)
vehicle (route) number: 15
Total cost: 16310.18
17337.67, 236.12
16372.91, 222.15
16310.18, 630.02
17357.87, 630.00
16379.74, 583.34
16320.01, 630.09
17358.84, 630.29
17319.42, 630.07
16359.17, 630.05
17355.51, 394.83
