Details of the solution:
route 0, node_num 12, cost 103.318748, nodes: 0(66.28, 66.28) 1 50 33 79 78 34 105(7.79, 44.83) 71 9 81 0(0.00, 0.00)
route 1, node_num 11, cost 75.823106, nodes: 0(66.28, 66.28) 6 96 61 16 86 196(19.42, 28.97) 98 97 95 0(-0.00, -0.00)
route 2, node_num 12, cost 121.316058, nodes: 0(66.28, 66.28) 62 150(38.78, 63.74) 11 19 49 64 63 169(0.00, 30.08) 88 31 0(0.00, 0.00)
route 3, node_num 5, cost 34.364148, nodes: 0(66.28, 66.28) 52 69 27 0(31.92, 31.92)
route 4, node_num 9, cost 117.561838, nodes: 0(66.28, 66.28) 20 168(22.66, 48.88) 35 65 66 51 167(0.00, 25.06) 0(0.00, 0.00)
route 5, node_num 11, cost 82.008110, nodes: 0(66.28, 66.28) 26 55 25 204(29.02, 66.28) 4 72 74 73 58 0(21.53, 21.53)
route 6, node_num 10, cost 100.701903, nodes: 0(66.28, 66.28) 18 8 48 47 172(19.04, 66.28) 36 46 82 0(12.82, 12.82)
route 7, node_num 13, cost 90.175923, nodes: 0(66.28, 66.28) 135(51.41, 66.28) 59 93 85 91 14 38 44 100 37 198(5.84, 14.87) 0(-0.00, -0.00)
route 8, node_num 12, cost 109.621065, nodes: 0(66.28, 66.28) 21 56 39 67 23 160(1.64, 44.98) 75 22 41 57 0(-0.00, -0.00)
route 9, node_num 12, cost 77.951614, nodes: 0(66.28, 66.28) 60 83 45 17 84 5 99 92 177(3.20, 14.87) 94 0(0.00, 0.00)
route 10, node_num 13, cost 90.332080, nodes: 0(66.28, 66.28) 28 68 80 54 24 102(20.29, 44.34) 29 3 77 76 12 0(0.00, 0.00)
route 11, node_num 11, cost 76.707005, nodes: 0(66.28, 66.28) 53 40 2 15 136(28.54, 38.97) 43 42 87 13 0(0.00, 0.00)
route 12, node_num 10, cost 87.231487, nodes: 0(66.28, 66.28) 89 7 190(28.40, 49.35) 10 90 32 30 70 0(0.00, 0.00)
vehicle (route) number: 13
Total cost: 14167.11
15210.70, 631.14
16221.82, 630.06
15241.99, 631.09
15220.43, 630.16
15209.27, 631.51
15247.35, 630.02
14199.47, 631.50
14167.11, 496.78
14229.78, 630.03
15261.18, 630.10
