Details of the solution:
route 0, node_num 10, cost 92.684296, nodes: 0(65.17, 65.17) 1 70 20 66 125(4.77, 32.28) 50 69 27 0(-0.00, -0.00)
route 1, node_num 10, cost 87.385034, nodes: 0(65.17, 65.17) 3 79 78 34 29 24 102(3.97, 26.18) 12 0(0.00, 0.00)
route 2, node_num 9, cost 53.906211, nodes: 0(65.17, 65.17) 6 59 92 100 85 93 99 0(11.26, 11.26)
route 3, node_num 11, cost 86.905544, nodes: 0(65.17, 65.17) 21 56 23 160(22.15, 54.25) 75 41 72 73 53 0(0.00, 0.00)
route 4, node_num 11, cost 114.077342, nodes: 0(65.17, 65.17) 31 62 150(36.49, 62.97) 49 64 11 19 192(4.03, 26.45) 88 0(0.00, 0.00)
route 5, node_num 12, cost 119.941764, nodes: 0(65.17, 65.17) 33 81 147(26.40, 63.88) 65 35 71 168(29.13, 46.42) 9 51 30 0(0.00, 0.00)
route 6, node_num 12, cost 95.105922, nodes: 0(65.17, 65.17) 40 74 22 58 179(12.73, 42.66) 2 57 42 87 13 0(0.00, 0.00)
route 7, node_num 9, cost 86.854410, nodes: 0(65.17, 65.17) 52 7 63 90 32 10 127(3.05, 24.74) 0(0.00, 0.00)
route 8, node_num 8, cost 57.747408, nodes: 0(65.17, 65.17) 54 80 68 77 76 28 0(7.42, 7.42)
route 9, node_num 8, cost 64.767698, nodes: 0(65.17, 65.17) 89 60 84 17 83 18 0(0.40, 0.40)
route 10, node_num 9, cost 98.161889, nodes: 0(65.17, 65.17) 140(31.75, 65.17) 39 67 25 55 4 26 0(0.43, 0.43)
route 11, node_num 12, cost 119.056112, nodes: 0(65.17, 65.17) 177(50.30, 65.17) 96 61 16 38 14 44 196(8.07, 47.09) 86 5 0(-0.00, -0.00)
route 12, node_num 11, cost 97.901338, nodes: 0(65.17, 65.17) 194(47.14, 65.17) 8 45 132(49.11, 63.81) 46 36 47 48 82 0(0.00, 0.00)
route 13, node_num 11, cost 91.594729, nodes: 0(65.17, 65.17) 199(34.81, 65.17) 43 15 91 98 37 97 95 94 0(3.94, 3.94)
vehicle (route) number: 14
Total cost: 15266.09
15274.30, 630.12
16291.62, 630.07
16266.47, 585.59
16290.32, 630.01
15266.66, 630.58
15267.31, 630.41
15269.27, 486.03
15266.09, 631.23
16271.32, 630.04
15269.03, 630.07
