Details of the solution:
route 0, node_num 11, cost 92.510464, nodes: 0(67.12, 67.12) 1 70 32 90 63 190(11.53, 36.92) 10 30 69 0(0.00, 0.00)
route 1, node_num 7, cost 65.739103, nodes: 0(67.12, 67.12) 4 54 80 68 28 0(1.38, 1.38)
route 2, node_num 12, cost 100.265310, nodes: 0(67.12, 67.12) 6 177(50.84, 67.12) 98 37 100 14 38 86 44 112(8.94, 25.81) 0(0.00, 0.00)
route 3, node_num 10, cost 64.877877, nodes: 0(67.12, 67.12) 21 72 74 22 41 73 58 53 0(2.24, 2.24)
route 4, node_num 10, cost 89.673768, nodes: 0(67.12, 67.12) 33 81 78 34 29 24 102(3.63, 26.18) 12 0(0.00, 0.00)
route 5, node_num 12, cost 104.672637, nodes: 0(67.12, 67.12) 40 75 56 23 67 39 140(3.76, 41.31) 25 55 26 0(0.00, 0.00)
route 6, node_num 7, cost 53.229998, nodes: 0(67.12, 67.12) 50 79 3 77 76 0(13.89, 13.89)
route 7, node_num 11, cost 102.361394, nodes: 0(67.12, 67.12) 52 7 62 150(34.96, 40.53) 64 11 192(-0.00, 29.68) 88 31 0(-0.00, -0.00)
route 8, node_num 12, cost 87.834188, nodes: 0(67.12, 67.12) 89 60 5 84 17 45 83 18 194(9.32, 30.03) 82 0(0.00, 0.00)
route 9, node_num 15, cost 70.248411, nodes: 0(67.12, 67.12) 96 61 16 133(32.94, 48.17) 91 85 93 99 59 92 97 95 94 0(12.10, 12.10)
route 10, node_num 10, cost 81.202621, nodes: 0(67.12, 67.12) 137(52.09, 67.12) 2 15 43 42 57 87 13 0(0.95, 0.95)
route 11, node_num 11, cost 112.933655, nodes: 0(67.12, 67.12) 173(49.09, 67.12) 8 46 36 49 172(21.42, 49.21) 47 19 48 0(-0.00, -0.00)
route 12, node_num 12, cost 117.114909, nodes: 0(67.12, 67.12) 188(42.06, 60.72) 20 66 65 35 71 168(8.18, 39.51) 9 51 27 0(0.00, 0.00)
vehicle (route) number: 13
Total cost: 14142.66
14142.66, 632.61
15205.03, 631.77
14183.06, 631.55
14163.50, 630.34
14158.69, 633.05
15168.16, 630.16
14158.15, 630.12
14159.74, 632.08
14150.93, 630.27
14168.56, 630.06
