Details of the solution:
route 0, node_num 11, cost 116.065247, nodes: 0(65.80, 65.80) 1 188(40.57, 65.80) 20 66 65 71 35 9 104(0.03, 25.06) 0(0.00, 0.00)
route 1, node_num 12, cost 92.071521, nodes: 0(65.80, 65.80) 3 79 78 34 81 33 51 167(6.85, 33.12) 30 69 0(-0.00, -0.00)
route 2, node_num 10, cost 80.973938, nodes: 0(65.80, 65.80) 27 70 32 90 63 10 127(11.68, 26.85) 88 0(0.00, 0.00)
route 3, node_num 12, cost 115.040138, nodes: 0(65.80, 65.80) 31 62 150(37.12, 65.80) 11 64 49 36 172(18.75, 39.31) 47 48 0(0.00, 0.00)
route 4, node_num 13, cost 79.563940, nodes: 0(65.80, 65.80) 40 21 74 22 75 139(30.96, 44.72) 56 4 72 73 53 0(0.00, 0.00)
route 5, node_num 6, cost 47.678203, nodes: 0(65.80, 65.80) 50 76 12 26 0(18.12, 18.12)
route 6, node_num 8, cost 76.225675, nodes: 0(65.80, 65.80) 52 7 19 173(14.17, 24.60) 18 6 0(0.00, 0.00)
route 7, node_num 10, cost 111.395730, nodes: 0(65.80, 65.80) 54 55 25 39 161(19.24, 64.83) 67 23 41 0(0.00, 0.00)
route 8, node_num 11, cost 75.234242, nodes: 0(65.80, 65.80) 58 179(50.42, 59.85) 2 57 15 43 42 95 94 0(-0.00, -0.00)
route 9, node_num 9, cost 70.707086, nodes: 0(65.80, 65.80) 68 80 102(37.42, 65.80) 24 29 77 28 0(23.47, 23.47)
route 10, node_num 13, cost 112.909124, nodes: 0(65.80, 65.80) 85 16 196(32.45, 65.02) 91 44 14 38 86 61 5 135(0.33, 14.87) 0(0.00, 0.00)
route 11, node_num 12, cost 103.125592, nodes: 0(65.80, 65.80) 89 60 84 17 83 8 45 132(8.52, 45.85) 46 82 0(0.00, 0.00)
route 12, node_num 14, cost 67.870820, nodes: 0(65.80, 65.80) 96 177(47.71, 65.80) 92 98 37 100 93 99 59 97 87 13 0(16.02, 16.02)
vehicle (route) number: 13
Total cost: 14148.86
14161.34, 631.87
15170.99, 630.09
14148.86, 632.32
15173.14, 630.06
15203.70, 630.37
15181.43, 632.32
15204.28, 630.60
15180.23, 630.05
14181.43, 630.20
14168.48, 630.99
