Details of the solution:
route 0, node_num 7, cost 71.663916, nodes: 0(79.69, 79.69) 12 11 10 82 90 0(8.03, 8.03)
route 1, node_num 11, cost 114.614052, nodes: 0(79.69, 79.69) 53 14 47 13 15 16 17 153(6.56, 41.49) 60 0(0.00, 0.00)
route 2, node_num 7, cost 68.147176, nodes: 0(79.69, 79.69) 55 100 70 68 91 0(11.54, 11.54)
route 3, node_num 10, cost 130.451845, nodes: 0(79.69, 79.69) 57 136(40.60, 79.16) 77 58 75 74 86 156(6.91, 19.10) 0(0.00, 0.00)
route 4, node_num 11, cost 125.020105, nodes: 0(79.69, 79.69) 62 162(41.05, 79.69) 32 28 26 27 29 120(32.26, 38.95) 50 0(0.00, 0.00)
route 5, node_num 10, cost 106.041910, nodes: 0(79.69, 79.69) 65 99 52 87 59 97 175(12.19, 38.54) 9 0(0.00, 0.00)
route 6, node_num 13, cost 115.411564, nodes: 0(79.69, 79.69) 66 116(60.33, 79.69) 49 19 18 23 25 21 48 180(28.58, 44.94) 51 0(0.00, 0.00)
route 7, node_num 9, cost 90.807344, nodes: 0(79.69, 79.69) 69 78 73 79 131(15.35, 26.47) 88 98 0(0.00, 0.00)
route 8, node_num 10, cost 90.462378, nodes: 0(79.69, 79.69) 80 95 64 20 22 24 83 200(8.25, 19.03) 0(-0.00, -0.00)
route 9, node_num 8, cost 111.973258, nodes: 0(79.69, 79.69) 84 139(40.51, 72.79) 76 89 56 92 0(0.00, 0.00)
route 10, node_num 11, cost 122.087059, nodes: 0(79.69, 79.69) 85 63 119(32.07, 74.47) 33 30 31 34 67 94 0(0.00, 0.00)
route 11, node_num 11, cost 107.706220, nodes: 0(79.69, 79.69) 93 71 38 37 36 35 40 188(5.00, 33.02) 61 0(0.00, 0.00)
route 12, node_num 13, cost 111.954585, nodes: 0(79.69, 79.69) 129(45.21, 77.47) 45 4 2 6 7 8 46 3 5 1 0(0.00, 0.00)
route 13, node_num 12, cost 96.972906, nodes: 0(79.69, 79.69) 146(47.04, 79.69) 42 44 43 39 41 72 54 96 81 0(15.37, 15.37)
vehicle (route) number: 14
Total cost: 15463.31
15539.71, 630.27
16486.53, 415.88
16470.99, 630.07
16447.04, 630.08
15463.31, 601.43
16461.85, 414.06
16481.57, 617.87
16515.07, 135.36
16484.05, 313.62
15478.20, 542.15
