Details of the solution:
route 0, node_num 8, cost 94.162323, nodes: 0(79.69, 79.69) 52 87 196(33.30, 51.54) 9 10 12 0(3.76, 3.76)
route 1, node_num 14, cost 109.786502, nodes: 0(79.69, 79.69) 55 171(44.36, 74.45) 45 4 2 6 7 8 46 5 3 1 0(0.00, 0.00)
route 2, node_num 7, cost 85.272337, nodes: 0(79.69, 79.69) 64 158(52.99, 79.69) 83 74 86 0(21.12, 21.12)
route 3, node_num 10, cost 114.547541, nodes: 0(79.69, 79.69) 65 57 136(40.53, 75.39) 77 25 23 21 48 0(0.00, 0.00)
route 4, node_num 11, cost 103.128912, nodes: 0(79.69, 79.69) 66 180(39.73, 79.69) 18 19 49 24 22 20 56 0(16.53, 16.53)
route 5, node_num 12, cost 117.573770, nodes: 0(79.69, 79.69) 69 53 13 11 14 47 15 16 155(11.03, 48.91) 17 0(0.00, 0.00)
route 6, node_num 11, cost 113.519188, nodes: 0(79.69, 79.69) 80 95 84 85 63 76 89 118(4.71, 38.54) 51 0(0.00, 0.00)
route 7, node_num 5, cost 53.740523, nodes: 0(79.69, 79.69) 88 70 68 0(25.95, 25.95)
route 8, node_num 10, cost 108.783229, nodes: 0(79.69, 79.69) 91 62 162(40.70, 69.79) 31 29 34 67 94 0(0.00, 0.00)
route 9, node_num 10, cost 100.533235, nodes: 0(79.69, 79.69) 93 71 72 41 167(27.22, 65.69) 54 81 96 0(17.63, 17.63)
route 10, node_num 5, cost 43.593513, nodes: 0(79.69, 79.69) 99 82 90 0(36.10, 36.10)
route 11, node_num 9, cost 96.220695, nodes: 0(79.69, 79.69) 100 79 73 78 60 194(7.61, 24.14) 98 0(0.00, 0.00)
route 12, node_num 8, cost 126.675829, nodes: 0(79.69, 79.69) 135(60.59, 79.69) 59 58 75 97 154(5.13, 33.02) 0(0.00, 0.00)
route 13, node_num 13, cost 101.812440, nodes: 0(79.69, 79.69) 146(47.04, 79.57) 42 44 39 38 37 36 35 40 43 61 0(0.00, 0.00)
route 14, node_num 12, cost 130.912955, nodes: 0(79.69, 79.69) 183(41.22, 79.69) 32 27 26 28 30 33 120(26.23, 38.99) 50 92 0(0.00, 0.00)
vehicle (route) number: 15
Total cost: 16500.26
16547.20, 613.50
16560.73, 556.15
16563.66, 630.33
17570.99, 480.12
16557.17, 198.71
16500.26, 630.00
16511.03, 630.42
17563.14, 506.01
17573.82, 156.41
16524.17, 630.29
