Details of the solution:
route 0, node_num 11, cost 116.680926, nodes: 0(79.69, 79.69) 199(40.79, 79.69) 77 25 23 21 48 18 19 49 0(1.91, 1.91)
route 1, node_num 11, cost 126.174810, nodes: 0(79.69, 79.69) 60 79 131(25.10, 71.59) 88 7 8 46 6 55 0(0.00, 0.00)
route 2, node_num 13, cost 129.766860, nodes: 0(79.69, 79.69) 162(41.22, 52.83) 33 32 30 28 26 27 29 31 34 183(0.00, 38.47) 0(0.00, 0.00)
route 3, node_num 11, cost 113.705216, nodes: 0(79.69, 79.69) 65 64 51 118(35.23, 69.24) 76 89 63 85 84 0(-0.00, -0.00)
route 4, node_num 13, cost 109.940823, nodes: 0(79.69, 79.69) 146(47.04, 77.29) 43 40 36 35 37 38 72 71 93 96 0(-0.00, -0.00)
route 5, node_num 13, cost 103.660979, nodes: 0(79.69, 79.69) 69 98 78 73 174(35.70, 59.67) 47 17 16 15 11 10 0(0.00, 0.00)
route 6, node_num 10, cost 83.349087, nodes: 0(79.69, 79.69) 81 54 104(42.32, 57.15) 42 44 39 41 61 0(11.17, 11.17)
route 7, node_num 12, cost 133.509797, nodes: 0(79.69, 79.69) 198(60.59, 75.51) 99 86 74 87 59 97 75 58 157(0.00, 38.90) 0(0.00, 0.00)
route 8, node_num 12, cost 97.935193, nodes: 0(79.69, 79.69) 66 179(60.33, 78.57) 83 52 57 24 22 20 56 91 0(0.00, 0.00)
route 9, node_num 9, cost 74.721557, nodes: 0(79.69, 79.69) 80 92 95 62 50 67 94 0(4.97, 4.97)
route 10, node_num 12, cost 86.961853, nodes: 0(79.69, 79.69) 100 2 4 45 5 3 1 190(24.43, 31.70) 70 68 0(0.00, 0.00)
route 11, node_num 10, cost 89.477418, nodes: 0(79.69, 79.69) 82 177(58.84, 79.69) 9 13 14 12 53 90 0(11.06, 11.06)
vehicle (route) number: 12
Total cost: 13265.88
14326.46, 630.81
13275.08, 630.16
14310.78, 630.03
14297.40, 630.02
14306.56, 631.14
14329.28, 630.31
13265.88, 387.66
14344.61, 622.98
14283.64, 631.03
14303.50, 630.01
