Details of the solution:
route 0, node_num 7, cost 91.107600, nodes: 0(79.69, 79.69) 110(56.28, 79.69) 79 2 70 68 0(11.99, 11.99)
route 1, node_num 8, cost 130.278691, nodes: 0(79.69, 79.69) 57 59 87 175(20.61, 79.69) 9 97 0(8.50, 8.50)
route 2, node_num 11, cost 128.942536, nodes: 0(79.69, 79.69) 62 120(41.05, 79.69) 32 33 26 28 30 183(28.83, 39.44) 67 0(0.00, 0.00)
route 3, node_num 10, cost 88.246536, nodes: 0(79.69, 79.69) 65 135(59.02, 79.69) 99 52 24 22 20 90 0(12.11, 12.11)
route 4, node_num 12, cost 111.055076, nodes: 0(79.69, 79.69) 66 179(60.33, 79.69) 19 49 18 23 25 21 48 116(7.02, 19.03) 0(0.00, 0.00)
route 5, node_num 10, cost 98.967290, nodes: 0(79.69, 79.69) 69 53 14 47 78 73 60 194(4.13, 23.41) 0(0.00, 0.00)
route 6, node_num 9, cost 98.684086, nodes: 0(79.69, 79.69) 55 88 171(37.20, 56.19) 3 5 1 61 0(-0.00, -0.00)
route 7, node_num 9, cost 118.161679, nodes: 0(79.69, 79.69) 80 204(41.19, 79.69) 31 29 27 34 50 0(0.03, 0.03)
route 8, node_num 8, cost 73.321335, nodes: 0(79.69, 79.69) 91 84 56 92 94 96 0(6.37, 6.37)
route 9, node_num 9, cost 89.839552, nodes: 0(79.69, 79.69) 93 71 72 41 167(27.22, 50.43) 54 81 0(13.06, 13.06)
route 10, node_num 8, cost 80.554716, nodes: 0(79.69, 79.69) 95 64 158(39.95, 68.58) 83 82 98 0(27.76, 27.76)
route 11, node_num 10, cost 95.087037, nodes: 0(79.69, 79.69) 100 192(45.19, 79.69) 4 45 8 7 6 46 0(19.10, 19.10)
route 12, node_num 9, cost 126.281161, nodes: 0(79.69, 79.69) 139(41.61, 75.33) 76 85 63 89 118(25.67, 38.54) 51 0(0.00, 0.00)
route 13, node_num 13, cost 119.832644, nodes: 0(79.69, 79.69) 146(47.04, 65.22) 42 44 36 37 38 39 43 40 35 188(10.69, 32.65) 0(0.00, 0.00)
route 14, node_num 10, cost 138.157730, nodes: 0(79.69, 79.69) 177(60.59, 79.69) 75 58 77 178(8.42, 28.68) 74 86 156(0.00, 19.10) 0(0.00, 0.00)
route 15, node_num 10, cost 110.297075, nodes: 0(79.69, 79.69) 196(46.67, 79.69) 13 11 10 12 15 16 17 0(2.41, 2.41)
vehicle (route) number: 16
Total cost: 17698.81
18722.44, 333.02
18747.93, 531.39
18723.80, 401.13
18735.02, 263.95
18796.00, 227.89
17721.71, 394.42
18724.81, 75.84
18754.28, 326.19
18748.87, 139.69
17698.81, 538.47
