Details of the solution:
route 0, node_num 13, cost 103.621871, nodes: 0(79.69, 79.69) 55 100 2 6 7 79 73 78 60 194(0.21, 24.14) 98 0(0.00, 0.00)
route 1, node_num 13, cost 119.435710, nodes: 0(79.69, 79.69) 57 136(40.60, 61.32) 77 25 23 21 48 18 19 83 200(0.00, 19.03) 0(0.00, 0.00)
route 2, node_num 14, cost 96.418150, nodes: 0(79.69, 79.69) 61 167(46.67, 63.40) 42 44 43 40 36 35 37 38 39 41 0(-0.00, -0.00)
route 3, node_num 14, cost 126.691954, nodes: 0(79.69, 79.69) 65 177(59.02, 59.02) 99 133(43.42, 77.75) 87 59 97 75 58 74 86 198(6.43, 19.10) 0(0.00, 0.00)
route 4, node_num 11, cost 91.032483, nodes: 0(79.69, 79.69) 66 64 20 49 22 24 52 135(7.77, 19.11) 90 0(-0.00, -0.00)
route 5, node_num 12, cost 96.038481, nodes: 0(79.69, 79.69) 68 70 192(43.12, 59.46) 4 46 8 45 5 3 1 0(0.00, 0.00)
route 6, node_num 8, cost 72.427384, nodes: 0(79.69, 79.69) 69 53 12 11 10 82 0(7.26, 7.26)
route 7, node_num 9, cost 77.947501, nodes: 0(79.69, 79.69) 80 92 62 50 67 94 96 0(1.74, 1.74)
route 8, node_num 11, cost 101.756373, nodes: 0(79.69, 79.69) 88 14 47 17 16 15 13 9 196(10.95, 33.02) 0(0.00, 0.00)
route 9, node_num 12, cost 109.767415, nodes: 0(79.69, 79.69) 91 95 84 85 63 89 76 118(8.76, 38.84) 51 56 0(0.00, 0.00)
route 10, node_num 7, cost 64.093193, nodes: 0(79.69, 79.69) 93 71 72 54 81 0(15.60, 15.60)
route 11, node_num 13, cost 129.766860, nodes: 0(79.69, 79.69) 183(41.22, 79.69) 34 31 29 27 26 28 30 32 33 204(26.86, 38.47) 0(0.00, 0.00)
vehicle (route) number: 12
Total cost: 13189.00
14295.97, 632.52
13193.76, 631.65
13227.81, 631.37
14285.74, 517.95
13189.00, 630.82
13232.64, 632.46
13220.66, 631.43
13230.39, 630.18
13223.01, 631.32
13264.17, 630.90
