Details of the solution:
route 0, node_num 11, cost 100.615775, nodes: 0(79.69, 79.69) 55 100 2 6 7 79 73 60 152(2.48, 23.41) 0(0.00, 0.00)
route 1, node_num 11, cost 95.389734, nodes: 0(79.69, 79.69) 70 192(43.76, 59.46) 4 46 8 45 5 3 1 0(0.00, 0.00)
route 2, node_num 12, cost 118.742332, nodes: 0(79.69, 79.69) 57 136(40.60, 60.62) 77 25 23 21 18 48 20 158(0.00, 19.03) 0(0.00, 0.00)
route 3, node_num 7, cost 72.886413, nodes: 0(79.69, 79.69) 65 52 74 86 90 0(6.80, 6.80)
route 4, node_num 10, cost 85.791632, nodes: 0(79.69, 79.69) 66 64 49 19 22 24 83 200(12.92, 19.03) 0(0.00, 0.00)
route 5, node_num 6, cost 61.337336, nodes: 0(79.69, 79.69) 68 72 54 81 0(18.35, 18.35)
route 6, node_num 12, cost 96.325006, nodes: 0(79.69, 79.69) 69 88 53 12 14 47 17 78 173(7.51, 24.14) 98 0(0.00, 0.00)
route 7, node_num 13, cost 114.607584, nodes: 0(79.69, 79.69) 80 91 84 85 63 89 76 118(9.20, 44.12) 51 56 92 0(0.00, 0.00)
route 8, node_num 11, cost 123.124216, nodes: 0(79.69, 79.69) 93 71 32 33 141(1.87, 45.30) 50 67 94 96 0(-0.00, -0.00)
route 9, node_num 13, cost 125.336564, nodes: 0(79.69, 79.69) 95 62 162(40.37, 76.93) 34 31 29 27 26 28 30 183(29.38, 38.47) 0(0.00, 0.00)
route 10, node_num 10, cost 127.607224, nodes: 0(79.69, 79.69) 135(60.59, 79.69) 99 87 59 58 75 97 133(4.20, 33.02) 0(0.00, 0.00)
route 11, node_num 14, cost 104.060856, nodes: 0(79.69, 79.69) 146(47.04, 71.41) 42 44 43 38 37 35 36 40 39 41 61 0(0.00, 0.00)
route 12, node_num 10, cost 91.007979, nodes: 0(79.69, 79.69) 198(60.59, 79.69) 10 11 15 16 13 9 82 0(7.79, 7.79)
vehicle (route) number: 13
Total cost: 14316.83
15357.97, 483.00
14331.62, 630.90
14319.47, 630.01
14335.39, 631.82
14318.17, 630.10
14321.40, 631.48
14316.83, 630.00
14390.44, 561.05
14356.10, 630.10
15331.66, 630.06
