Details of the solution:
route 0, node_num 13, cost 120.931379, nodes: 0(79.69, 79.69) 69 194(56.15, 78.29) 60 79 78 73 12 14 11 10 198(-0.00, 19.10) 0(0.00, 0.00)
route 1, node_num 12, cost 116.874974, nodes: 0(79.69, 79.69) 57 136(40.60, 79.69) 77 25 23 21 48 18 19 49 0(1.91, 1.91)
route 2, node_num 13, cost 102.129078, nodes: 0(79.69, 79.69) 65 99 52 154(41.07, 64.05) 9 13 15 16 17 47 53 0(0.54, 0.54)
route 3, node_num 8, cost 75.664325, nodes: 0(79.69, 79.69) 66 64 20 22 24 83 0(4.03, 4.03)
route 4, node_num 6, cost 61.315479, nodes: 0(79.69, 79.69) 68 81 92 56 0(18.37, 18.37)
route 5, node_num 7, cost 50.859602, nodes: 0(79.69, 79.69) 55 88 98 82 90 0(28.83, 28.83)
route 6, node_num 13, cost 115.693425, nodes: 0(79.69, 79.69) 42 44 37 36 35 38 39 125(14.98, 51.87) 40 43 61 0(0.89, 0.89)
route 7, node_num 8, cost 107.443497, nodes: 0(79.69, 79.69) 91 84 63 89 118(10.79, 38.54) 51 0(0.00, 0.00)
route 8, node_num 11, cost 95.225057, nodes: 0(79.69, 79.69) 80 94 93 71 72 41 167(24.99, 48.20) 54 96 0(7.67, 7.67)
route 9, node_num 13, cost 124.227515, nodes: 0(79.69, 79.69) 95 62 183(40.37, 62.63) 33 26 28 30 32 162(17.26, 39.53) 50 67 0(0.00, 0.00)
route 10, node_num 15, cost 105.104435, nodes: 0(79.69, 79.69) 100 2 192(43.31, 79.69) 4 6 7 8 46 45 5 3 1 70 0(10.96, 10.96)
route 11, node_num 11, cost 123.438459, nodes: 0(79.69, 79.69) 112(46.67, 79.69) 87 59 97 75 58 74 86 114(8.37, 19.10) 0(0.00, 0.00)
route 12, node_num 10, cost 147.202835, nodes: 0(79.69, 79.69) 139(41.61, 72.72) 76 85 141(42.01, 78.41) 34 31 29 27 0(0.00, 0.00)
vehicle (route) number: 13
Total cost: 14346.11
15400.46, 631.22
16443.56, 630.80
14358.06, 630.32
15456.00, 630.34
15470.42, 613.13
14346.11, 630.01
15410.04, 631.04
16423.78, 630.98
15420.83, 631.37
15376.84, 630.09
